212
242
2 179 1 
3 0 113 136 
13 106 120 148 163 164 173 182 194 21 3 45 56 68 
1 2 
10 111 121 122 22 44 5 65 66 67 68 
1 4 
2 20 7 
4 6 113 18 70 
5 9 10 115 116 187 
1 8 
3 8 114 13 
1 12 
5 11 60 64 71 73 
21 10 100 105 140 14 15 16 17 189 19 20 42 44 52 56 61 76 83 87 88 98 
2 13 18 
3 13 18 36 
1 13 
4 13 18 36 70 
10 7 14 15 17 100 105 19 20 44 83 
8 13 18 186 36 43 59 60 85 
5 6 13 18 36 43 
1 2 
4 4 178 31 64 
3 143 188 24 
1 23 
13 107 108 130 197 198 200 201 26 37 38 57 58 98 
2 25 136 
1 28 
1 27 
5 129 159 181 30 35 
1 29 
12 22 109 110 111 133 134 135 166 167 168 171 32 
1 31 
12 103 104 126 127 139 145 158 203 34 47 78 79 
1 33 
1 29 
9 15 17 19 20 99 105 142 44 49 
2 25 84 
2 25 84 
4 146 147 40 41 
1 39 
1 39 
2 13 43 
8 19 20 42 189 199 44 83 98 
6 4 13 18 36 43 50 
1 2 
9 105 126 149 152 158 162 183 47 48 
2 33 46 
1 46 
1 36 
4 44 165 193 51 
1 50 
1 13 
2 54 75 
1 53 
1 112 
2 2 13 
1 25 
1 25 
2 19 195 
9 12 19 110 128 174 176 202 61 73 
2 13 60 
2 177 63 
1 62 
6 12 22 175 188 69 77 
1 4 
1 4 
1 4 
2 2 4 
1 64 
4 7 17 145 183 
3 12 72 74 
1 71 
2 12 60 
1 71 
1 53 
1 13 
1 64 
1 33 
1 33 
5 138 141 81 82 91 
2 80 119 
1 80 
4 13 18 43 101 
2 37 38 
3 19 195 86 
1 85 
1 13 
1 13 
1 90 
1 89 
1 80 
1 93 
1 92 
1 95 
1 94 
1 97 
1 96 
3 13 25 43 
1 36 
2 13 18 
2 83 102 
1 101 
1 33 
1 33 
4 13 18 36 46 
1 2 
1 25 
1 25 
1 31 
2 31 60 
2 4 31 
1 55 
9 1 7 117 118 128 140 143 173 192 
3 10 115 116 
3 8 114 191 
3 8 114 191 
1 113 
1 113 
1 81 
1 2 
1 4 
1 4 
4 124 125 146 147 
1 123 
1 123 
2 33 46 
1 33 
2 60 113 
1 29 
1 25 
4 132 206 207 208 
1 131 
2 31 178 
1 31 
2 31 178 
4 1 26 137 211 
1 136 
1 80 
1 33 
2 13 113 
1 80 
2 36 196 
7 23 113 144 147 161 180 190 
1 143 
3 33 70 157 
3 39 123 160 
4 39 123 143 160 
1 2 
1 46 
1 151 
1 150 
1 46 
1 154 
1 153 
1 156 
1 155 
3 145 158 183 
3 33 46 157 
2 29 172 
3 146 147 161 
2 143 160 
1 46 
1 2 
1 2 
1 50 
1 31 
1 31 
1 31 
1 170 
1 169 
1 31 
1 159 
2 2 113 
1 60 
1 64 
1 60 
1 62 
3 22 133 135 
1 0 
1 143 
1 29 
1 2 
3 46 70 157 
1 185 
1 184 
2 19 195 
1 8 
2 23 64 
2 13 43 
1 143 
2 115 116 
1 113 
1 50 
1 2 
3 59 85 186 
1 142 
1 25 
1 25 
1 43 
1 25 
1 25 
1 60 
1 33 
1 205 
1 204 
1 131 
1 131 
1 131 
1 210 
1 209 
1 136 
