210
208
2 177 1 
3 0 111 134 
0 
10 109 119 120 20 42 4 63 64 65 66 
1 3 
2 18 6 
4 5 111 16 68 
5 8 9 113 114 185 
1 7 
2 7 112 
1 11 
5 10 58 62 69 71 
1 16 
2 16 34 
0 
3 16 34 68 
10 6 12 13 15 98 103 17 18 42 81 
7 16 184 34 41 57 58 83 
4 5 16 34 41 
0 
4 3 176 29 62 
3 141 186 22 
1 21 
13 105 106 128 195 196 198 199 24 35 36 55 56 96 
2 23 134 
1 26 
1 25 
5 127 157 179 28 33 
1 27 
12 20 107 108 109 131 132 133 164 165 166 169 30 
1 29 
12 101 102 124 125 137 143 156 201 32 45 76 77 
1 31 
1 27 
9 13 15 17 18 97 103 140 42 47 
2 23 82 
2 23 82 
4 144 145 38 39 
1 37 
1 37 
1 41 
8 17 18 40 187 197 42 81 96 
5 3 16 34 41 48 
0 
9 103 124 147 150 156 160 181 45 46 
2 31 44 
1 44 
1 34 
4 42 163 191 49 
1 48 
0 
2 52 73 
1 51 
1 110 
0 
1 23 
1 23 
2 17 193 
9 11 17 108 126 172 174 200 59 71 
1 58 
2 175 61 
1 60 
6 11 20 173 186 67 75 
1 3 
1 3 
1 3 
1 3 
1 62 
4 6 15 143 181 
3 11 70 72 
1 69 
2 11 58 
1 69 
1 51 
0 
1 62 
1 31 
1 31 
5 136 139 79 80 89 
2 78 117 
1 78 
3 16 41 99 
2 35 36 
3 17 193 84 
1 83 
0 
0 
1 88 
1 87 
1 78 
1 91 
1 90 
1 93 
1 92 
1 95 
1 94 
2 23 41 
1 34 
1 16 
2 81 100 
1 99 
1 31 
1 31 
3 16 34 44 
0 
1 23 
1 23 
1 29 
2 29 58 
2 3 29 
1 53 
9 1 6 115 116 126 138 141 171 190 
3 9 113 114 
3 7 112 189 
3 7 112 189 
1 111 
1 111 
1 79 
0 
1 3 
1 3 
4 122 123 144 145 
1 121 
1 121 
2 31 44 
1 31 
2 58 111 
1 27 
1 23 
4 130 204 205 206 
1 129 
2 29 176 
1 29 
2 29 176 
4 1 24 135 209 
1 134 
1 78 
1 31 
1 111 
1 78 
2 34 194 
7 21 111 142 145 159 178 188 
1 141 
3 31 68 155 
3 37 121 158 
4 37 121 141 158 
0 
1 44 
1 149 
1 148 
1 44 
1 152 
1 151 
1 154 
1 153 
3 143 156 181 
3 31 44 155 
2 27 170 
3 144 145 159 
2 141 158 
1 44 
0 
0 
1 48 
1 29 
1 29 
1 29 
1 168 
1 167 
1 29 
1 157 
1 111 
1 58 
1 62 
1 58 
1 60 
3 20 131 133 
1 0 
1 141 
1 27 
0 
3 44 68 155 
1 183 
1 182 
2 17 193 
1 7 
2 21 62 
1 41 
1 141 
2 113 114 
1 111 
1 48 
0 
3 57 83 184 
1 140 
1 23 
1 23 
1 41 
1 23 
1 23 
1 58 
1 31 
1 203 
1 202 
1 129 
1 129 
1 129 
1 208 
1 207 
1 134 
