208
183
2 175 1 
3 0 109 132 
0 
10 107 117 118 20 40 4 61 62 63 64 
1 3 
2 18 6 
4 5 109 16 66 
5 8 9 111 112 183 
1 7 
2 7 110 
1 11 
5 10 56 60 67 69 
1 16 
2 16 32 
0 
3 16 32 66 
10 6 12 13 15 96 101 17 18 40 79 
7 16 182 32 39 55 56 81 
4 5 16 32 39 
0 
3 3 174 60 
3 139 184 22 
1 21 
1 132 
1 25 
1 24 
5 125 155 177 27 31 
1 26 
0 
12 99 100 122 123 135 141 154 199 30 43 74 75 
1 29 
1 26 
9 13 15 17 18 95 101 138 40 45 
1 80 
1 80 
4 142 143 36 37 
1 35 
1 35 
1 39 
8 17 18 38 185 195 40 79 94 
5 3 16 32 39 46 
0 
9 101 122 145 148 154 158 179 43 44 
2 29 42 
1 42 
1 32 
4 40 161 189 47 
1 46 
0 
2 50 71 
1 49 
1 108 
0 
0 
0 
2 17 191 
9 11 17 106 124 170 172 198 57 69 
1 56 
2 173 59 
1 58 
6 11 20 171 184 65 73 
1 3 
1 3 
1 3 
1 3 
1 60 
4 6 15 141 179 
3 11 68 70 
1 67 
2 11 56 
1 67 
1 49 
0 
1 60 
1 29 
1 29 
5 134 137 77 78 87 
2 76 115 
1 76 
3 16 39 97 
2 33 34 
3 17 191 82 
1 81 
0 
0 
1 86 
1 85 
1 76 
1 89 
1 88 
1 91 
1 90 
1 93 
1 92 
1 39 
1 32 
1 16 
2 79 98 
1 97 
1 29 
1 29 
3 16 32 42 
0 
0 
0 
0 
1 56 
1 3 
1 51 
9 1 6 113 114 124 136 139 169 188 
3 9 111 112 
3 7 110 187 
3 7 110 187 
1 109 
1 109 
1 77 
0 
1 3 
1 3 
4 120 121 142 143 
1 119 
1 119 
2 29 42 
1 29 
2 56 109 
1 26 
0 
4 128 202 203 204 
1 127 
1 174 
0 
1 174 
4 1 23 133 207 
1 132 
1 76 
1 29 
1 109 
1 76 
2 32 192 
7 21 109 140 143 157 176 186 
1 139 
3 29 66 153 
3 35 119 156 
4 35 119 139 156 
0 
1 42 
1 147 
1 146 
1 42 
1 150 
1 149 
1 152 
1 151 
3 141 154 179 
3 29 42 153 
2 26 168 
3 142 143 157 
2 139 156 
1 42 
0 
0 
1 46 
0 
0 
0 
1 166 
1 165 
0 
1 155 
1 109 
1 56 
1 60 
1 56 
1 58 
3 20 129 131 
1 0 
1 139 
1 26 
0 
3 42 66 153 
1 181 
1 180 
2 17 191 
1 7 
2 21 60 
1 39 
1 139 
2 111 112 
1 109 
1 46 
0 
3 55 81 182 
1 138 
0 
0 
1 39 
0 
0 
1 56 
1 29 
1 201 
1 200 
1 127 
1 127 
1 127 
1 206 
1 205 
1 132 
