206
161
2 173 1 
3 0 107 130 
0 
0 
2 17 5 
4 4 107 15 64 
5 7 8 109 110 181 
1 6 
2 6 108 
1 10 
5 9 54 58 65 67 
1 15 
2 15 30 
0 
3 15 30 64 
10 5 11 12 14 94 99 16 17 38 77 
7 15 180 30 37 53 54 79 
4 4 15 30 37 
0 
2 172 58 
3 137 182 21 
1 20 
1 130 
1 24 
1 23 
5 123 153 175 26 29 
1 25 
0 
0 
1 25 
9 12 14 16 17 93 99 136 38 43 
1 78 
1 78 
4 140 141 34 35 
1 33 
1 33 
1 37 
8 16 17 36 183 193 38 77 92 
4 15 30 37 44 
0 
9 99 120 143 146 152 156 177 41 42 
1 40 
1 40 
1 30 
4 38 159 187 45 
1 44 
0 
2 48 69 
1 47 
1 106 
0 
0 
0 
2 16 189 
9 10 16 104 122 168 170 196 55 67 
1 54 
2 171 57 
1 56 
6 10 19 169 182 63 71 
0 
0 
0 
0 
1 58 
4 5 14 139 177 
3 10 66 68 
1 65 
2 10 54 
1 65 
1 47 
0 
1 58 
0 
0 
5 132 135 75 76 85 
2 74 113 
1 74 
3 15 37 95 
2 31 32 
3 16 189 80 
1 79 
0 
0 
1 84 
1 83 
1 74 
1 87 
1 86 
1 89 
1 88 
1 91 
1 90 
1 37 
1 30 
1 15 
2 77 96 
1 95 
0 
0 
3 15 30 40 
0 
0 
0 
0 
1 54 
0 
1 49 
9 1 5 111 112 122 134 137 167 186 
3 8 109 110 
3 6 108 185 
3 6 108 185 
1 107 
1 107 
1 75 
0 
0 
0 
4 118 119 140 141 
1 117 
1 117 
1 40 
0 
2 54 107 
1 25 
0 
4 126 200 201 202 
1 125 
1 172 
0 
1 172 
4 1 22 131 205 
1 130 
1 74 
0 
1 107 
1 74 
2 30 190 
7 20 107 138 141 155 174 184 
1 137 
2 64 151 
3 33 117 154 
4 33 117 137 154 
0 
1 40 
1 145 
1 144 
1 40 
1 148 
1 147 
1 150 
1 149 
3 139 152 177 
2 40 151 
2 25 166 
3 140 141 155 
2 137 154 
1 40 
0 
0 
1 44 
0 
0 
0 
1 164 
1 163 
0 
1 153 
1 107 
1 54 
1 58 
1 54 
1 56 
3 19 127 129 
1 0 
1 137 
1 25 
0 
3 40 64 151 
1 179 
1 178 
2 16 189 
1 6 
2 20 58 
1 37 
1 137 
2 109 110 
1 107 
1 44 
0 
3 53 79 180 
1 136 
0 
0 
1 37 
0 
0 
1 54 
0 
1 199 
1 198 
1 125 
1 125 
1 125 
1 204 
1 203 
1 130 
