204
142
2 171 1 
3 0 105 128 
0 
0 
2 16 5 
3 4 105 62 
5 7 8 107 108 179 
1 6 
2 6 106 
1 10 
5 9 52 56 63 65 
0 
0 
0 
1 62 
5 178 35 51 52 77 
2 4 35 
0 
2 170 56 
3 135 180 20 
1 19 
1 128 
1 23 
1 22 
5 121 151 173 25 28 
1 24 
0 
0 
1 24 
1 76 
1 76 
4 138 139 32 33 
1 31 
1 31 
1 35 
8 15 16 34 181 191 36 75 90 
2 35 42 
0 
9 97 118 141 144 150 154 175 39 40 
1 38 
1 38 
0 
4 36 157 185 43 
1 42 
0 
2 46 67 
1 45 
1 104 
0 
0 
0 
2 15 187 
9 10 15 102 120 166 168 194 53 65 
1 52 
2 169 55 
1 54 
6 10 18 167 180 61 69 
0 
0 
0 
0 
1 56 
4 5 14 137 175 
3 10 64 66 
1 63 
2 10 52 
1 63 
1 45 
0 
1 56 
0 
0 
5 130 133 73 74 83 
2 72 111 
1 72 
2 35 93 
2 29 30 
3 15 187 78 
1 77 
0 
0 
1 82 
1 81 
1 72 
1 85 
1 84 
1 87 
1 86 
1 89 
1 88 
1 35 
0 
0 
2 75 94 
1 93 
0 
0 
1 38 
0 
0 
0 
0 
1 52 
0 
1 47 
9 1 5 109 110 120 132 135 165 184 
3 8 107 108 
3 6 106 183 
3 6 106 183 
1 105 
1 105 
1 73 
0 
0 
0 
4 116 117 138 139 
1 115 
1 115 
1 38 
0 
2 52 105 
1 24 
0 
4 124 198 199 200 
1 123 
1 170 
0 
1 170 
4 1 21 129 203 
1 128 
1 72 
0 
1 105 
1 72 
1 188 
7 19 105 136 139 153 172 182 
1 135 
2 62 149 
3 31 115 152 
4 31 115 135 152 
0 
1 38 
1 143 
1 142 
1 38 
1 146 
1 145 
1 148 
1 147 
3 137 150 175 
2 38 149 
2 24 164 
3 138 139 153 
2 135 152 
1 38 
0 
0 
1 42 
0 
0 
0 
1 162 
1 161 
0 
1 151 
1 105 
1 52 
1 56 
1 52 
1 54 
3 18 125 127 
1 0 
1 135 
1 24 
0 
3 38 62 149 
1 177 
1 176 
2 15 187 
1 6 
2 19 56 
1 35 
1 135 
2 107 108 
1 105 
1 42 
0 
3 51 77 178 
1 134 
0 
0 
1 35 
0 
0 
1 52 
0 
1 197 
1 196 
1 123 
1 123 
1 123 
1 202 
1 201 
1 128 
