202
124
2 169 1 
3 0 103 126 
0 
0 
2 16 5 
3 4 103 60 
5 7 8 105 106 177 
1 6 
2 6 104 
1 10 
4 9 54 61 63 
0 
0 
0 
1 60 
4 176 35 50 75 
2 4 35 
0 
2 168 54 
3 133 178 20 
1 19 
1 126 
1 23 
1 22 
5 119 149 171 25 28 
1 24 
0 
0 
1 24 
1 74 
1 74 
4 136 137 32 33 
1 31 
1 31 
1 35 
8 15 16 34 179 189 36 73 88 
2 35 41 
0 
0 
0 
0 
4 36 155 183 42 
1 41 
0 
2 45 65 
1 44 
1 102 
0 
0 
0 
2 15 185 
0 
2 167 53 
1 52 
6 10 18 165 178 59 67 
0 
0 
0 
0 
1 54 
4 5 14 135 173 
3 10 62 64 
1 61 
1 10 
1 61 
1 44 
0 
1 54 
0 
0 
5 128 131 71 72 81 
2 70 109 
1 70 
2 35 91 
2 29 30 
3 15 185 76 
1 75 
0 
0 
1 80 
1 79 
1 70 
1 83 
1 82 
1 85 
1 84 
1 87 
1 86 
1 35 
0 
0 
2 73 92 
1 91 
0 
0 
0 
0 
0 
0 
0 
0 
0 
1 46 
9 1 5 107 108 118 130 133 163 182 
3 8 105 106 
3 6 104 181 
3 6 104 181 
1 103 
1 103 
1 71 
0 
0 
0 
4 114 115 136 137 
1 113 
1 113 
0 
0 
1 103 
1 24 
0 
4 122 196 197 198 
1 121 
1 168 
0 
1 168 
4 1 21 127 201 
1 126 
1 70 
0 
1 103 
1 70 
1 186 
7 19 103 134 137 151 170 180 
1 133 
2 60 147 
3 31 113 150 
4 31 113 133 150 
0 
0 
1 141 
1 140 
0 
1 144 
1 143 
1 146 
1 145 
3 135 148 173 
1 147 
2 24 162 
3 136 137 151 
2 133 150 
0 
0 
0 
1 41 
0 
0 
0 
1 160 
1 159 
0 
1 149 
1 103 
0 
1 54 
0 
1 52 
3 18 123 125 
1 0 
1 133 
1 24 
0 
2 60 147 
1 175 
1 174 
2 15 185 
1 6 
2 19 54 
1 35 
1 133 
2 105 106 
1 103 
1 41 
0 
3 50 75 176 
1 132 
0 
0 
1 35 
0 
0 
0 
0 
1 195 
1 194 
1 121 
1 121 
1 121 
1 200 
1 199 
1 126 
