N=5000 V=6227
1:2 3 4 0
2:1154 1 5 6 0
3:1 7 8 0
4:1 9 10 0
5:2 11 12 0
6:2 0
7:3 13 0
8:3 13 14 0
9:4 12 61 0
10:4 0
11:5 36 39 0
12:5 9 60 0
13:7 8 42 0
14:8 90 91 92 0
15:16 17 18 0
16:15 19 20 0
17:15 21 22 23 0
18:15 22 24 25 0
19:16 25 0
20:16 23 26 0
21:17 26 27 0
22:17 18 31 0
23:17 20 0
24:18 106 0
25:18 19 59 0
26:20 21 28 0
27:21 28 29 0
28:26 27 30 0
29:27 30 31 0
30:28 29 32 0
31:22 29 33 34 0
32:30 35 0
33:31 40 106 0
34:31 0
35:32 39 0
36:11 37 38 0
37:36 40 41 0
38:36 42 0
39:11 35 0
40:33 37 59 120 0
41:37 91 0
42:13 38 89 0
43:44 45 46 0
44:43 47 48 0
45:43 49 50 51 0
46:43 49 52 53 0
47:44 54 57 58 0
48:44 54 55 56 0
49:45 46 63 64 0
50:45 65 66 0
51:45 66 67 0
52:46 0
53:46 63 0
54:47 48 433 0
55:48 429 430 432 433 0
56:48 65 432 0
57:47 0
58:47 0
59:25 40 111 0
60:12 61 62 0
61:9 60 83 0
62:60 83 692 0
63:49 53 439 0
64:49 67 96 439 0
65:50 56 428 432 0
66:50 51 428 0
67:51 64 96 98 0
68:69 70 71 0
69:68 72 73 0
70:68 0
71:68 74 75 0
72:69 76 77 0
73:69 0
74:3659 71 141 142 0
75:71 142 147 148 0
76:72 2121 2122 0
77:72 2121 2124 2125 0
78:79 80 81 0
79:78 82 83 0
80:78 0
81:78 84 85 0
82:79 87 88 0
83:61 62 79 86 0
84:81 125 128 0
85:81 217 2528 0
86:83 92 0
87:82 682 697 0
88:82 695 716 0
89:42 0
90:14 123 125 0
91:14 41 0
92:14 86 129 0
93:94 95 96 0
94:93 97 98 99 0
95:4116 93 100 0
96:64 67 93 101 102 0
97:94 0
98:67 94 0
99:94 103 104 105 0
100:95 102 138 0
101:96 439 0
102:96 100 0
103:99 429 435 0
104:99 0
105:99 0
106:405 24 33 0
107:108 109 110 0
108:107 0
109:107 111 112 0
110:107 113 114 115 0
111:59 109 0
112:109 172 0
113:110 170 0
114:110 115 198 0
115:110 114 199 200 0
116:117 0
117:116 118 119 0
118:117 120 121 0
119:117 0
120:40 118 122 0
121:118 122 124 0
122:120 121 123 0
123:90 122 127 0
124:121 134 135 0
125:84 90 126 0
126:125 0
127:123 128 130 0
128:84 127 133 0
129:92 342 0
130:127 131 132 0
131:130 0
132:130 136 137 0
133:128 139 152 0
134:124 149 150 0
135:124 149 151 0
136:132 137 139 0
137:132 136 0
138:100 0
139:133 136 140 0
140:139 153 154 0
141:74 143 144 0
142:74 75 145 146 0
143:141 0
144:141 168 169 0
145:142 2162 2164 0
146:142 2162 2165 2166 0
147:75 2078 2084 2087 0
148:75 0
149:134 135 170 0
150:134 171 0
151:135 0
152:133 154 155 0
153:140 208 209 210 0
154:140 152 210 0
155:152 173 175 0
156:157 158 159 0
157:156 160 161 162 0
158:156 161 164 0
159:156 162 163 0
160:157 0
161:157 158 165 0
162:157 159 166 167 0
163:159 166 0
164:158 187 0
165:161 276 0
166:162 163 0
167:162 279 0
168:144 0
169:144 0
170:113 149 0
171:150 208 211 0
172:112 261 0
173:155 174 0
174:173 176 177 0
175:155 177 178 179 0
176:174 217 0
177:174 175 0
178:175 216 0
179:175 219 220 221 0
180:181 182 0
181:180 183 184 185 0
182:180 184 0
183:181 186 188 0
184:181 182 186 187 0
185:181 187 0
186:183 184 307 0
187:164 184 185 360 0
188:183 0
189:190 191 192 193 0
190:189 194 0
191:189 0
192:189 195 196 0
193:189 194 195 197 0
194:190 193 0
195:1358 192 193 1149 0
196:192 1147 1148 0
197:193 0
198:114 199 201 0
199:115 198 204 0
200:115 0
201:198 202 203 0
202:201 211 212 0
203:201 0
204:199 205 206 207 0
205:204 207 226 0
206:204 237 238 0
207:204 205 227 0
208:153 171 222 0
209:153 222 224 0
210:153 154 225 0
211:171 202 213 214 0
212:202 215 0
213:211 0
214:211 0
215:212 232 0
216:178 217 218 0
217:85 176 216 0
218:216 2528 2571 0
219:179 225 2623 0
220:179 2571 2630 2631 0
221:179 269 2624 2633 0
222:208 209 223 0
223:222 230 231 0
224:209 228 229 0
225:210 219 267 0
226:205 0
227:207 0
228:224 233 239 0
229:4092 224 240 0
230:223 0
231:223 233 234 0
232:215 0
233:228 231 234 0
234:231 233 235 236 0
235:234 243 244 0
236:234 243 245 0
237:206 0
238:206 0
239:228 241 242 0
240:229 242 248 0
241:239 244 249 0
242:239 240 248 0
243:235 236 246 0
244:235 241 246 0
245:236 246 247 0
246:243 244 245 0
247:245 0
248:240 242 250 0
249:241 251 252 0
250:1808 248 253 254 0
251:249 255 256 0
252:249 261 0
253:250 259 264 0
254:250 0
255:251 257 258 0
256:251 259 260 0
257:255 0
258:255 262 263 0
259:253 256 260 0
260:256 259 270 0
261:3558 172 252 345 0
262:258 0
263:258 282 283 0
264:253 265 266 0
265:264 0
266:264 267 268 269 0
267:225 266 2624 0
268:266 0
269:221 266 344 2640 0
270:260 271 272 0
271:270 272 282 0
272:270 271 292 0
273:274 275 276 0
274:273 277 278 279 0
275:273 277 280 0
276:165 273 0
277:274 275 278 281 0
278:274 277 281 0
279:3100 167 274 281 0
280:275 307 308 0
281:277 278 279 372 0
282:263 271 293 0
283:263 294 295 296 0
284:285 286 287 0
285:284 0
286:284 291 0
287:284 288 289 290 0
288:287 3695 3696 3715 0
289:287 3698 0
290:287 0
291:286 297 0
292:272 0
293:282 0
294:283 310 320 321 0
295:283 320 345 0
296:283 344 0
297:291 0
298:299 300 301 0
299:3982 298 0
300:298 302 303 304 0
301:298 305 306 0
302:300 303 1837 1856 0
303:300 302 1931 1932 0
304:300 1933 1934 0
305:301 2067 2072 0
306:301 0
307:186 280 0
308:280 390 0
309:310 311 312 0
310:294 309 313 0
311:309 315 316 0
312:309 314 0
313:310 317 318 319 0
314:312 336 337 0
315:311 335 338 0
316:311 318 340 0
317:313 608 610 0
318:313 316 612 2749 0
319:313 2655 2750 0
320:294 295 343 0
321:294 344 0
322:323 324 325 0
323:322 326 327 0
324:322 0
325:322 328 329 330 0
326:323 331 332 0
327:323 333 334 0
328:325 333 1795 1796 0
329:325 331 597 598 0
330:325 597 1809 1827 0
331:326 329 596 0
332:326 599 600 0
333:327 328 1758 0
334:327 599 1798 0
335:315 336 337 0
336:1817 314 335 337 0
337:314 335 336 0
338:1717 315 339 0
339:338 341 0
340:316 341 0
341:339 340 0
342:129 0
343:320 346 0
344:269 296 321 0
345:261 295 0
346:343 347 0
347:346 629 0
348:349 350 0
349:348 351 352 0
350:348 353 354 0
351:349 357 358 359 0
352:349 355 356 0
353:350 4605 4611 4744 0
354:350 4745 4746 0
355:352 4497 4740 0
356:352 4741 4742 0
357:351 4529 4544 0
358:351 4513 4552 0
359:351 4506 4513 4514 0
360:187 0
361:362 363 0
362:361 364 365 0
363:361 366 367 0
364:362 368 369 0
365:362 370 371 0
366:363 0
367:363 0
368:364 0
369:364 0
370:365 0
371:365 0
372:281 389 390 0
373:374 375 376 0
374:373 377 378 379 0
375:373 0
376:373 380 381 0
377:374 382 383 384 0
378:374 387 388 0
379:374 385 386 0
380:376 0
381:376 0
382:377 0
383:377 0
384:377 0
385:379 3610 0
386:379 0
387:378 0
388:378 0
389:372 0
390:308 372 0
391:392 393 0
392:391 394 0
393:391 395 396 0
394:392 397 398 0
395:393 422 423 0
396:393 0
397:394 0
398:394 0
399:400 401 402 0
400:3143 399 401 403 0
401:399 400 406 0
402:399 404 405 0
403:400 407 408 409 0
404:402 0
405:106 402 409 0
406:401 467 0
407:403 0
408:403 409 0
409:403 405 408 0
410:411 412 413 414 0
411:410 0
412:410 415 416 417 0
413:2969 410 419 420 421 0
414:410 418 0
415:412 418 0
416:412 0
417:412 0
418:414 415 0
419:413 0
420:413 0
421:413 0
422:395 424 425 0
423:395 426 427 0
424:422 0
425:422 426 438 0
426:423 425 0
427:423 449 450 0
428:65 66 429 0
429:55 103 428 430 431 432 0
430:55 429 431 436 437 0
431:429 430 434 435 0
432:55 56 65 429 0
433:54 55 436 0
434:431 437 0
435:103 431 0
436:430 433 0
437:430 434 0
438:425 0
439:63 64 101 0
440:441 442 443 0
441:440 442 444 0
442:440 441 448 0
443:440 445 446 447 0
444:441 0
445:443 0
446:443 0
447:443 0
448:442 0
449:427 450 1398 0
450:427 449 1399 0
451:452 453 454 455 0
452:451 456 457 0
453:451 458 459 0
454:451 457 459 460 0
455:451 461 462 463 0
456:452 464 465 0
457:452 454 466 0
458:453 0
459:453 454 0
460:454 466 0
461:455 0
462:455 463 0
463:455 462 0
464:456 0
465:456 0
466:457 460 0
467:406 0
468:469 470 471 0
469:468 0
470:468 472 473 0
471:468 474 475 476 0
472:470 0
473:470 496 497 0
474:471 0
475:471 0
476:471 0
477:478 479 480 0
478:477 0
479:477 481 482 0
480:477 483 484 0
481:479 3536 0
482:479 540 3578 0
483:480 3574 3577 0
484:480 3554 3576 0
485:486 487 488 0
486:1746 485 489 490 0
487:485 0
488:485 491 492 0
489:486 493 494 495 0
490:486 0
491:488 1317 3298 0
492:488 0
493:489 1104 3441 3442 0
494:489 3441 3468 0
495:489 3468 3505 0
496:473 0
497:473 0
498:499 500 501 502 0
499:498 0
500:498 503 504 0
501:498 505 506 507 0
502:498 508 509 0
503:500 514 570 0
504:500 0
505:501 810 817 0
506:501 3536 0
507:501 0
508:502 559 561 0
509:502 3794 3795 0
510:511 512 513 514 0
511:510 0
512:510 515 516 0
513:510 0
514:503 510 517 0
515:512 518 519 0
516:512 522 523 0
517:514 0
518:515 0
519:515 520 521 0
520:519 0
521:519 524 525 0
522:516 2920 2921 0
523:516 0
524:521 537 538 0
525:521 3309 3586 3587 0
526:527 528 529 0
527:526 530 531 0
528:526 529 532 0
529:526 528 530 0
530:527 529 533 0
531:527 0
532:528 534 535 536 0
533:530 536 0
534:532 535 0
535:532 534 0
536:532 533 0
537:524 539 0
538:524 0
539:537 540 0
540:482 539 559 0
541:542 0
542:541 543 544 0
543:542 1013 0
544:542 0
545:546 547 548 0
546:545 549 550 0
547:545 551 552 0
548:545 550 553 554 0
549:546 552 555 0
550:546 548 556 557 558 0
551:547 562 565 0
552:547 549 555 2182 0
553:548 0
554:548 563 4564 4565 0
555:549 552 2180 2181 0
556:550 2185 2188 0
557:550 4688 0
558:550 2188 2190 4687 0
559:508 540 560 0
560:559 0
561:508 0
562:551 563 564 0
563:554 562 566 567 0
564:562 566 568 569 0
565:551 0
566:563 564 569 4563 0
567:563 0
568:564 0
569:564 566 4568 0
570:503 0
571:572 573 574 0
572:571 0
573:571 574 575 0
574:571 573 576 0
575:573 577 0
576:574 0
577:575 0
578:579 580 581 0
579:578 582 583 0
580:578 0
581:578 584 585 0
582:579 586 587 0
583:579 0
584:581 0
585:581 712 713 0
586:582 814 3533 0
587:582 712 1461 0
588:589 0
589:588 590 591 0
590:589 592 593 0
591:589 594 595 0
592:590 2985 2986 0
593:590 0
594:591 0
595:591 0
596:331 0
597:329 330 1825 1826 0
598:329 1828 1832 0
599:332 334 1797 0
600:332 0
601:602 603 604 0
602:601 0
603:601 604 605 606 0
604:601 603 605 607 0
605:603 604 626 0
606:603 626 628 0
607:604 627 628 4972 0
608:317 609 0
609:608 611 612 0
610:317 613 614 0
611:609 2764 0
612:318 609 2765 0
613:610 2744 2751 0
614:610 2752 0
615:616 617 618 0
616:615 619 620 0
617:615 0
618:615 621 622 0
619:616 623 624 0
620:616 621 625 0
621:618 620 2696 2697 0
622:618 2698 2699 0
623:619 2638 2639 0
624:619 0
625:620 0
626:605 606 627 0
627:607 626 0
628:606 607 0
629:347 2875 0
630:1502 631 632 633 0
631:630 632 634 0
632:630 631 635 0
633:630 634 636 0
634:631 633 637 0
635:632 638 639 0
636:633 640 641 0
637:634 642 643 0
638:635 653 654 0
639:635 656 0
640:636 664 665 0
641:636 653 664 0
642:637 667 672 0
643:637 789 790 0
644:645 0
645:644 646 647 0
646:645 648 649 650 0
647:645 651 652 0
648:646 705 786 787 0
649:646 786 2530 2534 0
650:646 0
651:647 2549 2565 0
652:647 2537 2565 0
653:638 641 654 0
654:638 653 655 0
655:654 679 680 681 0
656:639 663 788 0
657:658 0
658:657 659 660 0
659:658 661 662 0
660:658 663 0
661:659 0
662:659 682 683 0
663:656 660 701 0
664:640 641 666 0
665:640 667 668 0
666:664 675 677 678 0
667:642 665 669 0
668:665 0
669:1491 667 670 671 0
670:669 673 674 675 0
671:669 672 676 0
672:642 671 905 0
673:1968 670 676 705 0
674:670 0
675:666 670 705 0
676:671 673 706 0
677:666 681 689 0
678:666 733 785 0
679:655 684 685 0
680:655 0
681:655 677 689 0
682:87 662 696 0
683:662 694 0
684:679 686 687 0
685:679 686 688 0
686:684 685 687 0
687:684 686 690 0
688:685 699 701 0
689:677 681 690 0
690:687 689 714 715 0
691:692 0
692:62 691 693 0
693:692 694 695 0
694:683 693 0
695:88 693 717 0
696:682 697 698 0
697:87 696 711 0
698:696 709 710 0
699:688 700 0
700:699 702 703 0
701:663 688 704 0
702:700 0
703:700 714 0
704:701 0
705:648 673 675 706 0
706:676 705 707 708 0
707:706 0
708:706 931 948 0
709:698 729 735 736 0
710:698 0
711:697 0
712:585 587 1460 0
713:585 3537 3538 0
714:690 703 0
715:690 728 733 0
716:88 0
717:695 0
718:719 720 0
719:718 721 722 0
720:718 723 724 0
721:719 723 725 0
722:719 0
723:720 721 726 727 0
724:720 0
725:721 726 0
726:723 725 0
727:723 0
728:715 729 730 731 0
729:709 728 732 0
730:728 731 732 0
731:728 730 734 0
732:729 730 737 0
733:678 715 734 785 0
734:731 733 785 0
735:709 738 739 0
736:709 0
737:732 2518 2521 0
738:735 741 744 0
739:735 744 0
740:741 742 0
741:738 740 0
742:740 743 0
743:742 783 784 0
744:738 739 0
745:746 747 748 0
746:745 749 750 751 0
747:745 752 753 0
748:745 751 0
749:746 754 755 0
750:746 756 757 758 0
751:746 748 759 0
752:747 2433 2435 0
753:747 2434 2435 0
754:749 756 2304 0
755:749 2304 2305 0
756:750 754 2302 0
757:750 2327 2334 2335 0
758:750 2335 0
759:751 2440 0
760:761 762 763 0
761:760 764 765 0
762:760 0
763:760 766 767 768 0
764:761 769 770 0
765:761 771 772 0
766:763 0
767:763 0
768:763 772 0
769:764 0
770:764 0
771:765 0
772:765 768 0
773:774 775 776 0
774:773 777 778 0
775:773 779 780 0
776:773 0
777:774 781 782 0
778:774 0
779:775 0
780:775 0
781:777 0
782:777 0
783:743 2566 2574 0
784:743 0
785:678 733 734 0
786:648 649 0
787:648 989 2529 2530 0
788:656 0
789:643 790 929 0
790:643 789 899 0
791:792 793 794 0
792:791 795 796 0
793:791 0
794:791 797 798 0
795:792 799 800 801 0
796:792 801 802 803 0
797:794 0
798:794 1444 1450 0
799:795 3440 3443 0
800:795 3451 3476 0
801:795 796 3440 3444 0
802:796 3444 3461 0
803:796 0
804:805 806 807 0
805:804 0
806:804 808 809 0
807:804 810 811 0
808:806 3503 3515 0
809:806 0
810:505 807 812 815 0
811:807 3761 3762 0
812:810 813 814 0
813:812 0
814:586 812 816 0
815:810 0
816:814 3796 3797 0
817:505 2921 3535 0
818:819 820 0
819:818 821 0
820:818 822 823 0
821:819 824 0
822:820 1086 0
823:820 829 1083 0
824:821 1150 1151 0
825:826 0
826:825 827 828 0
827:826 831 832 0
828:826 829 830 0
829:3872 823 828 0
830:828 855 864 865 0
831:827 1108 0
832:827 0
833:834 835 836 0
834:833 837 838 0
835:833 839 840 0
836:833 841 842 0
837:834 0
838:834 0
839:835 843 844 0
840:835 0
841:836 845 846 847 0
842:836 848 849 0
843:839 1115 1116 0
844:839 0
845:841 850 851 0
846:841 848 852 853 0
847:841 850 854 0
848:842 846 855 0
849:842 0
850:845 847 859 0
851:845 0
852:846 853 855 856 0
853:846 852 858 859 0
854:847 1088 0
855:830 848 852 857 0
856:852 860 861 862 0
857:855 861 863 0
858:853 869 883 0
859:850 853 875 0
860:856 862 881 0
861:856 857 906 907 0
862:856 860 984 0
863:857 0
864:830 1082 1084 0
865:830 979 1009 0
866:867 868 869 0
867:866 870 871 0
868:866 872 873 0
869:858 866 874 0
870:867 875 876 0
871:867 0
872:868 880 881 882 0
873:868 877 878 879 0
874:869 0
875:859 870 983 0
876:870 0
877:873 879 983 0
878:873 882 0
879:2545 873 877 951 0
880:872 923 924 0
881:860 872 0
882:872 878 0
883:858 0
884:885 886 887 0
885:884 888 889 0
886:884 892 893 0
887:884 890 891 0
888:885 894 895 0
889:885 0
890:887 0
891:887 0
892:886 949 950 0
893:886 0
894:888 896 901 0
895:888 921 0
896:894 897 898 0
897:896 899 900 0
898:896 0
899:790 897 0
900:897 902 0
901:894 903 904 0
902:900 983 0
903:901 0
904:4531 901 0
905:672 931 947 0
906:861 995 999 0
907:861 976 0
908:909 910 911 0
909:908 912 913 0
910:908 911 914 0
911:908 910 915 0
912:909 918 919 920 0
913:909 916 917 0
914:910 919 1036 1037 0
915:911 1037 2726 2798 0
916:913 918 3183 0
917:913 0
918:912 916 3165 0
919:912 914 1036 1087 0
920:912 1087 3191 0
921:895 922 0
922:921 928 0
923:880 925 0
924:880 926 927 0
925:923 1022 0
926:924 967 970 0
927:924 0
928:922 929 930 0
929:789 928 931 0
930:928 931 932 0
931:708 905 929 930 0
932:930 948 0
933:934 0
934:4561 933 935 936 0
935:934 937 938 0
936:934 939 940 0
937:935 976 977 0
938:935 978 0
939:936 1078 1079 0
940:936 0
941:942 943 944 0
942:941 0
943:941 945 946 0
944:941 0
945:943 0
946:943 0
947:905 0
948:708 932 989 0
949:892 951 952 953 0
950:892 0
951:879 949 985 0
952:949 990 991 0
953:949 992 993 0
954:955 956 957 0
955:954 958 959 960 0
956:954 0
957:954 961 962 0
958:955 963 964 0
959:955 966 0
960:955 962 965 0
961:957 0
962:957 960 974 975 0
963:958 0
964:958 0
965:960 0
966:959 0
967:926 968 969 0
968:967 971 972 0
969:1396 967 973 0
970:926 0
971:968 972 981 0
972:968 971 981 0
973:969 3014 3016 0
974:962 1964 0
975:962 0
976:907 937 979 980 0
977:937 0
978:2409 938 1237 0
979:865 976 1008 0
980:4150 976 0
981:971 972 982 0
982:981 996 1000 1007 0
983:875 877 902 0
984:862 996 0
985:951 986 987 988 0
986:985 3017 3021 3038 0
987:985 1021 1097 0
988:985 0
989:787 948 994 0
990:952 994 0
991:952 0
992:953 0
993:953 3021 3022 3023 0
994:989 990 0
995:906 996 997 998 0
996:982 984 995 0
997:995 1000 1001 0
998:995 1002 1003 1004 0
999:906 1005 1006 0
1000:982 997 1007 0
1001:997 0
1002:998 1007 3020 3024 0
1003:998 0
1004:998 1210 1325 1451 0
1005:999 0
1006:999 0
1007:982 1000 1002 3020 0
1008:979 0
1009:865 0
1010:1011 0
1011:1010 1012 1013 0
1012:1011 1014 1015 0
1013:543 1011 1016 0
1014:1012 1903 1904 0
1015:1012 0
1016:1013 0
1017:1018 1019 1020 1021 0
1018:1017 1022 1023 0
1019:1017 1021 1024 1025 0
1020:1017 0
1021:987 1017 1019 0
1022:925 1018 1026 0
1023:1018 0
1024:1019 0
1025:1019 0
1026:1022 0
1027:1028 1029 1030 0
1028:1027 1031 1032 0
1029:1027 0
1030:1027 1033 1034 1035 0
1031:1028 1036 1037 1038 0
1032:1028 0
1033:1030 2611 2665 2685 0
1034:1030 3217 3239 0
1035:1030 2798 3243 0
1036:914 919 1031 0
1037:914 915 1031 0
1038:1031 2606 2613 2614 0
1039:1040 1041 1042 0
1040:1039 1043 1044 0
1041:1039 1048 1049 0
1042:1039 1045 1046 1047 0
1043:1040 1050 1051 0
1044:1040 0
1045:1042 1914 0
1046:1042 0
1047:1042 0
1048:1041 1911 2700 0
1049:1041 0
1050:1043 1911 1912 0
1051:1043 1913 1914 1915 0
1052:1053 1054 1055 0
1053:1052 0
1054:1052 1056 1057 0
1055:1052 1058 1059 0
1056:1054 3545 3579 0
1057:1054 0
1058:1055 3617 0
1059:1055 0
1060:1061 1062 1063 1064 0
1061:1060 0
1062:1060 1066 1067 0
1063:1060 1065 0
1064:1060 0
1065:1063 0
1066:1062 0
1067:1062 0
1068:1069 1070 1071 1072 1073 0
1069:1068 0
1070:1068 0
1071:1068 0
1072:1068 1074 1075 0
1073:1068 1076 1077 0
1074:1072 1090 1093 0
1075:1072 3261 3290 0
1076:1073 0
1077:1073 0
1078:939 0
1079:939 1080 1081 0
1080:1079 1255 1278 0
1081:1079 0
1082:864 1083 1084 1085 0
1083:823 1082 1085 1086 0
1084:864 1082 1085 0
1085:1082 1083 1084 1086 0
1086:822 1083 1085 0
1087:919 920 2614 2910 0
1088:854 1089 0
1089:1088 1117 0
1090:1074 1091 1092 0
1091:1090 0
1092:1090 1094 1095 0
1093:1074 1096 0
1094:1092 0
1095:1092 0
1096:1093 3261 0
1097:987 0
1098:1099 1100 1101 0
1099:1098 1102 1103 0
1100:1098 0
1101:1098 1104 1105 0
1102:1099 1106 1107 0
1103:1099 0
1104:493 1101 1319 0
1105:1101 0
1106:1102 2953 2958 2959 0
1107:1102 3372 3384 0
1108:831 1109 1110 0
1109:1108 1111 1113 0
1110:1108 0
1111:1109 1112 0
1112:1111 1114 0
1113:1109 0
1114:1112 1115 0
1115:843 1114 0
1116:843 1117 0
1117:1089 1116 0
1118:1119 0
1119:1118 1120 1121 0
1120:1119 1125 0
1121:1119 1122 1123 1124 0
1122:1121 1123 1124 0
1123:1121 1122 1367 0
1124:2189 1121 1122 1127 0
1125:1120 1194 1333 0
1126:1127 1128 1129 0
1127:1124 1126 1130 0
1128:1126 1131 0
1129:1126 1131 1132 0
1130:1127 1133 1134 0
1131:1128 1129 1192 0
1132:1129 0
1133:1130 0
1134:1130 0
1135:1136 1137 1138 0
1136:1135 1139 0
1137:1135 1140 0
1138:4359 1135 1141 1142 0
1139:1136 1143 1144 0
1140:1137 1145 1146 0
1141:1138 1146 1154 0
1142:1138 0
1143:1139 1359 1361 0
1144:1139 1387 1388 0
1145:1140 1356 0
1146:1140 1141 1355 0
1147:196 1437 0
1148:196 0
1149:195 0
1150:824 1152 0
1151:824 0
1152:1150 1354 1358 0
1153:1154 1155 1156 0
1154:2 1141 1153 1157 0
1155:1153 1160 1161 0
1156:1153 1158 1159 0
1157:1154 0
1158:1156 1159 0
1159:1156 1158 1174 0
1160:1155 1175 1204 0
1161:1155 0
1162:1163 1164 1165 0
1163:1162 1166 1167 0
1164:1162 0
1165:1162 1168 1169 0
1166:1163 0
1167:1163 0
1168:1165 1170 1171 0
1169:1165 1171 1172 0
1170:1168 0
1171:1168 1169 1181 0
1172:1169 1182 1187 0
1173:1174 0
1174:1159 1173 1175 1176 0
1175:1160 1174 1177 0
1176:1174 1178 1179 1180 0
1177:1175 0
1178:1176 1221 1222 1223 0
1179:1176 1208 1284 1285 0
1180:1176 1229 1297 0
1181:1171 1195 1196 0
1182:1172 1183 1184 0
1183:1182 1185 1186 0
1184:1182 1187 1188 0
1185:1183 1189 1190 0
1186:1183 0
1187:1172 1184 1191 0
1188:1184 1191 1212 0
1189:1185 1334 1364 0
1190:1185 0
1191:1187 1188 1199 0
1192:1131 1193 1194 0
1193:1192 1197 1198 0
1194:1125 1192 1195 1197 0
1195:1181 1194 1213 0
1196:1181 1214 1215 0
1197:1193 1194 1239 1241 0
1198:1193 1332 0
1199:1191 1260 1261 0
1200:1201 1202 1203 0
1201:1200 1204 1205 0
1202:1200 1206 1207 0
1203:1200 1208 1209 1210 0
1204:1160 1201 1211 0
1205:1201 0
1206:1202 0
1207:1202 1216 1217 0
1208:1179 1203 1281 0
1209:1203 1286 0
1210:1004 1203 1287 0
1211:1204 0
1212:1188 1270 1271 1272 0
1213:1195 0
1214:1196 1239 1242 0
1215:1196 0
1216:1207 1218 1220 0
1217:1207 1218 1219 0
1218:1216 1217 1220 0
1219:1217 1238 1253 1254 0
1220:1216 1218 1237 0
1221:1178 0
1222:1178 1224 0
1223:1178 0
1224:1222 0
1225:1226 1227 1228 0
1226:1225 1229 1230 0
1227:1225 1229 1231 0
1228:1225 1232 1233 0
1229:1180 1226 1227 0
1230:1226 0
1231:1227 1234 1235 1236 0
1232:1610 1228 1233 1295 0
1233:1228 1232 1353 0
1234:1231 1327 1328 0
1235:1231 1329 1330 0
1236:1231 1272 0
1237:978 1220 1238 0
1238:1219 1237 1257 0
1239:1197 1214 1240 0
1240:1239 1243 1244 0
1241:1197 1245 1246 0
1242:1214 1247 1248 0
1243:1240 0
1244:1240 1258 1259 0
1245:1241 1246 1264 0
1246:1241 1245 1264 0
1247:1242 1249 1250 0
1248:1242 1251 1252 0
1249:1247 1260 1411 0
1250:1247 0
1251:1248 1252 1275 0
1252:1248 1251 0
1253:1219 1255 1256 0
1254:1219 0
1255:1080 1253 1277 0
1256:1253 1277 1280 0
1257:1238 0
1258:1244 1263 1264 1265 0
1259:1244 1263 1266 0
1260:1199 1249 1262 0
1261:1199 0
1262:1260 0
1263:1258 1259 1927 1994 0
1264:1245 1246 1258 0
1265:1258 1924 1927 0
1266:1259 1302 1304 0
1267:1268 0
1268:1267 1269 0
1269:1268 1270 1273 0
1270:1212 1269 1288 0
1271:1212 1293 1294 0
1272:1212 1236 0
1273:3931 1269 1289 1290 0
1274:1275 0
1275:1251 1274 1276 0
1276:1275 0
1277:1255 1256 1279 0
1278:1080 0
1279:1277 0
1280:1256 1325 1326 0
1281:1208 1282 1283 0
1282:1281 0
1283:1281 0
1284:1179 1383 1384 0
1285:1179 1344 1346 1347 0
1286:1209 0
1287:1210 1341 1343 0
1288:1270 1291 1292 0
1289:1273 1295 1296 0
1290:1273 0
1291:1288 1294 1351 1352 0
1292:1288 0
1293:1271 1335 1336 0
1294:1271 1291 0
1295:1232 1289 1297 1298 0
1296:1289 1299 1300 0
1297:1180 1295 0
1298:1295 0
1299:3636 1296 1308 1309 0
1300:1296 0
1301:1302 0
1302:1266 1301 1303 0
1303:1302 1304 1305 0
1304:1266 1303 1306 1307 0
1305:1303 0
1306:1304 3744 3746 0
1307:1304 0
1308:1299 1312 1313 0
1309:1299 1310 1311 0
1310:1309 0
1311:1309 2957 3364 0
1312:1308 1385 2954 2956 0
1313:1308 0
1314:1315 1316 1317 0
1315:1314 1318 1319 1320 0
1316:1314 0
1317:491 1314 1321 0
1318:1315 1323 1324 0
1319:1104 1315 1322 0
1320:1315 0
1321:1317 0
1322:1319 0
1323:1318 2946 3090 3121 0
1324:1318 3087 3090 0
1325:1004 1280 1326 0
1326:1280 1325 3748 0
1327:1234 0
1328:1234 0
1329:1235 1331 0
1330:1235 1331 0
1331:1329 1330 1340 0
1332:1198 1786 0
1333:1125 1334 0
1334:1189 1333 0
1335:1293 1337 0
1336:1293 1338 1339 0
1337:1335 1348 1349 1350 0
1338:1336 1339 3744 0
1339:1336 1338 3402 0
1340:1331 1360 1364 0
1341:1287 1342 0
1342:1341 1344 0
1343:1287 1345 0
1344:1285 1342 1345 0
1345:1343 1344 0
1346:1285 1347 2953 2954 0
1347:1285 1346 3357 0
1348:1337 1351 3366 0
1349:1337 3374 3377 0
1350:1337 3440 0
1351:1291 1348 3365 0
1352:1291 3367 0
1353:1233 0
1354:1152 1355 1356 0
1355:1146 1354 1357 0
1356:1145 1354 0
1357:1355 0
1358:195 1152 0
1359:1143 1360 1361 0
1360:1340 1359 1362 0
1361:1143 1359 1363 0
1362:1360 1365 1366 0
1363:1361 0
1364:1189 1340 0
1365:1362 0
1366:1362 0
1367:1123 1577 2013 0
1368:1369 1370 1371 0
1369:1368 1370 1372 1373 0
1370:1368 1369 1374 1375 0
1371:1368 1376 1377 0
1372:1369 1374 1378 0
1373:1369 0
1374:1370 1372 1379 1380 0
1375:1370 0
1376:1371 1560 1563 0
1377:1371 1565 1601 0
1378:1372 1495 1563 0
1379:1374 1381 1382 0
1380:1374 0
1381:1379 1487 1495 1496 0
1382:1379 1506 1596 1597 0
1383:1284 0
1384:1284 1385 1386 0
1385:1312 1384 3354 0
1386:1384 0
1387:1144 1389 0
1388:1144 0
1389:1387 0
1390:1391 0
1391:1390 1392 1393 0
1392:1391 1396 1397 0
1393:1391 1394 1395 0
1394:4337 1393 0
1395:1393 1531 1564 0
1396:969 1392 1526 1530 0
1397:1392 1521 1527 0
1398:449 1400 1401 1402 0
1399:450 0
1400:1398 0
1401:1398 0
1402:1398 0
1403:1404 1405 1406 0
1404:1403 0
1405:1403 1407 1408 0
1406:1403 1409 1410 0
1407:1405 1859 1861 0
1408:1405 1410 1862 0
1409:1406 0
1410:1406 1408 1790 1804 0
1411:1249 0
1412:1413 1414 0
1413:1412 1415 0
1414:1412 0
1415:1413 1416 1417 0
1416:1415 1417 1418 0
1417:1415 1416 0
1418:1416 1419 1420 0
1419:1418 1421 1422 0
1420:1418 0
1421:1419 1423 1424 0
1422:1419 0
1423:1421 1430 1441 1442 0
1424:1421 0
1425:1426 1427 0
1426:1425 0
1427:1425 1428 0
1428:1427 2950 2951 0
1429:1430 1431 1432 0
1430:1423 1429 1433 1434 0
1431:1429 1435 1436 0
1432:1429 0
1433:1430 1437 1438 0
1434:1430 1439 1440 0
1435:1431 0
1436:1431 0
1437:1147 1433 0
1438:1433 0
1439:1434 0
1440:1434 0
1441:1423 0
1442:1423 0
1443:1444 1445 1446 0
1444:798 1443 1447 0
1445:1443 0
1446:1443 1448 1449 0
1447:1444 0
1448:1446 1453 1459 0
1449:1446 0
1450:798 0
1451:1004 3293 3294 3295 0
1452:1453 1454 1455 0
1453:1448 1452 1456 0
1454:1452 0
1455:1452 1457 1458 0
1456:1453 0
1457:1455 3543 3565 0
1458:1455 0
1459:1448 2568 2569 0
1460:712 1461 0
1461:587 1460 1462 0
1462:1461 0
1463:1464 1465 1466 0
1464:1463 0
1465:1463 0
1466:1463 1467 1468 0
1467:1466 3537 3555 0
1468:1466 0
1469:1470 1471 1472 1473 0
1470:1469 1474 1475 1476 0
1471:1469 1474 1477 1481 0
1472:1469 1477 1478 1479 0
1473:1469 1476 1479 1480 0
1474:1470 1471 1482 1485 0
1475:1470 1482 1483 1484 0
1476:1470 1473 1484 0
1477:1471 1472 1664 1668 0
1478:1472 1668 1722 1723 0
1479:1472 1473 1738 0
1480:1473 1739 1754 0
1481:1471 1485 1640 1664 0
1482:1474 1475 1663 1671 0
1483:1475 1671 1693 1721 0
1484:1475 1476 1721 0
1485:1474 1481 1649 1663 0
1486:1487 1488 1489 0
1487:1381 1486 1490 1491 0
1488:1486 1493 1494 0
1489:1486 1490 1492 0
1490:1487 1489 1499 0
1491:669 1487 1497 1498 0
1492:1489 1990 1991 0
1493:1488 1532 1536 1537 0
1494:1488 1532 0
1495:1378 1381 1553 0
1496:1381 0
1497:1491 1505 0
1498:1491 1499 0
1499:1490 1498 1505 2015 0
1500:1501 1502 1503 0
1501:1500 1504 1505 0
1502:4898 630 1500 1503 1506 0
1503:1500 1502 0
1504:1501 1507 1508 0
1505:1497 1499 1501 0
1506:1382 1502 1514 0
1507:1504 1509 1514 1515 0
1508:1504 1510 1517 0
1509:1507 1510 1511 0
1510:1508 1509 1512 1513 0
1511:1509 1512 1516 0
1512:1510 1511 1519 1520 0
1513:1510 1518 0
1514:1506 1507 1558 1559 0
1515:1507 1516 1557 0
1516:1511 1515 1598 0
1517:1508 1518 1530 0
1518:4196 1513 1517 0
1519:1512 1582 1614 1615 0
1520:1512 1586 1613 0
1521:1397 1522 1523 0
1522:1521 1524 1525 0
1523:1521 1526 0
1524:1522 1528 1529 0
1525:1522 1526 0
1526:1396 1523 1525 0
1527:1397 0
1528:1524 0
1529:1524 1588 2056 0
1530:1396 1517 1531 0
1531:1395 1530 1579 1582 0
1532:1493 1494 1533 1534 0
1533:1532 1535 0
1534:1532 1538 1539 0
1535:1533 1540 0
1536:1493 1541 1542 0
1537:1493 1543 1544 0
1538:1534 1544 1603 0
1539:1534 1610 1611 0
1540:1535 0
1541:1536 1543 1545 0
1542:1536 1545 1546 0
1543:1537 1541 1549 1592 0
1544:1537 1538 1592 1595 0
1545:1541 1542 1547 0
1546:1542 0
1547:1545 1548 1549 0
1548:1547 1550 1551 0
1549:1543 1547 1551 1552 0
1550:1548 1553 1554 1555 0
1551:1548 1549 1554 1556 0
1552:1549 1593 1594 0
1553:1495 1550 1560 0
1554:1550 1551 1561 1562 0
1555:1550 0
1556:1551 1562 1590 1591 0
1557:1515 0
1558:1514 1598 1599 1600 0
1559:1514 0
1560:1376 1553 1561 0
1561:1554 1560 1565 0
1562:1554 1556 1589 0
1563:1376 1378 1566 0
1564:1395 2035 2036 0
1565:1377 1561 1589 0
1566:1563 0
1567:1753 1568 1569 1570 0
1568:1567 1571 1572 0
1569:1567 1571 1573 0
1570:1567 1574 1575 0
1571:1568 1569 1576 0
1572:1568 0
1573:1569 1577 1578 0
1574:1570 1630 1631 0
1575:1570 1628 1629 0
1576:1571 1620 1623 0
1577:1367 1573 2054 0
1578:1573 0
1579:1531 1580 1581 0
1580:3822 1579 1583 1584 0
1581:1579 1585 1586 0
1582:1519 1531 1587 1588 0
1583:1580 1584 0
1584:1580 1583 0
1585:1581 0
1586:1520 1581 2064 0
1587:1582 1614 1623 0
1588:1529 1582 1623 0
1589:1562 1565 1608 0
1590:1556 1593 1602 0
1591:1556 1602 1606 1607 0
1592:1543 1544 1593 0
1593:1552 1590 1592 0
1594:1552 0
1595:3009 1544 1602 1604 1605 0
1596:1382 1683 0
1597:1382 1599 1680 0
1598:1516 1558 1637 0
1599:1558 1597 1677 1685 0
1600:1558 1735 0
1601:1377 1608 1616 0
1602:1590 1591 1595 0
1603:1538 1604 1610 1612 0
1604:1595 1603 1641 0
1605:1595 1607 1640 1641 0
1606:1591 1619 1638 0
1607:1591 1605 1639 0
1608:1589 1601 1609 0
1609:1608 1617 1619 0
1610:1232 1539 1603 1633 0
1611:1539 1634 1635 1636 0
1612:1603 1641 1646 0
1613:1520 0
1614:1519 1587 1734 1781 0
1615:1519 1637 1735 0
1616:1601 1617 1618 0
1617:1609 1616 1632 0
1618:1616 1642 1643 1644 0
1619:1606 1609 0
1620:1576 1621 1622 0
1621:1620 1624 1625 1626 0
1622:1620 1626 1627 0
1623:1576 1587 1588 0
1624:1621 1625 1705 1710 0
1625:1621 1624 1708 1713 0
1626:1621 1622 1710 1716 0
1627:1622 0
1628:1575 2007 2052 0
1629:1575 1951 2007 2053 0
1630:1574 1951 1952 0
1631:1574 0
1632:1617 1638 1644 0
1633:1610 1646 1647 0
1634:1611 1696 1724 1725 0
1635:1611 1726 2308 0
1636:1611 0
1637:1598 1615 0
1638:1606 1632 1645 0
1639:1607 1640 1645 0
1640:1481 1605 1639 1648 1649 0
1641:1604 1605 1612 0
1642:1618 1654 0
1643:1618 1655 1656 1657 0
1644:1618 1632 1652 0
1645:1638 1639 1653 0
1646:1612 1633 1650 1651 0
1647:1633 1661 1662 0
1648:1640 1658 1664 1665 0
1649:1485 1640 1653 1656 0
1650:1646 1658 1659 0
1651:1646 1660 0
1652:1644 1653 1656 0
1653:1645 1649 1652 0
1654:1642 0
1655:1643 1669 1670 0
1656:1643 1649 1652 1663 0
1657:1643 1663 1670 1671 0
1658:1648 1650 1660 1666 0
1659:1650 1666 1667 1668 0
1660:1651 1658 1665 0
1661:1647 0
1662:1647 1694 1699 0
1663:1482 1485 1656 1657 0
1664:1477 1481 1648 1666 0
1665:1648 1660 0
1666:1658 1659 1664 0
1667:1659 1694 1695 0
1668:1477 1478 1659 1696 0
1669:1655 1672 1674 0
1670:4426 1655 1657 1672 1673 0
1671:1482 1483 1657 1673 0
1672:1669 1670 1686 1687 0
1673:1670 1671 1687 1693 0
1674:1669 1691 1692 0
1675:1676 1677 1678 0
1676:1675 1679 1680 0
1677:1599 1675 0
1678:1675 1681 1682 0
1679:1676 1683 1684 0
1680:1597 1676 0
1681:1678 1682 1700 0
1682:1678 1681 1692 1701 0
1683:1596 1679 1701 0
1684:1679 0
1685:1599 1702 1703 1735 0
1686:1672 1688 1689 0
1687:1672 1673 1689 1690 0
1688:1686 0
1689:1686 1687 1691 0
1690:1687 1719 1720 0
1691:1674 1689 1700 1702 0
1692:1674 1682 1700 0
1693:1483 1673 1720 0
1694:1662 1667 1697 0
1695:1667 1696 1698 0
1696:1634 1668 1695 1722 0
1697:1694 1699 0
1698:1695 0
1699:1662 1697 0
1700:1681 1691 1692 0
1701:1682 1683 2014 0
1702:1685 1691 1703 1704 0
1703:1685 1702 1731 1733 0
1704:1702 1720 1739 1741 0
1705:1624 1706 1707 0
1706:1705 1708 1709 0
1707:1705 1711 1712 0
1708:1625 1706 1713 1714 0
1709:2945 1706 0
1710:1624 1626 1715 0
1711:1707 1715 1717 0
1712:1707 0
1713:1625 1708 1955 0
1714:1708 1953 1955 2055 0
1715:1710 1711 1717 1718 0
1716:1626 1771 1773 0
1717:338 1711 1715 1764 0
1718:1715 0
1719:1690 0
1720:1690 1693 1704 1739 0
1721:1483 1484 1740 0
1722:1478 1696 0
1723:1478 1729 0
1724:1634 1726 1727 1728 0
1725:1634 1728 1729 1730 0
1726:1635 1724 2306 2307 0
1727:1724 2328 2329 2330 0
1728:1724 1725 2329 2331 0
1729:1723 1725 1738 0
1730:2328 1725 2041 2066 0
1731:1703 1732 0
1732:1731 1734 1735 0
1733:1703 1734 1736 1737 0
1734:1614 1732 1733 0
1735:1600 1615 1685 1732 0
1736:1733 1741 1757 1761 0
1737:1733 1756 1758 1760 0
1738:1479 1729 1755 0
1739:1480 1704 1720 1742 0
1740:1721 0
1741:1704 1736 2018 0
1742:1739 1754 2016 0
1743:1744 1745 1746 0
1744:1743 0
1745:1743 1747 1748 0
1746:486 1743 1749 1750 0
1747:1745 1751 1752 1753 0
1748:1745 0
1749:1746 0
1750:1746 0
1751:1747 1839 1841 0
1752:1747 1900 0
1753:1567 1747 0
1754:1480 1742 1755 2017 0
1755:1738 1754 2041 2042 0
1756:1737 1757 1758 0
1757:1736 1756 1759 0
1758:333 1737 1756 1759 0
1759:1757 1758 1762 1763 0
1760:1737 1795 1810 0
1761:1736 1763 1975 2016 0
1762:1759 1763 1797 0
1763:1759 1761 1762 1975 0
1764:1717 1765 1766 0
1765:1764 1767 1768 0
1766:1764 1769 1770 0
1767:1765 1771 1772 0
1768:1765 1784 1785 0
1769:1766 1813 1816 0
1770:1766 2103 2104 0
1771:1716 1767 1772 0
1772:1767 1771 1774 1775 0
1773:1716 1774 1776 0
1774:1772 1773 1777 0
1775:1772 1782 1783 0
1776:1773 1780 1781 0
1777:1774 1778 1779 0
1778:1777 1787 1789 0
1779:1777 0
1780:1776 1787 1790 0
1781:1614 1776 1790 1792 0
1782:1775 1783 1845 0
1783:1775 1782 1854 0
1784:1768 0
1785:1768 1793 1794 0
1786:1332 0
1787:1778 1780 1788 0
1788:1787 0
1789:1778 0
1790:1410 1780 1781 1791 0
1791:1790 1792 1800 0
1792:1781 1791 1801 0
1793:1785 1794 1823 0
1794:1785 1793 1824 0
1795:328 1760 1805 1807 0
1796:328 1807 1808 0
1797:599 1762 1799 0
1798:334 0
1799:1797 0
1800:1791 1801 1802 1803 0
1801:1792 1800 1805 1806 0
1802:1800 1805 1807 0
1803:1800 0
1804:1410 0
1805:1795 1801 1802 0
1806:1801 0
1807:1795 1796 1802 1808 0
1808:250 1796 1807 1809 0
1809:330 1808 1811 1812 0
1810:1760 0
1811:1809 0
1812:1809 1833 1834 0
1813:1769 1814 1815 0
1814:1813 1817 1818 0
1815:1813 1819 1820 0
1816:1769 0
1817:336 1814 1821 1822 0
1818:1814 0
1819:1815 1839 1842 0
1820:1815 0
1821:1817 2106 0
1822:1817 0
1823:1793 0
1824:1794 0
1825:597 1828 1829 0
1826:597 1829 1830 1831 0
1827:330 1830 1833 0
1828:598 1825 1835 1836 0
1829:1825 1826 1836 1837 0
1830:1826 1827 1857 1858 0
1831:1826 0
1832:598 1835 1980 2038 0
1833:1812 1827 0
1834:1812 1859 1860 0
1835:1828 1832 1836 1838 0
1836:1828 1829 1835 1837 0
1837:302 1829 1836 1855 0
1838:1835 0
1839:1751 1819 1840 0
1840:1839 1843 1844 0
1841:1751 0
1842:1819 0
1843:1840 1874 1875 0
1844:1840 1876 1877 0
1845:1782 1846 1847 0
1846:1845 1848 1849 1850 1851 0
1847:1845 1852 1853 0
1848:1846 1849 1863 0
1849:1846 1848 1864 1865 0
1850:1846 1862 1863 1866 0
1851:1846 0
1852:1847 1870 1871 0
1853:1847 0
1854:2802 1783 0
1855:1837 0
1856:302 1879 0
1857:1830 2037 0
1858:1830 1880 1885 0
1859:1407 1834 1867 0
1860:1834 1868 1869 0
1861:1407 0
1862:1408 1850 1863 0
1863:1848 1850 1862 0
1864:1849 0
1865:1849 1928 1929 1930 0
1866:1850 0
1867:1859 0
1868:1860 0
1869:1860 1905 1906 0
1870:1852 0
1871:1852 1872 1873 0
1872:1871 1890 2032 0
1873:1871 0
1874:1843 1878 0
1875:1843 0
1876:1844 1920 1921 1922 1923 0
1877:1844 0
1878:1874 2109 2110 0
1879:1856 1880 1881 0
1880:1858 1879 1882 0
1881:1879 1883 1884 0
1882:1880 0
1883:4506 1881 0
1884:1881 1940 1949 1950 0
1885:1858 0
1886:1887 1888 1889 0
1887:1886 1890 1891 0
1888:1886 1892 1893 0
1889:1886 1894 1895 0
1890:1872 1887 1896 1897 0
1891:1887 0
1892:1888 1894 1898 0
1893:1888 1899 1900 0
1894:1889 1892 1898 0
1895:1889 0
1896:1890 2033 0
1897:1890 2034 0
1898:1892 1894 1901 1902 0
1899:1893 2023 2031 0
1900:1752 1893 1921 0
1901:1898 0
1902:1898 0
1903:1014 1960 1963 0
1904:1014 0
1905:1869 1909 1910 0
1906:1869 1907 1908 0
1907:1906 0
1908:1906 1956 2098 0
1909:1905 1916 1917 0
1910:1905 0
1911:1048 1050 2701 2702 0
1912:1050 2704 0
1913:1051 1914 0
1914:1045 1051 1913 0
1915:1051 0
1916:1909 0
1917:1909 1918 1919 0
1918:1917 4325 0
1919:1917 0
1920:1876 1922 1924 0
1921:1876 1900 1926 0
1922:1876 1920 1925 0
1923:1876 0
1924:1265 1920 1927 0
1925:1922 1996 2114 0
1926:1921 2023 2024 2025 0
1927:1263 1265 1924 2022 0
1928:1865 3878 3887 3888 0
1929:1865 2102 3888 4345 0
1930:1865 0
1931:303 1935 1936 0
1932:303 1937 1938 0
1933:304 2091 2092 0
1934:304 2091 0
1935:1931 1938 2060 0
1936:1931 2060 2061 2062 0
1937:1932 1939 1943 0
1938:1932 1935 0
1939:1937 1940 1941 1942 0
1940:1884 1939 1944 0
1941:1939 1945 1946 0
1942:1939 1947 1948 0
1943:1937 0
1944:1940 0
1945:1941 1956 1957 0
1946:1941 1947 1958 0
1947:1942 1946 2115 3811 0
1948:1942 0
1949:1884 0
1950:1884 0
1951:1629 1630 1953 1954 0
1952:1630 1953 1955 0
1953:1714 1951 1952 2101 0
1954:1951 0
1955:1713 1714 1952 0
1956:1908 1945 1959 0
1957:1945 0
1958:1946 0
1959:1956 0
1960:1903 1961 1962 0
1961:1960 0
1962:1960 1964 1965 0
1963:1903 1966 1967 0
1964:974 1962 0
1965:1962 0
1966:1963 0
1967:1963 0
1968:673 1969 1970 1971 1972 1973 0
1969:1968 1974 1975 0
1970:1968 1976 1977 0
1971:1968 1978 1979 0
1972:1968 1980 1981 1982 0
1973:1968 1982 1983 1984 0
1974:1969 1985 0
1975:1761 1763 1969 1980 0
1976:1970 1986 1987 0
1977:1970 1988 1989 0
1978:1971 2066 2120 0
1979:1971 1987 2065 0
1980:1832 1972 1975 0
1981:1972 2038 2040 2057 2058 0
1982:1972 1973 2325 0
1983:1973 1984 2066 0
1984:1973 1983 2333 0
1985:1974 2017 2063 0
1986:1976 2042 2065 0
1987:1976 1979 0
1988:1977 0
1989:1977 0
1990:1492 2223 2224 0
1991:1492 2323 2326 2328 0
1992:1993 1994 1995 0
1993:1992 1996 1997 0
1994:1263 1992 1998 1999 0
1995:1992 2000 2001 0
1996:1925 1993 2002 0
1997:1993 0
1998:1994 2019 2020 0
1999:1994 2001 2021 0
2000:1995 3818 3827 0
2001:1995 1999 3828 3829 0
2002:1996 0
2003:2004 2005 2006 0
2004:2003 2007 2008 0
2005:2003 2011 2012 0
2006:2003 2009 2010 0
2007:1628 1629 2004 2013 0
2008:2004 0
2009:2006 2105 2106 0
2010:2006 0
2011:2005 0
2012:2005 0
2013:1367 2007 2054 0
2014:1701 0
2015:1499 0
2016:1742 1761 2017 0
2017:1754 1985 2016 0
2018:1741 0
2019:1998 0
2020:1998 0
2021:1999 3747 4132 0
2022:1927 0
2023:1899 1926 2026 0
2024:1926 2027 2028 0
2025:1926 2029 2030 0
2026:2023 0
2027:2024 3817 3818 0
2028:2024 0
2029:2025 2030 3889 0
2030:2025 2029 3829 0
2031:1899 2033 2102 0
2032:1872 0
2033:1896 2031 0
2034:1897 0
2035:1564 2099 2100 0
2036:1564 0
2037:1857 0
2038:1832 1981 2039 2040 0
2039:2038 0
2040:1981 2038 2057 2059 0
2041:1730 1755 2042 0
2042:1755 1986 2041 2065 0
2043:2044 0
2044:2043 2045 2046 0
2045:2044 2047 2048 2049 0
2046:2044 2050 2051 0
2047:2045 0
2048:2045 0
2049:2045 0
2050:2046 0
2051:2046 0
2052:1628 0
2053:1629 0
2054:1577 2013 0
2055:1714 0
2056:1529 0
2057:1981 2040 2361 2371 0
2058:1981 0
2059:2040 2371 2373 0
2060:1935 1936 2115 2116 0
2061:1936 2062 3823 0
2062:1936 2061 3812 3830 0
2063:1985 2117 2118 0
2064:1586 0
2065:1979 1986 2042 2119 0
2066:1730 1978 1983 0
2067:305 2068 2069 0
2068:2067 2070 2071 0
2069:2067 0
2070:2068 2073 2074 0
2071:2068 0
2072:305 0
2073:2070 2075 2076 0
2074:2070 0
2075:2073 2375 2377 0
2076:2073 2380 2381 0
2077:2078 2079 2080 0
2078:147 2077 2081 2082 0
2079:2077 0
2080:2077 2083 2084 0
2081:2078 2088 2089 2090 0
2082:2078 2085 2086 0
2083:2080 2121 2123 0
2084:147 2080 2121 2126 0
2085:2082 2087 2822 0
2086:2082 0
2087:147 2085 0
2088:2081 2089 2123 0
2089:2081 2088 2813 0
2090:2081 2820 2822 0
2091:1933 1934 2093 2094 0
2092:1933 2095 2096 0
2093:2091 2097 0
2094:2091 0
2095:2092 0
2096:2092 3815 3816 0
2097:2093 2412 2462 2463 0
2098:1908 0
2099:2035 0
2100:2035 0
2101:1953 0
2102:1929 2031 4345 0
2103:1770 0
2104:1770 0
2105:2009 2107 0
2106:1821 2009 2108 0
2107:2105 0
2108:2106 0
2109:1878 2111 0
2110:1878 0
2111:2109 2112 2113 0
2112:2111 0
2113:2111 0
2114:1925 0
2115:1947 2060 3812 0
2116:2060 0
2117:2063 0
2118:2063 0
2119:2065 0
2120:1978 0
2121:76 77 2083 2084 0
2122:76 0
2123:2083 2088 2768 0
2124:77 2811 4803 0
2125:77 2165 2815 4804 0
2126:2084 0
2127:2128 2129 2130 0
2128:2127 2131 2132 0
2129:2127 0
2130:2127 2133 2134 0
2131:2128 2132 2136 0
2132:2128 2131 2135 0
2133:2130 0
2134:2130 2159 2160 0
2135:2132 2153 0
2136:2131 2158 2164 4981 0
2137:2138 2139 2140 0
2138:2137 2141 2142 0
2139:2137 0
2140:2137 2143 2144 0
2141:2138 2145 2146 0
2142:2138 0
2143:2140 3783 0
2144:2140 0
2145:2141 2147 2148 0
2146:2141 0
2147:2145 0
2148:2145 0
2149:2150 2151 2152 0
2150:2149 2153 2154 0
2151:2149 0
2152:2149 2155 2156 2157 0
2153:2135 2150 2158 0
2154:2150 0
2155:2152 2156 4850 4853 0
2156:2152 2155 4855 4856 0
2157:2152 4853 0
2158:2710 2136 2153 2161 0
2159:2134 3782 0
2160:2134 0
2161:2158 0
2162:145 146 2163 0
2163:2162 0
2164:145 2136 2166 2167 0
2165:146 2125 4830 4833 0
2166:146 2164 4854 4855 0
2167:2164 2783 2878 0
2168:2169 2170 2171 0
2169:2168 2172 2173 0
2170:2168 0
2171:2168 2174 2175 0
2172:2169 2176 2177 0
2173:2169 2178 2179 0
2174:2171 4894 4898 0
2175:2171 4898 4901 4902 0
2176:2172 4835 4847 0
2177:2172 4850 4852 0
2178:2173 2179 4895 0
2179:2173 2178 4895 4897 0
2180:555 0
2181:555 2183 2184 0
2182:552 0
2183:2181 0
2184:2181 0
2185:556 2186 2187 0
2186:2185 0
2187:2185 2189 2190 0
2188:556 558 0
2189:1124 2187 0
2190:558 2187 4409 0
2191:2192 2193 2194 0
2192:2191 2195 2196 2197 0
2193:2191 0
2194:2191 2198 2199 0
2195:2192 2202 2203 0
2196:2192 2200 2201 0
2197:3125 2192 2204 2205 0
2198:2194 0
2199:2194 2206 2207 0
2200:2196 0
2201:2196 0
2202:2195 0
2203:2195 0
2204:2197 0
2205:2197 0
2206:2199 0
2207:2199 2208 2209 0
2208:2207 0
2209:2207 2210 2211 2212 0
2210:2209 2213 2214 0
2211:2209 2220 2221 2222 0
2212:2209 2217 2218 2219 0
2213:2210 0
2214:2210 2215 2216 0
2215:2214 0
2216:2214 2237 2238 0
2217:2212 0
2218:2212 0
2219:2212 2499 0
2220:2211 2499 2508 2509 0
2221:2211 2510 2511 0
2222:2211 2501 2504 2505 0
2223:1990 0
2224:1990 2225 0
2225:2224 2476 0
2226:2227 2228 2229 2230 0
2227:2226 0
2228:2226 2231 2232 2233 0
2229:2226 2234 2235 0
2230:2226 2235 2236 0
2231:2228 4250 4251 0
2232:2228 0
2233:2228 0
2234:2229 4205 4219 0
2235:2229 2230 4271 4358 0
2236:2230 4363 4364 0
2237:2216 0
2238:2216 2496 2497 0
2239:2240 2241 2242 0
2240:2239 2243 2244 0
2241:2239 2245 2246 0
2242:2239 2247 2248 0
2243:2240 2249 2250 0
2244:2240 0
2245:2241 2251 2254 0
2246:2241 2257 2258 0
2247:2242 2268 2485 0
2248:2242 0
2249:2243 0
2250:2243 2476 2480 0
2251:2245 2252 2253 0
2252:2251 0
2253:2251 2255 2256 0
2254:2245 0
2255:2253 2259 2260 0
2256:2253 0
2257:2246 2292 2293 0
2258:2246 2293 2294 2295 0
2259:2255 0
2260:2255 2261 2262 0
2261:2260 2313 2324 0
2262:2260 0
2263:2264 2265 2266 0
2264:2263 2267 2268 0
2265:2263 2267 2269 2270 0
2266:2263 2271 2272 0
2267:2264 2265 2274 0
2268:2247 2264 2273 0
2269:2265 2270 2274 2277 0
2270:2265 2269 2275 2276 0
2271:2266 2276 2285 0
2272:2266 0
2273:2268 2494 2495 0
2274:2267 2269 2278 0
2275:2270 2277 2279 2280 0
2276:2270 2271 2283 2284 0
2277:2269 2275 2278 0
2278:2274 2277 0
2279:2275 0
2280:2275 2281 2282 0
2281:2280 2283 2289 0
2282:2280 2289 2290 0
2283:2276 2281 2288 0
2284:2276 2288 0
2285:2271 2286 2287 0
2286:2285 2296 0
2287:2285 2297 2298 0
2288:2283 2284 2289 0
2289:2281 2282 2288 0
2290:2282 2291 0
2291:2290 2301 2484 0
2292:2257 0
2293:2257 2258 2303 0
2294:2258 2315 2316 0
2295:2905 2258 2317 2318 0
2296:2286 2299 2300 0
2297:2287 0
2298:2287 2300 2310 0
2299:2296 2301 0
2300:2296 2298 2302 0
2301:2291 2299 2309 0
2302:756 2300 2310 2311 0
2303:2293 2313 2314 0
2304:754 755 2319 0
2305:755 0
2306:1726 0
2307:1726 0
2308:1635 0
2309:2301 2321 2327 0
2310:2298 2302 2312 0
2311:2302 2320 2321 0
2312:2310 2315 2336 2337 0
2313:2261 2303 2322 2323 0
2314:2303 0
2315:2294 2312 2317 0
2316:2294 0
2317:2295 2315 2337 2342 0
2318:2295 0
2319:2304 0
2320:2311 2327 0
2321:2309 2311 0
2322:2313 2325 2326 0
2323:1991 2313 0
2324:2261 0
2325:1982 2322 2340 2363 0
2326:1991 2322 2332 2333 0
2327:757 2309 2320 0
2328:1730 1727 1991 2332 0
2329:1727 1728 2332 2333 0
2330:1727 0
2331:1728 0
2332:2326 2328 2329 2486 0
2333:1984 2326 2329 0
2334:757 2439 2440 0
2335:757 758 2440 0
2336:2312 2338 2339 0
2337:2312 2317 2340 2341 0
2338:2336 0
2339:2336 2341 2343 2344 0
2340:2325 2337 2356 2359 0
2341:2337 2339 2445 2446 0
2342:2317 0
2343:2339 2433 2436 0
2344:2339 2436 2447 0
2345:2346 2347 2348 0
2346:2345 2349 2350 0
2347:2345 2351 2352 0
2348:2345 0
2349:2346 2353 2354 0
2350:2346 2355 0
2351:2347 0
2352:2347 0
2353:2349 0
2354:2349 0
2355:2350 0
2356:2340 2357 2358 0
2357:2356 2360 2361 0
2358:2356 2359 2361 2362 0
2359:2340 2358 2364 2365 0
2360:2357 2366 2367 0
2361:2057 2357 2358 2368 0
2362:2358 2378 2383 0
2363:2325 2453 2454 0
2364:2359 2382 2385 2386 0
2365:2359 2386 2391 0
2366:2360 2369 2370 0
2367:2360 0
2368:2361 2372 2375 0
2369:2366 2453 2487 0
2370:2366 0
2371:2057 2059 2372 0
2372:2368 2371 2374 0
2373:2059 0
2374:2372 0
2375:2075 2368 2376 0
2376:2375 0
2377:2075 2378 2379 0
2378:2362 2377 2394 0
2379:2377 2380 2395 2396 0
2380:2076 2379 2403 2406 0
2381:2076 0
2382:2364 2383 2384 0
2383:2362 2382 2389 0
2384:2382 2387 2388 0
2385:2364 2392 2393 0
2386:2364 2365 2390 2391 0
2387:2384 2400 2401 0
2388:2384 2397 2402 0
2389:2383 0
2390:2386 2392 2441 2442 0
2391:2365 2386 2442 2445 0
2392:2385 2390 2441 0
2393:2385 2431 2452 0
2394:2378 2397 2398 2399 0
2395:2379 2413 2416 0
2396:2379 2398 0
2397:2388 2394 2458 2459 0
2398:3178 2394 2396 0
2399:2394 2418 2458 0
2400:2387 2431 0
2401:2387 0
2402:2388 0
2403:2380 2404 2405 0
2404:2403 0
2405:2403 2407 2408 0
2406:2380 0
2407:2405 2409 2410 0
2408:2405 2411 2412 0
2409:978 2407 2421 2427 0
2410:2407 0
2411:2408 0
2412:2097 2408 2492 2493 0
2413:2395 2414 2415 0
2414:2413 2417 2418 0
2415:2413 2419 2420 0
2416:2395 0
2417:2414 0
2418:2399 2414 0
2419:2415 2424 2491 0
2420:2415 0
2421:2409 2422 2423 0
2422:2421 2424 2425 2426 0
2423:2421 2428 2429 0
2424:2419 2422 2430 0
2425:2422 0
2426:2422 0
2427:2409 0
2428:2423 2464 2465 2466 0
2429:2423 0
2430:2424 0
2431:2393 2400 2432 0
2432:2431 4736 0
2433:752 2343 2434 0
2434:753 2433 2437 2438 0
2435:752 753 0
2436:2343 2344 2447 2451 0
2437:2434 0
2438:2434 0
2439:2334 2470 0
2440:759 2334 2335 2473 0
2441:2390 2392 2443 2444 0
2442:2390 2391 2444 2445 0
2443:2441 0
2444:2441 2442 2469 0
2445:2341 2391 2442 2448 0
2446:2341 2448 2449 2450 0
2447:2344 2436 0
2448:2445 2446 2449 0
2449:2446 2448 0
2450:2446 0
2451:2436 0
2452:2393 2455 2456 2457 0
2453:2363 2369 2488 0
2454:2363 2489 2490 0
2455:2452 0
2456:2452 0
2457:2452 0
2458:2397 2399 0
2459:2397 2460 2461 0
2460:2459 2466 0
2461:2459 4427 4734 4735 0
2462:2097 4428 4737 0
2463:2097 3826 4440 0
2464:2428 0
2465:2428 2467 2468 0
2466:2428 2460 0
2467:2465 2468 4422 0
2468:2465 2467 4423 0
2469:2444 0
2470:2439 2471 2472 0
2471:2470 2474 0
2472:2470 2475 0
2473:2440 0
2474:2471 2484 0
2475:2472 0
2476:2225 2250 2477 0
2477:2476 2478 2479 0
2478:2477 2481 2482 0
2479:2477 2483 0
2480:2250 0
2481:2478 0
2482:2478 0
2483:2479 2484 0
2484:2291 2474 2483 0
2485:2247 0
2486:2332 0
2487:2369 0
2488:2453 0
2489:2454 0
2490:2454 0
2491:2419 0
2492:2412 0
2493:2412 0
2494:2273 0
2495:2273 0
2496:2238 0
2497:2238 2498 2499 0
2498:2497 0
2499:2219 2220 2497 2500 0
2500:2499 2501 2503 0
2501:2222 2500 2502 0
2502:2501 0
2503:2500 2506 2507 0
2504:2988 2222 0
2505:2222 0
2506:2503 0
2507:2503 0
2508:2220 0
2509:2220 0
2510:2221 0
2511:2221 2512 2513 0
2512:2511 0
2513:2511 2514 2515 0
2514:2513 2516 2517 0
2515:2513 2524 2525 0
2516:2514 0
2517:2514 0
2518:737 2519 2520 0
2519:2518 2520 2521 0
2520:2518 2519 2522 0
2521:737 2519 2523 0
2522:2520 2523 2532 0
2523:2521 2522 2531 0
2524:2515 0
2525:2515 2526 2527 0
2526:2525 4223 4224 0
2527:2525 0
2528:85 218 2533 0
2529:787 3040 3050 0
2530:649 787 2540 0
2531:2523 2544 0
2532:2522 2542 2543 0
2533:2528 2567 2574 2576 0
2534:649 2535 2536 0
2535:2534 2537 2538 0
2536:2534 2539 2540 2541 0
2537:652 2535 2601 0
2538:2535 2601 2602 0
2539:2536 3050 3092 0
2540:2530 2536 3050 0
2541:2536 2657 3094 0
2542:2532 2566 0
2543:2532 2547 2567 0
2544:2531 2546 2553 0
2545:879 2546 2547 2548 0
2546:2544 2545 2549 2550 0
2547:2543 2545 2551 0
2548:2545 0
2549:651 2546 2552 0
2550:2546 2552 2554 0
2551:2547 2603 2604 0
2552:2549 2550 2572 2573 0
2553:2544 0
2554:2550 2636 2642 2643 0
2555:2556 2557 2558 0
2556:2555 2559 2560 0
2557:2555 0
2558:2555 2561 2562 0
2559:2556 2563 2564 0
2560:2556 0
2561:2558 2709 2717 0
2562:2558 0
2563:2559 2618 2712 0
2564:2559 0
2565:651 652 2570 0
2566:783 2542 2574 0
2567:2533 2543 2597 0
2568:1459 0
2569:1459 3526 3527 0
2570:2565 2572 2617 2618 0
2571:218 220 2575 0
2572:2552 2570 2643 0
2573:2552 2645 0
2574:783 2533 2566 0
2575:2571 0
2576:2533 2598 2599 2600 0
2577:2578 2579 2580 2581 0
2578:2577 2582 2583 2584 0
2579:2577 2585 2586 0
2580:2577 2587 2588 2589 0
2581:2577 2587 2590 0
2582:2578 2585 2591 0
2583:2578 2592 2593 2594 0
2584:2578 2595 2596 0
2585:2579 2582 2615 2616 0
2586:2579 0
2587:2580 2581 2593 3755 0
2588:2580 3519 3525 0
2589:2580 3486 3491 0
2590:2581 0
2591:2582 0
2592:2583 2616 0
2593:2583 2587 3758 0
2594:2583 3758 3763 0
2595:2584 0
2596:2584 0
2597:2567 0
2598:2576 2599 2603 2639 0
2599:2576 2598 2864 0
2600:2576 2630 2635 0
2601:2537 2538 2605 0
2602:2538 0
2603:2551 2598 2619 2620 0
2604:2551 2621 2622 0
2605:2601 2627 2628 2629 0
2606:1038 2607 2608 0
2607:2606 2609 2610 0
2608:2606 2611 2612 0
2609:2607 0
2610:2607 0
2611:1033 2608 2665 0
2612:2608 0
2613:3841 1038 2866 3180 3181 0
2614:1038 1087 3180 0
2615:2585 3526 3528 0
2616:2585 2592 3529 0
2617:2570 2627 2646 2647 0
2618:2563 2570 2648 0
2619:2603 2621 2636 0
2620:2603 0
2621:2604 2619 2637 0
2622:2604 0
2623:219 2625 2626 0
2624:221 267 2641 0
2625:2623 0
2626:2623 0
2627:2605 2617 2628 2650 0
2628:2605 2627 2651 2653 0
2629:2605 0
2630:220 2600 2632 0
2631:220 2632 2633 0
2632:2630 2631 2634 0
2633:221 2631 2640 0
2634:3811 2632 2640 0
2635:2600 0
2636:2554 2619 2638 0
2637:2621 0
2638:623 2636 2642 0
2639:623 2598 2649 0
2640:269 2633 2634 0
2641:2624 0
2642:2554 2638 2655 2656 0
2643:2554 2572 2644 0
2644:2643 0
2645:2573 2967 0
2646:2617 2654 0
2647:2617 0
2648:2618 2710 2711 0
2649:2639 0
2650:2627 2651 2652 0
2651:2628 2650 2653 2658 0
2652:2650 2654 2705 2706 0
2653:2628 2651 2657 0
2654:2646 2652 0
2655:319 2642 2696 0
2656:2642 2714 2886 0
2657:2541 2653 2659 2660 0
2658:2651 0
2659:2657 2722 2725 0
2660:2657 2725 2870 0
2661:2662 2663 2664 0
2662:2661 2665 2666 0
2663:2661 0
2664:2661 2667 2668 0
2665:1033 2611 2662 2666 0
2666:2662 2665 2669 2670 0
2667:2664 2680 2681 0
2668:2664 2685 2686 0
2669:2666 3192 3198 0
2670:2666 0
2671:2672 2673 0
2672:2671 2674 2675 0
2673:2671 2676 2677 0
2674:2672 2678 2679 0
2675:2672 0
2676:2673 2742 2744 0
2677:2673 2757 0
2678:2674 2707 2709 0
2679:2674 2707 2708 0
2680:2667 2682 2683 2684 0
2681:2667 0
2682:2680 2907 2928 0
2683:2680 2900 2906 2907 0
2684:2680 3201 3202 0
2685:1033 2668 3215 0
2686:2668 3216 0
2687:2688 2689 2690 0
2688:2687 0
2689:2687 2693 2694 2695 0
2690:2687 2691 2692 0
2691:2690 3062 3133 0
2692:2690 3131 3134 0
2693:2689 3061 3086 0
2694:2689 2916 3130 0
2695:2689 2899 3063 3128 0
2696:621 2655 2698 0
2697:621 0
2698:622 2696 0
2699:622 0
2700:1048 0
2701:1911 2703 2704 0
2702:1911 0
2703:2701 0
2704:1912 2701 0
2705:2652 0
2706:2652 2727 2735 2736 0
2707:2678 2679 2713 0
2708:2679 0
2709:2561 2678 2718 0
2710:2158 2924 2648 0
2711:2648 0
2712:2563 0
2713:2707 2714 2715 0
2714:2656 2713 2716 0
2715:2713 0
2716:2714 0
2717:2561 0
2718:2709 2719 2720 0
2719:2718 2728 2745 2746 0
2720:2718 2745 2747 2748 0
2721:2722 2723 2724 0
2722:2659 2721 2725 2726 0
2723:4667 2721 2727 2728 0
2724:2721 2729 2730 2731 0
2725:2659 2660 2722 2732 0
2726:915 2722 2731 0
2727:2706 2723 2733 2734 0
2728:2719 2723 2733 0
2729:2724 2730 2782 2795 0
2730:2724 2729 2761 0
2731:2724 2726 2795 0
2732:2725 0
2733:2727 2728 2737 2738 0
2734:2727 0
2735:2706 0
2736:2706 0
2737:2733 0
2738:2733 0
2739:2740 2741 2742 0
2740:2739 0
2741:2739 0
2742:2676 2739 2743 0
2743:2742 0
2744:613 2676 2753 0
2745:2719 2720 2758 0
2746:2719 2759 2760 2761 0
2747:2720 0
2748:2720 2762 2763 0
2749:318 2779 2781 0
2750:319 0
2751:613 0
2752:614 2755 2764 2779 0
2753:2744 2754 2755 2756 0
2754:2753 2770 2771 0
2755:2752 2753 2774 2776 0
2756:2753 0
2757:2677 0
2758:2745 0
2759:2746 2782 2783 0
2760:2746 2783 2786 2787 0
2761:2730 2746 2788 0
2762:2748 2766 0
2763:2748 2767 2768 0
2764:611 2752 0
2765:612 0
2766:2762 2767 2769 0
2767:2763 2766 2801 0
2768:2123 2763 2810 2811 0
2769:2766 2801 2802 0
2770:2754 2774 2775 0
2771:2754 2772 2773 0
2772:2771 2802 2804 0
2773:2771 0
2774:2755 2770 2777 0
2775:2770 0
2776:2755 2778 2779 0
2777:2774 2778 0
2778:2776 2777 2794 0
2779:2749 2752 2776 2780 0
2780:2779 2789 2790 0
2781:2749 2871 2872 0
2782:2729 2759 2784 0
2783:2167 2759 2760 2785 0
2784:2782 2796 2797 0
2785:2783 2816 2819 0
2786:2760 2813 2820 2824 0
2787:2760 0
2788:2761 0
2789:2780 2790 2791 0
2790:2780 2789 2792 0
2791:2789 2792 2793 0
2792:2790 2791 2800 0
2793:2791 0
2794:2778 0
2795:2729 2731 2798 2799 0
2796:2784 2797 2812 0
2797:2784 2796 2812 0
2798:915 1035 2795 2888 0
2799:2795 2812 2882 2887 0
2800:2792 2825 2826 0
2801:2767 2769 2803 0
2802:1854 2769 2772 2805 2806 0
2803:2801 2807 0
2804:2772 0
2805:2802 0
2806:2802 2807 2808 2809 0
2807:2803 2806 0
2808:2806 2809 2827 2831 0
2809:2806 2808 2811 2831 0
2810:2768 0
2811:2124 2768 2809 2815 0
2812:2796 2797 2799 0
2813:2089 2786 2814 0
2814:2813 0
2815:2125 2811 4821 0
2816:2785 2817 2818 0
2817:2816 2820 2821 0
2818:2816 0
2819:2785 0
2820:2090 2786 2817 0
2821:2817 0
2822:2085 2090 2823 0
2823:2822 0
2824:2786 0
2825:2800 0
2826:2800 2827 2828 2829 0
2827:4098 2808 2826 2830 0
2828:2826 2832 2833 0
2829:2826 0
2830:2827 0
2831:2808 2809 4802 0
2832:2828 4797 4798 0
2833:2828 4801 0
2834:2835 2836 2837 0
2835:2834 2838 2839 2840 0
2836:2834 0
2837:2834 2841 2842 0
2838:2835 2843 2844 0
2839:2835 2845 2846 0
2840:2835 2844 2847 0
2841:2837 3157 3158 0
2842:2837 2847 3156 0
2843:2838 2844 3112 3113 0
2844:2838 2840 2843 3132 0
2845:2839 2944 3113 0
2846:2839 0
2847:2840 2842 3169 3171 0
2848:2849 2850 2851 0
2849:2848 0
2850:2848 0
2851:2848 2852 2853 0
2852:2851 3048 3049 0
2853:2851 0
2854:2855 2856 2857 0
2855:2854 2858 2859 0
2856:2854 0
2857:2854 2860 2861 0
2858:2855 2862 2863 0
2859:2855 0
2860:2857 2865 2866 0
2861:2857 2868 2869 0
2862:2858 2908 2910 2913 0
2863:2858 0
2864:2599 0
2865:2860 0
2866:2613 2860 2867 0
2867:2866 2906 3182 0
2868:2861 2900 2901 0
2869:2861 0
2870:2660 3151 3165 0
2871:2781 2873 0
2872:2781 2874 0
2873:2871 2875 0
2874:2872 2876 2877 0
2875:629 2873 0
2876:2874 4802 4805 4806 0
2877:2874 4883 0
2878:2167 4973 4974 0
2879:2880 2881 0
2880:2879 2882 0
2881:2879 2883 2884 0
2882:2799 2880 2885 0
2883:2881 4977 0
2884:2881 4973 4977 0
2885:2882 3318 0
2886:2656 0
2887:2799 3315 3316 0
2888:2798 3244 3247 0
2889:2890 0
2890:2889 0
2891:2892 2893 2894 0
2892:2891 2895 2896 0
2893:2891 0
2894:2891 2897 2898 0
2895:2892 2897 2899 0
2896:2892 0
2897:2894 2895 3100 0
2898:2894 2909 2914 0
2899:2695 2895 3126 0
2900:2683 2868 2902 2903 0
2901:2868 0
2902:2900 2904 2905 0
2903:2900 0
2904:2902 2915 2916 0
2905:2295 2902 0
2906:2683 2867 3192 0
2907:2682 2683 3199 0
2908:2862 2909 2910 0
2909:2898 2908 2911 0
2910:1087 2862 2908 2912 0
2911:2909 0
2912:2910 0
2913:2862 0
2914:2898 3144 3145 3146 0
2915:2904 2918 2919 0
2916:2694 2904 2917 0
2917:2916 3168 3172 0
2918:2915 2926 2927 0
2919:2915 0
2920:522 2922 2923 2924 0
2921:522 817 2923 2925 0
2922:2920 3188 3305 0
2923:2920 2921 2925 3188 0
2924:2710 2920 3305 3309 3534 0
2925:2921 2923 3164 3326 0
2926:2918 2928 2929 2930 0
2927:2918 0
2928:2682 2926 3200 0
2929:2926 3203 3205 3206 0
2930:2926 3206 3207 0
2931:2932 2933 2934 0
2932:2931 2935 2936 2937 0
2933:2931 2934 2938 2939 0
2934:2931 2933 2940 0
2935:2932 2941 2942 0
2936:2932 2939 2945 0
2937:2932 2943 2944 0
2938:2933 0
2939:2933 2936 2946 2947 0
2940:2934 2948 2949 0
2941:2935 3025 3069 0
2942:2935 2945 3082 0
2943:2937 3069 3071 3072 0
2944:2845 2937 3115 3119 0
2945:1709 2936 2942 2947 3089 0
2946:1323 2939 3090 0
2947:2939 2945 3088 0
2948:2940 3116 3117 3118 0
2949:2940 0
2950:1428 3004 0
2951:1428 3006 0
2952:2953 2954 2955 2956 0
2953:1106 1346 2952 0
2954:1312 1346 2952 0
2955:2952 0
2956:1312 2952 2957 0
2957:1311 2956 3749 0
2958:1106 0
2959:1106 0
2960:2961 2962 2963 0
2961:2960 0
2962:2960 2964 0
2963:2960 2964 2965 0
2964:2962 2963 2966 0
2965:2963 0
2966:2964 0
2967:2645 0
2968:2969 2970 2971 2972 0
2969:413 2968 2973 2974 2975 0
2970:2968 2971 2976 0
2971:2968 2970 2979 2980 0
2972:2968 2977 2978 0
2973:2969 2977 2983 0
2974:2969 2975 2981 2982 0
2975:2969 2974 2984 0
2976:2970 2980 3011 0
2977:2972 2973 2978 0
2978:2972 2977 0
2979:2971 0
2980:2971 2976 0
2981:2974 3011 3012 0
2982:2974 2984 0
2983:2973 0
2984:2975 2982 0
2985:592 0
2986:592 0
2987:2988 2989 0
2988:2504 2987 2990 2991 0
2989:2987 2990 2992 0
2990:2988 2989 2993 0
2991:2988 2994 2995 0
2992:2989 0
2993:2990 0
2994:2991 3604 0
2995:2991 0
2996:2997 2998 2999 0
2997:2996 3000 3001 3002 0
2998:2996 2999 3003 0
2999:2996 2998 3004 3005 0
3000:2997 3008 3009 3010 0
3001:2997 3007 3011 3012 0
3002:2997 3006 3007 0
3003:2998 3731 3733 0
3004:2950 2999 3005 0
3005:2999 3004 0
3006:2951 3002 0
3007:3001 3002 0
3008:3000 3729 3732 0
3009:1595 3000 3732 0
3010:3000 0
3011:2976 2981 3001 0
3012:2981 3001 0
3013:3014 3015 3016 0
3014:3636 973 3013 3017 0
3015:3013 0
3016:973 3013 3018 0
3017:986 3014 3019 0
3018:3016 3020 3024 3025 0
3019:3017 0
3020:1002 1007 3018 0
3021:986 993 3039 0
3022:993 3040 3041 0
3023:993 3042 3043 3044 0
3024:1002 3018 3026 3027 0
3025:3550 2941 3018 3028 0
3026:3024 3027 3029 0
3027:3024 3026 3035 0
3028:3025 0
3029:3026 3030 3031 0
3030:3029 3032 3033 0
3031:3029 3034 0
3032:3030 3036 3037 0
3033:3030 0
3034:3031 3053 3054 0
3035:3027 3082 3327 0
3036:3032 3296 3370 0
3037:3032 0
3038:986 3045 3046 0
3039:3021 0
3040:2529 3022 3047 0
3041:3022 0
3042:3023 3098 3103 0
3043:4493 3023 3047 3066 3067 0
3044:3023 3058 3063 0
3045:3038 3055 3058 3059 0
3046:3038 0
3047:3040 3043 3051 0
3048:2852 3157 3162 0
3049:2852 0
3050:2529 2539 2540 3052 0
3051:3047 3052 3068 0
3052:3050 3051 3067 3092 0
3053:3034 3054 3091 0
3054:3034 3053 3296 0
3055:3045 3056 3057 0
3056:3055 3060 3061 3062 0
3057:3055 3061 3063 0
3058:3044 3045 0
3059:3045 3060 3064 3065 0
3060:3056 3059 3083 0
3061:2693 3056 3057 0
3062:2691 3056 3084 0
3063:2695 3044 3057 3085 0
3064:3059 3065 3076 0
3065:3059 3064 0
3066:3043 3097 3104 0
3067:3043 3052 3097 0
3068:3051 0
3069:2941 2943 3070 0
3070:3069 0
3071:2943 0
3072:2943 3074 3081 0
3073:3074 3075 3076 0
3074:3072 3073 3077 0
3075:3073 3078 3079 0
3076:3064 3073 3080 0
3077:3074 0
3078:3075 3108 3111 0
3079:3075 0
3080:3076 0
3081:3072 0
3082:2942 3035 3089 3091 0
3083:3060 0
3084:3062 0
3085:3063 3126 3129 0
3086:2693 0
3087:1324 3088 0
3088:2947 3087 3089 3090 0
3089:2945 3082 3088 3091 0
3090:1323 1324 2946 3088 0
3091:3053 3082 3089 3297 0
3092:2539 3052 3093 0
3093:3092 3095 3096 0
3094:2541 0
3095:3093 3136 3137 0
3096:3093 0
3097:3066 3067 3105 3106 0
3098:3042 3099 3100 0
3099:3098 3101 3102 0
3100:279 2897 3098 3104 0
3101:3099 0
3102:3099 0
3103:3042 0
3104:3066 3100 3107 0
3105:3097 3136 3141 0
3106:3097 0
3107:3104 0
3108:3078 3109 3110 0
3109:3108 3112 3113 3114 0
3110:3108 3113 3115 0
3111:3078 0
3112:2843 3109 3131 0
3113:2843 2845 3109 3110 0
3114:3109 0
3115:2944 3110 3299 0
3116:2948 3119 3120 0
3117:2948 3121 3122 0
3118:2948 3123 3124 0
3119:2944 3116 3125 0
3120:3116 0
3121:1323 3117 3122 3298 0
3122:3117 3121 3325 3326 0
3123:3118 3163 3521 0
3124:3118 0
3125:2197 3119 0
3126:2899 3085 3127 0
3127:3126 0
3128:2695 0
3129:3085 0
3130:2694 0
3131:2692 3112 3132 0
3132:2844 3131 3135 0
3133:2691 0
3134:2692 0
3135:3132 3154 3155 0
3136:3095 3105 3138 0
3137:3095 3139 3140 0
3138:3136 3142 3143 0
3139:3137 0
3140:3137 0
3141:3105 0
3142:3138 3149 3328 0
3143:400 3138 0
3144:2914 3147 3148 0
3145:4439 2914 0
3146:2914 0
3147:3144 3149 3150 0
3148:3144 3151 3152 0
3149:3142 3147 3153 0
3150:3147 0
3151:2870 3148 3166 0
3152:3148 0
3153:3149 0
3154:3135 3168 3169 3170 0
3155:3135 0
3156:2842 3173 3174 0
3157:2841 3048 3159 0
3158:2841 0
3159:3157 3160 3161 0
3160:3159 3163 3164 0
3161:3159 0
3162:3048 0
3163:3123 3160 3326 0
3164:2925 3160 3185 0
3165:918 2870 3167 0
3166:4441 3151 0
3167:3165 0
3168:2917 3154 3169 0
3169:2847 3154 3168 3171 0
3170:4304 3154 0
3171:2847 3169 3175 0
3172:2917 0
3173:3156 3177 3178 3179 0
3174:3156 3176 3177 0
3175:3171 3190 3206 0
3176:3174 0
3177:3173 3174 3189 3190 0
3178:2398 3173 3184 3185 0
3179:3173 0
3180:2613 2614 0
3181:2613 0
3182:2867 0
3183:916 0
3184:3178 3186 3187 0
3185:3164 3178 3188 0
3186:3184 3189 3195 0
3187:3184 0
3188:2922 2923 3185 3302 0
3189:3177 3186 3194 0
3190:3175 3177 3194 0
3191:920 0
3192:2669 2906 3193 0
3193:3192 0
3194:3189 3190 3196 3197 0
3195:3186 0
3196:3194 3302 3303 0
3197:3194 3234 3306 0
3198:2669 3323 3324 0
3199:2907 0
3200:2928 3203 3204 0
3201:2684 3203 3222 0
3202:2684 3215 3242 0
3203:2929 3200 3201 3205 0
3204:3200 0
3205:2929 3203 3219 0
3206:2929 2930 3175 3209 0
3207:2930 0
3208:3209 3210 3211 0
3209:3206 3208 3212 0
3210:3208 3213 3214 0
3211:3208 3213 0
3212:3209 0
3213:3210 3211 3219 0
3214:3210 3220 3221 0
3215:2685 3202 3217 3218 0
3216:2686 0
3217:1034 3215 3238 0
3218:3215 0
3219:3205 3213 3222 0
3220:3214 3223 3229 0
3221:3214 0
3222:3201 3219 3236 3237 0
3223:3220 3224 3225 3226 0
3224:3223 3227 3228 0
3225:3223 3230 3231 0
3226:3223 3232 3233 0
3227:3224 3234 3235 0
3228:3224 0
3229:4934 3220 0
3230:3225 3231 3237 3250 0
3231:3225 3230 3248 3249 0
3232:3226 0
3233:3226 3352 3353 0
3234:3197 3227 3310 0
3235:3227 0
3236:3222 3251 3252 3253 0
3237:3222 3230 0
3238:3217 3240 3241 0
3239:1034 0
3240:3238 3243 3244 0
3241:3238 3245 3246 0
3242:3202 3313 3314 0
3243:1035 3240 0
3244:2888 3240 0
3245:3241 3271 3272 0
3246:3241 0
3247:2888 0
3248:3231 3281 3286 0
3249:3231 3311 0
3250:3230 3265 3266 0
3251:3236 3257 3258 0
3252:3236 3254 3255 3256 0
3253:3236 0
3254:3252 0
3255:3252 0
3256:3252 3259 3270 0
3257:3251 3259 3260 0
3258:3251 0
3259:3256 3257 3261 3262 0
3260:3257 3263 3264 0
3261:1075 1096 3259 0
3262:3259 3266 3291 3292 0
3263:3260 3265 3269 0
3264:3260 0
3265:3250 3263 3267 0
3266:3250 3262 3268 0
3267:3265 0
3268:3266 3321 0
3269:3263 0
3270:3256 3312 0
3271:3245 3273 3274 3275 0
3272:3245 3276 3277 0
3273:3271 0
3274:3271 3278 0
3275:3271 0
3276:3272 3277 3313 0
3277:3272 3276 3278 3317 0
3278:3274 3277 0
3279:3280 3281 3282 0
3280:3279 0
3281:3248 3279 3283 0
3282:3279 3284 3285 0
3283:3281 3287 3288 3289 0
3284:3282 0
3285:3282 3289 3771 0
3286:3248 0
3287:3283 3713 3721 0
3288:3283 3674 0
3289:3283 3285 3718 3721 0
3290:1075 0
3291:3262 0
3292:3262 3319 3320 0
3293:1451 3355 3356 0
3294:1451 3360 3361 0
3295:1451 3357 3358 3359 0
3296:3036 3054 3297 0
3297:3091 3296 3322 0
3298:491 3121 3326 0
3299:3115 3300 3301 0
3300:3299 0
3301:3299 0
3302:3188 3196 3303 0
3303:3196 3302 3304 0
3304:3303 3307 3308 3309 0
3305:2922 2924 3532 0
3306:3197 0
3307:3304 3343 3349 0
3308:3304 3556 3561 0
3309:525 2924 3304 3595 0
3310:3234 0
3311:3249 0
3312:3270 0
3313:3242 3276 4979 0
3314:3242 0
3315:2887 0
3316:2887 0
3317:3277 0
3318:2885 0
3319:3292 0
3320:3292 0
3321:3268 0
3322:3297 0
3323:3198 0
3324:3198 0
3325:3122 0
3326:2925 3122 3163 3298 0
3327:3035 0
3328:3142 0
3329:3330 3331 3332 0
3330:3329 3333 3334 0
3331:3329 0
3332:3329 3335 3336 3337 0
3333:3330 3338 3339 0
3334:3330 3340 3341 0
3335:3332 0
3336:3332 0
3337:3332 3601 3610 0
3338:3333 3781 3782 0
3339:3333 0
3340:3334 0
3341:3334 0
3342:3343 3344 3345 0
3343:3307 3342 3346 0
3344:3342 3347 3348 0
3345:3342 0
3346:3343 3350 3351 0
3347:3344 3671 3672 0
3348:3344 0
3349:3307 3353 3612 0
3350:3346 3586 3595 0
3351:3346 3597 3625 0
3352:3233 0
3353:3233 3349 3611 0
3354:1385 0
3355:3293 3362 3363 0
3356:3293 0
3357:1347 3295 3362 0
3358:3295 3360 3368 3369 0
3359:3295 3372 3373 0
3360:3294 3358 3368 0
3361:3294 0
3362:3355 3357 3371 0
3363:3355 0
3364:1311 3462 3790 0
3365:1351 0
3366:1348 0
3367:1352 0
3368:3358 3360 3370 0
3369:3358 0
3370:3036 3368 3778 0
3371:3362 0
3372:1107 3359 3383 0
3373:3359 0
3374:1349 3375 3376 0
3375:3374 0
3376:3374 3378 3379 3380 0
3377:1349 3381 3382 0
3378:3376 3398 3399 0
3379:3376 0
3380:3376 3400 3401 0
3381:3377 0
3382:3377 0
3383:3372 0
3384:1107 0
3385:3386 3387 3388 0
3386:3385 3389 3390 0
3387:3385 0
3388:3385 3391 3392 3393 0
3389:3386 3394 3395 0
3390:3386 3396 3397 0
3391:3388 0
3392:3388 0
3393:3388 0
3394:3389 4778 0
3395:3389 0
3396:3390 0
3397:3390 0
3398:3378 3400 3402 0
3399:3378 3402 3403 0
3400:3380 3398 3404 3405 0
3401:3380 3475 3750 0
3402:1339 3398 3399 0
3403:3399 0
3404:3400 3447 3475 0
3405:3400 3477 3483 0
3406:3407 3408 0
3407:3406 3409 3410 0
3408:3406 3411 3412 0
3409:3407 3413 3414 0
3410:3407 3415 3416 0
3411:3408 3417 3418 3419 0
3412:3408 0
3413:3409 0
3414:3409 3415 0
3415:3410 3414 0
3416:3410 0
3417:3411 3420 3421 0
3418:3411 0
3419:3411 0
3420:3417 3422 3423 0
3421:3417 0
3422:3420 0
3423:3420 0
3424:3425 3426 3427 0
3425:3424 3428 3429 0
3426:3424 0
3427:3424 3430 3431 0
3428:3425 3432 3433 3434 0
3429:3425 3435 3436 0
3430:3427 0
3431:3427 0
3432:3428 0
3433:3428 0
3434:3428 0
3435:3429 0
3436:3429 0
3437:3438 3439 3440 0
3438:3437 0
3439:3437 0
3440:799 801 1350 3437 0
3441:493 494 3442 0
3442:493 3441 3466 3467 0
3443:799 0
3444:801 802 3456 3457 0
3445:3446 0
3446:3445 3447 3448 0
3447:3404 3446 3449 3450 0
3448:3446 3451 3452 3453 0
3449:3447 3471 3472 0
3450:3447 0
3451:800 3448 3488 3518 0
3452:3448 3751 3752 0
3453:3448 0
3454:3455 3456 3457 0
3455:3454 3458 3459 3460 0
3456:3444 3454 0
3457:3444 3454 3458 3461 0
3458:3455 3457 3462 3463 0
3459:3455 0
3460:3455 3464 3465 0
3461:802 3457 3485 0
3462:3364 3458 3463 0
3463:3458 3462 3789 0
3464:3460 0
3465:3460 0
3466:3442 0
3467:3442 0
3468:494 495 3469 3470 0
3469:3468 3501 3502 0
3470:3468 0
3471:3449 0
3472:3449 3473 3474 0
3473:3472 3477 3478 0
3474:3472 3486 3487 0
3475:3401 3404 3751 3752 0
3476:800 3491 3519 3520 0
3477:3405 3473 3479 3480 0
3478:3473 3481 3482 0
3479:3477 0
3480:3477 3484 0
3481:3478 3487 3492 0
3482:3478 0
3483:3405 0
3484:3480 3493 3753 3754 0
3485:3461 0
3486:2589 3474 3488 0
3487:3474 3481 3489 0
3488:3451 3486 3490 0
3489:3487 3516 3517 0
3490:3488 0
3491:2589 3476 3798 0
3492:3481 3493 3494 3495 0
3493:3484 3492 3496 0
3494:3492 3499 3500 0
3495:3492 3497 3498 0
3496:3493 0
3497:3495 3759 4051 0
3498:3495 0
3499:3494 3805 4045 0
3500:3494 0
3501:3469 0
3502:3469 3503 3504 0
3503:808 3502 3506 0
3504:3502 3507 3508 0
3505:495 3535 0
3506:3503 3512 3514 0
3507:3504 0
3508:3504 0
3509:3510 3511 3512 0
3510:3509 0
3511:3509 0
3512:3506 3509 3513 0
3513:4268 3512 0
3514:3506 0
3515:808 0
3516:3489 0
3517:3489 0
3518:3451 0
3519:2588 3476 0
3520:3476 0
3521:3123 3522 3523 0
3522:3521 0
3523:3521 0
3524:3525 3526 0
3525:2588 3524 0
3526:2569 2615 3524 0
3527:2569 0
3528:2615 3530 3531 0
3529:2616 3541 3547 0
3530:3528 3539 3540 0
3531:3528 3541 3542 0
3532:3305 3559 3791 0
3533:586 0
3534:2924 0
3535:817 3505 0
3536:481 506 0
3537:713 1467 3552 0
3538:713 0
3539:3530 3543 3544 0
3540:3530 0
3541:3529 3531 3545 3546 0
3542:3531 3551 0
3543:1457 3539 3563 3564 0
3544:3539 0
3545:1056 3541 3550 0
3546:3541 3548 3549 0
3547:3529 0
3548:3546 4193 4196 0
3549:3546 0
3550:3025 3545 0
3551:3542 3627 3629 3631 0
3552:3537 3553 3554 0
3553:3552 3574 3575 0
3554:484 3552 3573 0
3555:1467 3563 3569 3572 0
3556:3308 3557 3558 0
3557:3556 3559 3560 0
3558:261 3556 0
3559:3532 3557 3562 0
3560:3557 0
3561:3308 0
3562:3559 0
3563:3543 3555 3566 0
3564:3543 3567 3568 3569 0
3565:1457 0
3566:3563 3570 3571 0
3567:3564 0
3568:3564 3588 3589 3590 0
3569:3555 3564 0
3570:3566 0
3571:3566 0
3572:3555 0
3573:3554 3582 3583 0
3574:483 3553 3576 0
3575:3553 0
3576:484 3574 0
3577:483 0
3578:482 3580 3581 0
3579:1056 0
3580:3578 3658 3670 0
3581:3578 0
3582:3573 3584 3585 0
3583:3573 0
3584:3582 3591 3592 0
3585:3582 3593 3594 0
3586:525 3350 3595 3597 0
3587:525 3658 0
3588:3568 3632 3635 0
3589:3568 3637 3682 0
3590:3568 3638 3647 0
3591:3584 0
3592:3584 0
3593:3585 3638 3639 3640 0
3594:3585 0
3595:3309 3350 3586 3596 0
3596:3595 0
3597:3351 3586 3598 3599 0
3598:3597 3625 3649 3650 0
3599:3597 0
3600:3601 3602 3603 0
3601:3337 3600 3604 0
3602:3600 3605 3606 0
3603:3600 3607 3608 0
3604:2994 3601 3609 0
3605:3602 3779 3780 0
3606:3602 0
3607:3603 0
3608:3603 0
3609:3604 0
3610:385 3337 0
3611:3353 3792 3793 0
3612:3349 0
3613:3614 3615 3616 0
3614:3613 3617 3618 0
3615:3613 3622 3623 0
3616:3613 3619 3620 3621 0
3617:1058 3614 3624 0
3618:3614 0
3619:3616 4244 4247 0
3620:3616 3626 3728 0
3621:3616 0
3622:3615 3626 3627 0
3623:3615 0
3624:3617 0
3625:3351 3598 3648 0
3626:3620 3622 3628 3629 0
3627:3551 3622 3630 0
3628:3626 3723 3724 0
3629:3551 3626 3637 0
3630:3627 0
3631:3551 3632 3633 3634 0
3632:3588 3631 3635 3636 0
3633:3631 0
3634:3631 0
3635:3588 3632 0
3636:1299 3014 3632 0
3637:3589 3629 3764 0
3638:3590 3593 3641 3642 0
3639:3593 3643 3644 0
3640:3593 3645 3646 0
3641:3638 0
3642:3638 0
3643:3639 3679 3683 0
3644:3639 0
3645:3640 3682 3692 0
3646:3640 0
3647:3590 0
3648:3625 3650 3651 0
3649:3598 3652 3653 0
3650:3598 3648 3654 3655 0
3651:3648 3654 3671 0
3652:3649 3661 3774 0
3653:3649 0
3654:3650 3651 3677 0
3655:3650 0
3656:3657 3658 3659 3660 0
3657:3656 3661 3662 3663 0
3658:3580 3587 3656 0
3659:74 3656 3666 3667 0
3660:3656 3664 3665 0
3661:3652 3657 3668 0
3662:3657 3669 0
3663:3657 0
3664:3660 3701 3702 3703 0
3665:3660 3704 3705 0
3666:3659 3678 3679 0
3667:3659 0
3668:3661 0
3669:3662 3703 3738 3743 0
3670:3580 0
3671:3347 3651 3673 0
3672:3347 3674 3675 0
3673:3671 3676 3677 0
3674:3288 3672 3676 3693 0
3675:3672 0
3676:3673 3674 3694 3699 0
3677:3654 3673 3699 0
3678:3666 3679 3680 3681 0
3679:3643 3666 3678 3682 0
3680:3678 0
3681:3678 0
3682:3589 3645 3679 3684 0
3683:3643 0
3684:3682 3685 3688 0
3685:3684 3686 0
3686:3685 3687 0
3687:3686 0
3688:3684 3689 3690 3691 0
3689:3688 0
3690:3688 0
3691:3688 0
3692:3645 0
3693:3674 3694 3695 0
3694:3676 3693 3696 0
3695:288 3693 3697 3698 0
3696:288 3694 3699 3700 0
3697:3695 3713 3714 0
3698:289 3695 3716 0
3699:3676 3677 3696 3765 0
3700:3696 0
3701:3664 3706 3707 0
3702:3664 0
3703:3664 3669 3712 0
3704:3665 3743 3773 0
3705:3665 0
3706:3701 3708 3709 0
3707:3701 3710 3711 0
3708:3706 0
3709:3706 0
3710:3707 3712 0
3711:3707 0
3712:3703 3710 0
3713:3287 3697 3720 0
3714:3697 3717 3718 3719 0
3715:288 3736 3737 0
3716:3698 0
3717:3714 0
3718:3289 3714 3770 0
3719:3714 0
3720:3713 0
3721:3287 3289 3722 0
3722:3721 0
3723:3628 0
3724:3628 3725 3726 3727 0
3725:3724 4788 0
3726:3724 3769 0
3727:3724 0
3728:3620 4279 4361 0
3729:3008 3730 3731 0
3730:3729 0
3731:3003 3729 3733 0
3732:3008 3009 3734 3735 0
3733:3003 3731 0
3734:3732 0
3735:3732 0
3736:3715 3738 3739 0
3737:3715 0
3738:3669 3736 3740 0
3739:3736 3741 3742 0
3740:3738 0
3741:3739 0
3742:3739 0
3743:3669 3704 3772 0
3744:1306 1338 3745 0
3745:3744 3747 0
3746:1306 3747 0
3747:2021 3745 3746 0
3748:1326 0
3749:2957 0
3750:3401 0
3751:3452 3475 3752 0
3752:3452 3475 3751 0
3753:3484 3807 3808 0
3754:3484 3809 3810 0
3755:2587 3756 3757 0
3756:3755 3759 3760 0
3757:3755 0
3758:2593 2594 4059 4109 0
3759:3497 3756 4053 0
3760:3756 0
3761:811 0
3762:811 0
3763:2594 4175 0
3764:3637 3767 3768 3769 0
3765:3699 3766 0
3766:3765 0
3767:3764 0
3768:3764 3775 3776 3777 0
3769:3726 3764 3775 0
3770:3718 0
3771:3285 0
3772:3743 0
3773:3704 0
3774:3652 0
3775:3768 3769 0
3776:3768 0
3777:3768 0
3778:3370 0
3779:3605 0
3780:3605 0
3781:3338 3783 3784 3785 3786 0
3782:2159 3338 3787 3788 0
3783:2143 3781 3786 0
3784:3781 0
3785:3781 0
3786:3781 3783 0
3787:3782 0
3788:3782 0
3789:3463 0
3790:3364 0
3791:3532 0
3792:3611 0
3793:3611 0
3794:509 0
3795:509 0
3796:816 0
3797:816 0
3798:3491 0
3799:3800 3801 3802 0
3800:3799 0
3801:3799 3803 3804 0
3802:3799 3805 3806 0
3803:3801 4029 4039 4040 0
3804:3801 0
3805:3499 3802 4046 0
3806:3802 0
3807:3753 3918 3976 0
3808:3753 3977 3978 0
3809:3754 3889 3962 3965 0
3810:3754 4027 0
3811:2634 1947 3813 3814 0
3812:2062 2115 3820 3821 0
3813:3811 0
3814:3811 3821 3837 0
3815:2096 3822 3823 3824 0
3816:2096 3825 3826 0
3817:2027 0
3818:2000 2027 3819 0
3819:3818 0
3820:3812 3830 3831 0
3821:3812 3814 3836 3837 0
3822:1580 3815 3921 3923 0
3823:2061 3815 3921 0
3824:3815 3921 3924 3925 0
3825:3816 3924 4434 4435 0
3826:2463 3816 4436 0
3827:2000 0
3828:2001 3841 3842 0
3829:2001 2030 3841 0
3830:2062 3820 3834 3835 0
3831:3820 3832 3833 0
3832:3831 3869 3870 0
3833:3831 3839 3868 0
3834:3830 0
3835:3830 3838 3839 3840 0
3836:3821 3869 3895 0
3837:3814 3821 3853 4329 0
3838:3835 4079 4120 4123 0
3839:3833 3835 0
3840:3835 4009 4054 0
3841:2613 3828 3829 3843 3844 0
3842:3828 3845 3846 0
3843:3841 3916 3919 0
3844:3841 0
3845:3842 3864 4132 0
3846:3842 0
3847:3848 3849 3850 0
3848:3847 3851 3852 3853 0
3849:3847 3854 3855 0
3850:3847 3856 3857 0
3851:3848 3853 3858 3859 0
3852:3848 3858 3860 0
3853:3837 3848 3851 3861 0
3854:3849 0
3855:3849 3856 3867 0
3856:3850 3855 3871 0
3857:3850 3860 3872 3873 0
3858:3851 3852 3860 3950 0
3859:3851 4327 4328 0
3860:3852 3857 3858 3946 0
3861:3853 0
3862:3863 0
3863:3862 3864 3865 0
3864:3845 3863 3866 0
3865:3863 0
3866:4815 3864 0
3867:3855 3874 3875 0
3868:3833 0
3869:3832 3836 3894 0
3870:3832 0
3871:3856 3898 3899 3900 0
3872:829 3857 3910 3945 0
3873:3857 3900 3910 3947 0
3874:3867 0
3875:3867 0
3876:3877 3878 3879 0
3877:3876 3880 3881 0
3878:1928 3876 3882 3883 0
3879:3876 3884 3885 0
3880:3877 3883 3886 0
3881:3877 0
3882:3878 3884 3889 0
3883:3878 3880 3890 3891 0
3884:3879 3882 3892 3893 0
3885:3879 0
3886:3880 3890 4321 0
3887:1928 3889 4344 0
3888:1928 1929 4343 0
3889:2029 3809 3882 3887 0
3890:3883 3886 4324 4346 0
3891:3883 0
3892:3884 3962 3964 0
3893:3884 4018 4097 0
3894:3869 3896 3897 0
3895:3836 0
3896:3894 3969 4006 0
3897:3894 0
3898:3871 3899 3913 0
3899:3871 3898 3914 3915 0
3900:3871 3873 3910 0
3901:3902 3903 3904 0
3902:3901 3905 3906 0
3903:3901 3908 3909 0
3904:3901 3907 0
3905:3902 3910 3911 3912 0
3906:3902 0
3907:3904 3912 4020 0
3908:3903 4005 4008 0
3909:3903 4020 0
3910:3872 3873 3900 3905 0
3911:3905 3945 3948 3949 0
3912:3905 3907 3949 4038 0
3913:3898 0
3914:3899 3928 3929 0
3915:3899 3930 3931 3932 0
3916:3843 3917 3918 0
3917:3916 0
3918:3807 3916 3920 0
3919:3843 0
3920:3918 0
3921:3822 3823 3824 3922 0
3922:3921 3926 3927 0
3923:3822 0
3924:3824 3825 4438 0
3925:3824 4452 0
3926:3922 3999 4002 0
3927:3922 0
3928:3914 3933 0
3929:3914 3931 3934 0
3930:3915 3932 3951 0
3931:1273 3915 3929 3935 0
3932:3915 3930 3952 0
3933:3928 3935 0
3934:3929 0
3935:3931 3933 3953 0
3936:3937 3938 3939 0
3937:3936 3939 3940 0
3938:3936 3943 3944 0
3939:3936 3937 3941 3942 0
3940:3937 0
3941:3939 3945 0
3942:3939 3982 4477 0
3943:3938 3954 3955 0
3944:3938 0
3945:3872 3911 3941 3946 0
3946:3860 3945 3950 0
3947:3873 0
3948:3911 3991 4038 0
3949:3911 3912 4038 0
3950:3858 3946 4318 0
3951:3930 0
3952:3932 3959 0
3953:3935 3969 3970 0
3954:3943 3957 3958 0
3955:3943 3956 0
3956:3955 3971 3975 0
3957:3954 3971 3972 0
3958:3954 0
3959:3952 3960 0
3960:3959 3961 0
3961:3960 0
3962:3809 3892 3963 0
3963:3962 3966 3967 0
3964:3892 0
3965:3809 3968 0
3966:3963 4011 4012 0
3967:3963 4021 4022 0
3968:3965 0
3969:3896 3953 4005 0
3970:3953 0
3971:3956 3957 3974 0
3972:3957 3973 0
3973:3972 3980 3983 0
3974:3971 0
3975:3956 0
3976:3807 0
3977:3808 3979 0
3978:3808 0
3979:3977 0
3980:3973 3981 3982 0
3981:3980 3984 3985 0
3982:299 3942 3980 3986 0
3983:3973 0
3984:3981 3987 3988 0
3985:3981 0
3986:3982 4024 0
3987:3984 0
3988:3984 0
3989:3990 0
3990:3989 3991 3992 0
3991:3948 3990 3994 0
3992:3990 3993 0
3993:3992 4014 0
3994:3991 4019 0
3995:3996 3997 0
3996:3995 3998 0
3997:3995 3999 4000 0
3998:3996 0
3999:3926 3997 4001 0
4000:3997 0
4001:3999 4003 4004 0
4002:3926 0
4003:4001 0
4004:4001 4076 0
4005:3908 3969 4007 0
4006:3896 0
4007:4005 4009 4010 0
4008:3908 4013 4014 4015 0
4009:3840 4007 0
4010:4007 4049 4050 0
4011:3966 0
4012:3966 0
4013:4008 4019 4020 0
4014:3993 4008 4016 0
4015:4008 4017 4018 0
4016:4014 4018 4023 4024 0
4017:4015 4049 4110 4113 0
4018:3893 4015 4016 4026 0
4019:3994 4013 4038 0
4020:3907 3909 4013 0
4021:3967 4032 4033 0
4022:3967 0
4023:4016 0
4024:3986 4016 4025 0
4025:4024 0
4026:4018 4129 4130 4133 0
4027:3810 4028 4029 0
4028:4027 4030 0
4029:3803 4027 4031 0
4030:4028 0
4031:4029 0
4032:4021 4036 4037 0
4033:4021 4034 4035 0
4034:4033 4039 4041 0
4035:4033 0
4036:4032 4087 4097 4098 0
4037:4032 0
4038:3912 3948 3949 4019 0
4039:3803 4034 4041 0
4040:3803 4042 4043 0
4041:4034 4039 4044 0
4042:4040 4058 4064 0
4043:4040 0
4044:4041 0
4045:3499 4047 4048 0
4046:3805 0
4047:4045 4052 4057 0
4048:4045 0
4049:4010 4017 4117 0
4050:4010 0
4051:3497 4052 4053 0
4052:4047 4051 4055 4056 0
4053:3759 4051 4062 0
4054:3840 4118 4120 4122 0
4055:4052 4058 4059 0
4056:4052 4060 4061 0
4057:4047 0
4058:4042 4055 4063 0
4059:3758 4055 4069 4070 0
4060:4056 4067 0
4061:4056 0
4062:4053 0
4063:4058 4065 4066 0
4064:4537 4042 0
4065:4063 4067 4068 0
4066:4063 0
4067:4060 4065 0
4068:4065 0
4069:4059 4070 4102 0
4070:4059 4069 4107 4108 0
4071:4072 4073 4074 0
4072:4071 4075 4076 0
4073:4071 4077 4078 0
4074:4071 4079 4080 0
4075:4072 4077 4082 4083 0
4076:4004 4072 4081 0
4077:4073 4075 4084 4085 0
4078:4073 0
4079:3838 4074 4353 0
4080:4074 0
4081:4076 0
4082:4075 0
4083:4075 0
4084:4077 4348 4349 0
4085:4077 4123 4350 0
4086:4087 4088 4089 4090 0
4087:4036 4086 4088 4091 0
4088:4086 4087 4092 4093 0
4089:4086 4094 4095 0
4090:4086 4091 4096 0
4091:4087 4090 4099 0
4092:229 4088 4097 4100 4101 0
4093:4088 0
4094:4089 4410 4411 0
4095:4089 4141 4412 0
4096:4090 0
4097:3893 4036 4092 0
4098:2827 4036 0
4099:4091 4105 4107 0
4100:4092 4111 4128 0
4101:4092 0
4102:4069 4103 4104 0
4103:4102 4105 4106 0
4104:4102 0
4105:4099 4103 4107 4109 0
4106:4103 0
4107:4070 4099 4105 4354 0
4108:4070 0
4109:3758 4105 4216 0
4110:4017 4111 4112 0
4111:4100 4110 4114 0
4112:4110 4113 4115 4116 0
4113:4017 4112 4118 0
4114:4111 4126 4127 0
4115:4112 4146 4147 4148 0
4116:95 4112 0
4117:4049 0
4118:4054 4113 4125 0
4119:4120 4121 4122 0
4120:3838 4054 4119 4123 0
4121:4119 4124 0
4122:4054 4119 4124 4125 0
4123:3838 4085 4120 0
4124:4121 4122 4131 0
4125:4118 4122 4163 4347 0
4126:4114 4129 4130 0
4127:4114 0
4128:4100 4143 4146 4151 0
4129:4026 4126 4130 0
4130:4026 4126 4129 4136 0
4131:4124 4147 4161 4162 0
4132:2021 3845 0
4133:4026 4134 4135 0
4134:4133 0
4135:4133 0
4136:4130 0
4137:4138 4139 4140 0
4138:4137 4141 4142 0
4139:4137 0
4140:4137 4143 4144 0
4141:4095 4138 4145 0
4142:4138 0
4143:4128 4140 4154 0
4144:4140 0
4145:4141 0
4146:4115 4128 4153 0
4147:4115 4131 4149 0
4148:4115 4150 4151 4152 0
4149:4147 4159 4160 0
4150:980 4148 4207 4269 0
4151:4128 4148 4155 4156 0
4152:4148 4207 4268 0
4153:4146 0
4154:4143 4157 4158 0
4155:4151 4203 4206 0
4156:4151 0
4157:4154 0
4158:4154 0
4159:4149 4163 4164 0
4160:4149 0
4161:4131 4191 4202 0
4162:4131 4239 4260 4269 0
4163:4125 4159 4356 0
4164:4159 0
4165:4166 4167 4168 0
4166:4165 4169 4170 0
4167:4165 4171 4172 0
4168:4165 4173 4174 0
4169:4166 4173 4177 4178 0
4170:4166 4175 4176 0
4171:4167 0
4172:4167 0
4173:4168 4169 4213 4216 0
4174:4168 0
4175:3763 4170 0
4176:4746 4170 0
4177:4169 4214 4221 4222 0
4178:4169 4195 4222 4229 0
4179:4180 4181 4182 0
4180:4179 4183 4184 0
4181:4179 4185 4186 0
4182:4179 4187 4188 0
4183:4180 0
4184:4180 0
4185:4181 4189 4190 0
4186:4181 4191 4192 0
4187:4182 4545 4549 0
4188:4182 0
4189:4185 0
4190:4185 0
4191:4161 4186 4192 0
4192:4186 4191 4200 4201 0
4193:3548 4194 4195 0
4194:4193 4198 4199 0
4195:4178 4193 4197 0
4196:1518 3548 0
4197:4195 0
4198:4194 4227 4233 0
4199:4194 4236 4237 0
4200:4192 4201 4211 0
4201:4192 4200 4212 0
4202:4161 0
4203:4155 4204 4205 0
4204:4203 0
4205:2234 4203 4207 4208 0
4206:4155 4209 4210 0
4207:4150 4152 4205 4264 0
4208:4205 4265 4270 0
4209:4206 0
4210:4206 0
4211:4200 4238 4239 4240 0
4212:4201 0
4213:4173 4214 4215 0
4214:4177 4213 4217 0
4215:4213 4218 0
4216:4109 4173 4219 0
4217:4214 4220 4221 0
4218:4215 4243 0
4219:2234 4216 4355 0
4220:4217 4252 4403 0
4221:4177 4217 4231 4232 0
4222:4177 4178 4227 4228 0
4223:2526 4225 4226 0
4224:2526 0
4225:4223 0
4226:4223 0
4227:4198 4222 4230 0
4228:4222 0
4229:4178 0
4230:4227 0
4231:4221 4252 4254 4369 0
4232:4221 0
4233:4198 4234 4235 0
4234:4233 4244 4246 0
4235:4233 0
4236:4199 0
4237:4199 0
4238:4211 4256 4257 0
4239:4162 4211 4260 0
4240:4211 4261 4262 4263 0
4241:4242 0
4242:4241 4243 0
4243:4218 4242 0
4244:3619 4234 4245 0
4245:4244 4248 4249 0
4246:4234 0
4247:3619 0
4248:4245 0
4249:4245 4281 0
4250:2231 4252 4253 0
4251:2231 4254 4255 0
4252:4220 4231 4250 0
4253:4250 0
4254:4231 4251 4302 4309 0
4255:4251 0
4256:4238 0
4257:4238 4258 4259 0
4258:4257 0
4259:4257 4420 4421 0
4260:4162 4239 4359 4360 0
4261:4240 4645 4651 0
4262:4240 4581 4595 4596 0
4263:4240 4580 4583 0
4264:4207 4265 4266 0
4265:4208 4264 4266 0
4266:4264 4265 4267 0
4267:4266 4283 4284 0
4268:3513 4152 0
4269:4150 4162 4357 0
4270:4208 4271 4272 0
4271:2235 4270 0
4272:4270 0
4273:4274 4275 0
4274:4273 4276 4277 0
4275:4273 4278 0
4276:4274 4279 4280 0
4277:4274 0
4278:4275 4281 4282 0
4279:3728 4276 4301 4308 0
4280:4276 0
4281:4249 4278 4285 0
4282:4278 0
4283:4267 4286 0
4284:4267 4288 4289 0
4285:4281 0
4286:4283 4287 0
4287:4286 0
4288:4284 0
4289:4284 4290 4291 0
4290:4289 0
4291:4289 4417 4418 4419 0
4292:4293 4294 4295 0
4293:4292 0
4294:4292 0
4295:4292 4296 4297 0
4296:4295 0
4297:4295 4298 4299 0
4298:4297 0
4299:4452 4297 0
4300:4301 4302 4303 0
4301:4279 4300 4304 0
4302:4254 4300 4305 0
4303:4300 4306 4307 0
4304:3170 4301 0
4305:4302 0
4306:4303 4310 4313 0
4307:4303 0
4308:4279 0
4309:4254 4366 4367 4368 0
4310:4306 4311 4312 0
4311:4310 4314 0
4312:4310 4315 4316 0
4313:4306 0
4314:4311 4317 0
4315:4312 0
4316:4312 4370 4402 0
4317:4314 0
4318:3950 4319 4320 4321 0
4319:4318 4322 4323 0
4320:4318 0
4321:3886 4318 4324 0
4322:4319 4325 4326 0
4323:4319 0
4324:3890 4321 0
4325:1918 4322 0
4326:4322 0
4327:3859 0
4328:3859 0
4329:3837 0
4330:4331 4332 4333 0
4331:4330 4334 4335 0
4332:4330 0
4333:4330 4336 4337 4338 0
4334:4331 4339 4340 4341 4342 0
4335:4331 0
4336:4333 0
4337:1394 4333 0
4338:4333 0
4339:4334 0
4340:4334 0
4341:4334 0
4342:4334 0
4343:3888 4344 0
4344:3887 4343 4345 0
4345:1929 2102 4344 0
4346:3890 0
4347:4125 0
4348:4084 4351 4352 0
4349:4084 0
4350:4085 4489 4494 4495 0
4351:4348 4490 4496 0
4352:4348 0
4353:4079 0
4354:4107 0
4355:4219 0
4356:4163 0
4357:4269 0
4358:2235 4364 0
4359:1138 4260 4377 4378 4379 0
4360:4260 4380 4381 4382 0
4361:3728 4402 4788 0
4362:4363 0
4363:2236 4362 4364 4365 0
4364:2236 4358 4363 0
4365:4363 0
4366:4309 4372 4373 4374 0
4367:4309 4370 4371 0
4368:4309 4375 4376 0
4369:4231 0
4370:4316 4367 4402 0
4371:4367 0
4372:4366 4373 0
4373:4366 4372 0
4374:4366 0
4375:4368 0
4376:4368 0
4377:4359 0
4378:4359 0
4379:4359 0
4380:4360 0
4381:4360 0
4382:4360 0
4383:4384 0
4384:4383 4385 4386 0
4385:4384 4390 4391 0
4386:4384 4387 4388 4389 0
4387:4386 0
4388:4386 0
4389:4386 0
4390:4385 0
4391:4385 0
4392:4393 4394 4395 0
4393:4392 4396 4397 0
4394:4392 0
4395:4392 4398 4399 0
4396:4393 4397 4400 0
4397:4393 4396 4401 0
4398:4395 4404 4405 0
4399:4395 4408 4409 0
4400:4396 0
4401:4397 0
4402:4316 4361 4370 0
4403:4220 0
4404:4398 0
4405:4398 4406 4407 0
4406:4405 4687 0
4407:4405 4536 4689 0
4408:4399 0
4409:2190 4399 0
4410:4094 4413 4414 0
4411:4094 4415 4416 0
4412:4095 0
4413:4410 4415 0
4414:4410 0
4415:4411 4413 0
4416:4411 0
4417:4291 4419 0
4418:4291 0
4419:4291 4417 0
4420:4259 4672 4673 0
4421:4259 0
4422:2467 4424 4425 0
4423:2468 0
4424:4422 4426 4427 0
4425:4422 4428 4429 0
4426:1670 4424 4431 4432 4433 0
4427:2461 4424 4430 0
4428:2462 4425 4737 4738 0
4429:4425 4431 4439 4445 0
4430:4427 4482 4735 0
4431:4426 4429 4432 4445 0
4432:4426 4431 4446 4482 0
4433:4426 0
4434:3825 4435 4439 0
4435:3825 4434 4437 0
4436:3826 0
4437:4435 4737 4739 0
4438:3924 4444 4451 0
4439:3145 4429 4434 4738 0
4440:2463 0
4441:3166 4442 4443 4444 0
4442:4441 4445 4446 0
4443:4441 0
4444:4438 4441 4447 0
4445:4429 4431 4442 0
4446:4432 4442 4448 0
4447:4444 4449 4450 0
4448:4446 4480 0
4449:4447 0
4450:4447 4453 4454 0
4451:4438 0
4452:4299 3925 4478 0
4453:4450 4457 4458 0
4454:4450 4455 4456 0
4455:4454 0
4456:4454 4461 4462 0
4457:4453 4459 4460 0
4458:4453 0
4459:4457 0
4460:4457 0
4461:4456 4473 4478 0
4462:4456 4480 0
4463:4464 4465 0
4464:4463 4465 4466 0
4465:4463 4464 4467 4468 0
4466:4464 4469 0
4467:4465 4500 4501 0
4468:4465 4487 4491 0
4469:4466 4497 4498 4499 0
4470:4471 4472 0
4471:4470 4472 4473 0
4472:4470 4471 4474 0
4473:4461 4471 4475 4476 0
4474:4472 0
4475:4473 4482 4483 0
4476:4473 4478 4481 0
4477:3942 0
4478:4452 4461 4476 4479 0
4479:4478 4484 4485 0
4480:4448 4462 0
4481:4476 4485 4489 4492 0
4482:4430 4432 4475 0
4483:4475 4498 0
4484:4479 0
4485:4479 4481 4486 0
4486:4485 0
4487:4468 4488 4489 0
4488:4487 0
4489:4350 4481 4487 4490 0
4490:4351 4489 4493 0
4491:4468 4495 4502 4503 0
4492:4481 0
4493:3043 4490 0
4494:4350 4526 4545 4546 0
4495:4350 4491 4525 0
4496:4351 0
4497:355 4469 4514 4743 0
4498:4469 4483 0
4499:4469 4743 4764 0
4500:4467 0
4501:4467 4502 0
4502:4491 4501 4514 0
4503:4491 4521 4522 0
4504:4505 4506 4507 0
4505:4504 4508 4509 0
4506:1883 359 4504 4510 0
4507:4504 4511 4512 0
4508:4505 0
4509:4505 0
4510:4506 0
4511:4507 4515 4516 0
4512:4507 0
4513:358 359 4553 0
4514:359 4497 4502 4561 0
4515:4511 4517 4518 0
4516:4511 4519 4520 0
4517:4515 0
4518:4515 0
4519:4516 4528 4529 0
4520:4516 4530 4531 4532 0
4521:4503 0
4522:4503 4523 4524 0
4523:4522 0
4524:4522 4526 4527 0
4525:4495 0
4526:4494 4524 4547 0
4527:4524 0
4528:4519 0
4529:357 4519 4533 0
4530:4520 0
4531:904 4520 0
4532:4520 0
4533:4529 0
4534:4535 4536 0
4535:4534 4537 4538 0
4536:4407 4534 4539 0
4537:4064 4535 4542 4543 0
4538:4535 4540 4541 0
4539:4536 4542 0
4540:4538 4541 4565 0
4541:4538 4540 0
4542:4537 4539 0
4543:4537 0
4544:357 0
4545:4187 4494 4546 0
4546:4494 4545 4548 0
4547:4526 0
4548:4546 4550 4551 0
4549:4187 0
4550:4548 4580 4582 0
4551:4548 0
4552:358 4554 4555 0
4553:4513 0
4554:4552 4556 4557 4558 0
4555:4552 4557 4559 0
4556:4554 0
4557:4554 4555 4560 0
4558:4554 4561 4562 0
4559:4555 0
4560:4557 4569 4570 0
4561:934 4514 4558 4571 4572 0
4562:4558 0
4563:566 4564 4566 4567 0
4564:554 4563 4566 0
4565:554 4540 0
4566:4563 4564 0
4567:4563 0
4568:569 0
4569:4560 4588 4590 4591 0
4570:4560 0
4571:4561 4572 4573 0
4572:4561 4571 4576 4577 0
4573:4571 4574 4575 0
4574:4573 4578 4579 0
4575:4573 0
4576:4572 4577 4622 0
4577:4572 4576 4622 0
4578:4574 4580 4581 0
4579:4574 0
4580:4263 4550 4578 0
4581:4262 4578 0
4582:4550 0
4583:4263 0
4584:4585 4586 4587 0
4585:4584 0
4586:4584 0
4587:4584 4588 4589 0
4588:4569 4587 4592 0
4589:4587 0
4590:4569 4593 4594 0
4591:4569 0
4592:4588 0
4593:4590 0
4594:4590 4597 4598 0
4595:4262 4626 0
4596:4262 4621 4623 0
4597:4594 4599 4600 0
4598:4594 0
4599:4597 4601 4602 0
4600:4597 4603 0
4601:4599 0
4602:4599 0
4603:4600 4604 4605 0
4604:4603 4619 4621 4622 0
4605:353 4603 4608 4610 0
4606:4607 4608 4609 0
4607:4606 4610 0
4608:4605 4606 4611 4612 0
4609:4606 4613 4614 0
4610:4605 4607 4615 0
4611:353 4608 4616 0
4612:4608 0
4613:4609 4615 0
4614:4609 4617 4618 0
4615:4610 4613 4619 0
4616:4611 4633 4637 4638 0
4617:4614 0
4618:4614 4624 4625 0
4619:4604 4615 4669 4682 0
4620:4621 0
4621:4596 4604 4620 4622 0
4622:4576 4577 4604 4621 0
4623:4596 4647 4713 4714 0
4624:4618 0
4625:4618 4635 4636 0
4626:4595 4627 0
4627:4626 4628 4629 0
4628:4627 4645 4646 4647 0
4629:4627 0
4630:4631 4632 4633 0
4631:4630 0
4632:4630 0
4633:4616 4630 4634 0
4634:4633 4639 4640 0
4635:4625 4639 4668 0
4636:4625 0
4637:4616 4641 0
4638:4616 4642 4643 4644 0
4639:4634 4635 4671 0
4640:4634 4675 0
4641:4637 4749 4750 0
4642:4638 0
4643:4638 4744 0
4644:4638 4793 0
4645:4261 4628 4648 0
4646:4628 0
4647:4623 4628 4649 4650 0
4648:4645 0
4649:4647 4673 4710 0
4650:4647 0
4651:4261 4679 4680 0
4652:4653 4654 4655 0
4653:4652 4656 4657 4658 0
4654:4652 0
4655:4652 4659 4660 0
4656:4653 4661 4662 0
4657:4653 4665 4666 4667 0
4658:4653 4663 4664 0
4659:4655 0
4660:4655 4662 0
4661:4656 4721 4722 0
4662:4656 4660 4723 4724 0
4663:4658 4666 0
4664:4658 0
4665:4657 4721 4777 0
4666:4657 4663 0
4667:2723 4657 0
4668:4635 4669 4670 0
4669:4619 4668 4677 4678 0
4670:4668 4675 4676 0
4671:4639 0
4672:4420 0
4673:4420 4649 4674 0
4674:4673 4710 4711 0
4675:4640 4670 4683 0
4676:4670 4678 4681 0
4677:4669 0
4678:4669 4676 4681 4682 0
4679:4651 4684 4685 0
4680:4651 0
4681:4676 4678 4719 4720 0
4682:4619 4678 4713 4717 0
4683:4675 4686 0
4684:4679 0
4685:4679 0
4686:4683 4720 0
4687:558 4406 4688 0
4688:557 4687 4689 0
4689:4407 4688 0
4690:4691 4692 4693 0
4691:4690 0
4692:4690 4696 4697 0
4693:4690 4694 4695 0
4694:4693 0
4695:4693 0
4696:4692 0
4697:4692 0
4698:4699 4700 4701 0
4699:4698 4702 4703 0
4700:4698 0
4701:4698 4704 4705 0
4702:4699 4706 4707 0
4703:4699 4708 4709 0
4704:4701 0
4705:4701 0
4706:4702 0
4707:4702 0
4708:4703 0
4709:4703 0
4710:4649 4674 4712 0
4711:4674 4725 4726 0
4712:4710 4727 4728 0
4713:4623 4682 4715 0
4714:4623 0
4715:4713 4716 4717 4718 0
4716:4715 4751 0
4717:4682 4715 4752 4753 0
4718:4715 4754 4755 0
4719:4681 4729 4730 0
4720:4681 4686 4729 4731 0
4721:4661 4665 4724 0
4722:4661 4777 0
4723:4662 0
4724:4662 4721 4778 4779 0
4725:4711 0
4726:4711 4789 4790 4791 0
4727:4712 0
4728:4712 0
4729:4719 4720 4730 4731 0
4730:4719 4729 4732 4733 0
4731:4720 4729 0
4732:4730 4752 0
4733:4730 4752 0
4734:2461 4736 0
4735:2461 4430 4736 0
4736:2432 4734 4735 0
4737:2462 4428 4437 4739 0
4738:4428 4439 4739 0
4739:4437 4737 4738 0
4740:355 4756 4757 4758 0
4741:356 0
4742:356 0
4743:4497 4499 4762 4763 0
4744:353 4643 4747 4748 0
4745:354 4746 0
4746:4176 354 4745 0
4747:4744 0
4748:4744 0
4749:4641 4792 0
4750:4641 4793 4794 4795 0
4751:4716 0
4752:4717 4732 4733 4759 0
4753:4717 4760 4761 0
4754:4718 0
4755:4718 0
4756:4740 0
4757:4740 0
4758:4740 0
4759:4752 4760 0
4760:4753 4759 4761 0
4761:4753 4760 0
4762:4743 0
4763:4743 0
4764:4499 0
4765:4766 4767 4768 0
4766:4765 4769 4770 0
4767:4765 4771 4772 0
4768:4765 4773 4774 0
4769:4766 4775 4776 0
4770:4766 0
4771:4767 0
4772:4767 0
4773:4768 0
4774:4768 0
4775:4769 0
4776:4769 0
4777:4665 4722 0
4778:3394 4724 4779 0
4779:4724 4778 0
4780:4781 4782 4783 0
4781:4780 4784 4785 0
4782:4780 4786 4787 0
4783:4780 0
4784:4781 4786 4788 0
4785:4781 0
4786:4782 4784 0
4787:4782 0
4788:3725 4361 4784 0
4789:4726 0
4790:4726 0
4791:4726 0
4792:4749 4796 0
4793:4644 4750 0
4794:4750 0
4795:4750 0
4796:4792 0
4797:2832 0
4798:2832 4799 4800 0
4799:4798 0
4800:4798 4805 4806 0
4801:2833 0
4802:2831 2876 4820 0
4803:2124 0
4804:2125 4831 4834 4839 0
4805:2876 4800 4807 0
4806:2876 4800 0
4807:4805 4808 0
4808:4807 0
4809:4810 4811 4812 0
4810:4809 4813 4814 0
4811:4809 0
4812:4809 4815 4816 0
4813:4810 4817 4818 0
4814:4810 4819 0
4815:3866 4812 0
4816:4812 0
4817:4813 0
4818:4813 0
4819:4814 0
4820:4802 4821 4822 0
4821:2815 4820 4843 0
4822:4820 4863 4982 0
4823:4824 4825 4826 0
4824:4823 4825 0
4825:4823 4824 0
4826:4823 4827 4828 4829 0
4827:4826 4924 4926 0
4828:4826 4926 4927 0
4829:4826 4928 0
4830:2165 4831 4832 0
4831:4804 4830 4834 0
4832:4830 4833 4835 4836 0
4833:2165 4832 4837 0
4834:4804 4831 4836 4838 0
4835:2176 4832 4846 0
4836:4832 4834 4849 0
4837:4833 4854 0
4838:4834 4849 4861 4865 0
4839:4804 4840 4842 0
4840:4839 4841 4842 0
4841:4840 4843 0
4842:4839 4840 4844 0
4843:4821 4841 4844 0
4844:4842 4843 4845 0
4845:4844 4861 4864 0
4846:4835 4848 0
4847:2176 4858 4859 4860 0
4848:4846 4872 0
4849:4836 4838 4871 4872 0
4850:2155 2177 4851 0
4851:4850 4852 0
4852:2177 4851 4854 0
4853:2155 2157 4857 0
4854:2166 4837 4852 0
4855:2156 2166 4856 0
4856:2156 4855 0
4857:4853 4917 0
4858:4847 4888 4889 0
4859:4847 4889 4892 4893 0
4860:4847 0
4861:4838 4845 4862 4863 0
4862:4861 4865 4866 4867 0
4863:4822 4861 4868 4869 0
4864:4845 0
4865:4838 4862 4870 4871 0
4866:4862 4870 4885 0
4867:4862 4869 0
4868:4863 4878 4885 0
4869:4863 4867 0
4870:4865 4866 4886 0
4871:4849 4865 4909 0
4872:4848 4849 4888 0
4873:4874 4875 4876 0
4874:4873 4877 4878 0
4875:4873 4879 4880 0
4876:4873 4881 4882 0
4877:4874 4878 4883 4884 0
4878:4868 4874 4877 0
4879:4875 4880 4885 0
4880:4875 4879 4887 0
4881:4876 4908 4937 0
4882:4876 4887 0
4883:2877 4877 4983 0
4884:4877 0
4885:4866 4868 4879 0
4886:4870 4887 4908 4909 0
4887:4880 4882 4886 4908 0
4888:4858 4872 4890 0
4889:4858 4859 4890 4891 0
4890:4888 4889 4910 4911 0
4891:4889 4896 4899 0
4892:4859 0
4893:4859 4897 4994 0
4894:2174 4895 4896 0
4895:2178 2179 4894 0
4896:4891 4894 4897 0
4897:2179 4893 4896 0
4898:1502 2174 2175 4899 4900 0
4899:4891 4898 4903 0
4900:4898 4903 4904 0
4901:2175 4902 4905 0
4902:2175 4901 4906 4907 0
4903:4899 4900 4920 0
4904:4900 4912 4913 0
4905:4901 4906 4914 0
4906:4902 4905 0
4907:4902 0
4908:4881 4886 4887 4937 0
4909:4871 4886 4938 0
4910:4890 4911 4925 4931 0
4911:4890 4910 4935 4936 0
4912:4904 4914 4915 0
4913:4904 4916 0
4914:4905 4912 4917 0
4915:4912 4918 4919 0
4916:4913 4950 4951 0
4917:4857 4914 0
4918:4915 4953 0
4919:4915 0
4920:4903 4921 4922 0
4921:4920 4923 4924 0
4922:4920 4923 4925 0
4923:4921 4922 4924 4926 0
4924:4827 4921 4923 0
4925:4910 4922 4927 0
4926:4827 4828 4923 0
4927:4828 4925 4929 0
4928:4829 4929 0
4929:4927 4928 4930 0
4930:4929 4931 4932 4933 0
4931:4910 4930 4934 0
4932:4930 0
4933:4930 4940 4942 0
4934:3229 4931 4940 4941 0
4935:4911 4938 4943 0
4936:4911 4944 0
4937:4881 4908 4938 0
4938:4909 4935 4937 4939 0
4939:4938 4945 4946 0
4940:4933 4934 4947 0
4941:4934 0
4942:4933 0
4943:4935 0
4944:4936 4948 0
4945:4939 4988 0
4946:4939 4958 0
4947:4940 4948 4949 0
4948:4944 4947 4955 4957 0
4949:4947 4954 4955 4956 0
4950:4916 0
4951:4916 4952 4953 0
4952:4951 4962 4989 0
4953:4918 4951 0
4954:4949 4959 4960 4961 0
4955:4948 4949 4958 0
4956:4949 4969 0
4957:4948 0
4958:4946 4955 4964 0
4959:4954 4962 4963 0
4960:4954 4964 4965 0
4961:4954 4966 4967 4968 0
4962:4952 4959 4969 4970 0
4963:4959 4970 4971 0
4964:4958 4960 0
4965:4960 0
4966:4961 0
4967:4961 0
4968:4961 0
4969:4956 4962 0
4970:4962 4963 4990 0
4971:4963 4995 4999 0
4972:607 0
4973:2878 2884 4974 0
4974:2878 4973 4975 4976 0
4975:4974 4978 0
4976:4974 0
4977:2883 2884 0
4978:4975 4979 4980 0
4979:3313 4978 0
4980:4978 0
4981:2136 0
4982:4822 0
4983:4883 4984 0
4984:4983 4985 0
4985:4984 4986 0
4986:4985 4987 0
4987:4986 4988 0
4988:4945 4987 0
4989:4952 4991 4992 4993 0
4990:4970 4991 4995 4996 0
4991:4989 4990 4997 0
4992:4989 4993 0
4993:4989 4992 0
4994:4893 0
4995:4971 4990 4998 4999 0
4996:4990 4998 5000 0
4997:4991 0
4998:4995 4996 0
4999:4971 4995 0
5000:4996 0
