N=212 V=244
1: 180 2 0
2: 1 114 137 0
3: 107 121 149 164 165 174 183 195 22 4 46 57 69 0
4: 3 0
5: 112 122 123 23 45 6 66 67 68 69 0
6: 5 0
7: 21 8 0
8: 7 114 19 71 0
9: 10 11 116 117 188 0
10: 9 0
11: 9 115 14 0
12: 13 0
13: 12 61 65 72 74 0
14: 11 101 106 141 15 16 17 18 190 20 21 43 45 53 57 62 77 84 88 89 99 0
15: 14 19 0
16: 14 19 37 0
17: 14 0
18: 14 19 37 71 0
19: 8 15 16 18 101 106 20 21 45 84 0
20: 14 19 187 37 44 60 61 86 0
21: 7 14 19 37 44 0
22: 3 0
23: 5 179 32 65 0
24: 144 189 25 0
25: 24 0
26: 108 109 131 198 199 201 202 27 38 39 58 59 99 0
27: 26 137 0
28: 28 28 29 0
29: 28 0
30: 130 160 182 31 36 0
31: 30 0
32: 23 110 111 112 134 135 136 167 168 169 172 33 0
33: 32 0
34: 104 105 127 128 140 146 159 204 35 48 79 80 0
35: 34 0
36: 30 0
37: 16 18 20 21 100 106 143 45 50 0
38: 26 85 0
39: 26 85 0
40: 147 148 41 42 0
41: 40 0
42: 40 0
43: 14 44 0
44: 20 21 43 190 200 45 84 99 0
45: 5 14 19 37 44 51 0
46: 3 0
47: 106 127 150 153 159 163 184 48 49 0
48: 34 47 0
49: 47 0
50: 37 0
51: 45 166 194 52 0
52: 51 0
53: 14 0
54: 55 76 0
55: 54 0
56: 113 56 56 0
57: 3 14 0
58: 26 0
59: 26 0
60: 20 196 0
61: 13 20 111 129 175 177 203 62 74 0
62: 14 61 0
63: 178 64 0
64: 63 0
65: 13 23 176 189 70 78 0
66: 5 0
67: 5 0
68: 5 0
69: 3 5 0
70: 65 0
71: 8 18 146 184 0
72: 13 73 75 0
73: 72 0
74: 13 61 0
75: 72 0
76: 54 0
77: 14 0
78: 65 0
79: 34 0
80: 34 0
81: 139 142 82 83 92 0
82: 81 120 0
83: 81 0
84: 14 19 44 102 0
85: 38 39 0
86: 20 196 87 0
87: 86 0
88: 14 0
89: 14 0
90: 91 0
91: 90 0
92: 81 0
93: 94 0
94: 93 0
95: 96 0
96: 95 0
97: 98 0
98: 97 0
99: 14 26 44 0
100: 37 0
101: 14 19 0
102: 84 103 0
103: 102 0
104: 34 0
105: 34 0
106: 14 19 37 47 0
107: 3 0
108: 26 0
109: 26 0
110: 32 0
111: 32 61 0
112: 5 32 0
113: 56 0
114: 2 8 118 119 129 141 144 174 193 0
115: 11 116 117 0
116: 9 115 192 0
117: 9 115 192 0
118: 114 0
119: 114 0
120: 82 0
121: 3 0
122: 5 0
123: 5 0
124: 125 126 147 148 0
125: 124 0
126: 124 0
127: 34 47 0
128: 34 0
129: 61 114 0
130: 30 0
131: 26 0
132: 133 207 208 209 0
133: 132 0
134: 32 179 0
135: 32 0
136: 32 179 0
137: 2 27 138 212 0
138: 137 0
139: 81 0
140: 34 0
141: 14 114 0
142: 81 0
143: 37 197 0
144: 24 114 145 148 162 181 191 0
145: 144 0
146: 34 71 158 0
147: 40 124 161 0
148: 40 124 144 161 0
149: 3 0
150: 47 0
151: 152 0
152: 151 0
153: 47 0
154: 155 0
155: 154 0
156: 157 0
157: 156 0
158: 146 159 184 0
159: 34 47 158 0
160: 30 173 0
161: 147 148 162 0
162: 144 161 0
163: 47 0
164: 3 0
165: 3 0
166: 51 0
167: 32 0
168: 32 0
169: 32 0
170: 171 0
171: 170 0
172: 32 0
173: 160 0
174: 3 114 0
175: 61 0
176: 65 0
177: 61 0
178: 63 0
179: 23 134 136 0
180: 1 0
181: 144 0
182: 30 0
183: 3 0
184: 47 71 158 0
185: 186 0
186: 185 0
187: 20 196 0
188: 9 0
189: 24 65 0
190: 14 44 0
191: 144 0
192: 116 117 0
193: 114 0
194: 51 0
195: 3 0
196: 60 86 187 0
197: 143 0
198: 26 0
199: 26 0
200: 44 0
201: 26 0
202: 26 0
203: 61 0
204: 34 0
205: 206 0
206: 205 0
207: 132 0
208: 132 0
209: 132 0
210: 211 0
211: 210 0
212: 137 0
