N=4932 V=6463
1:2 3 4 0
2:1 428 435 436 437 438 0
3:1 432 458 459 460 0
4:1 478 523 0
5:6 7 8 9 0
6:5 3636 3672 0
7:5 3390 0
8:5 3390 0
9:5 3743 3822 0
10:11 0
11:10 3446 3527 0
12:13 0
13:12 4926 4927 0
14:15 0
15:14 115 119 125 171 173 174 175 0
16:17 18 0
17:16 32 33 34 35 0
18:16 47 0
19:20 0
20:19 21 22 0
21:20 0
22:20 23 24 25 26 27 0
23:22 28 0
24:22 131 132 0
25:22 106 0
26:22 28 67 131 198 205 226 0
27:22 31 0
28:23 26 61 0
29:30 31 0
30:29 59 60 99 177 178 179 0
31:27 29 67 0
32:17 0
33:17 36 37 38 39 0
34:17 0
35:17 96 167 0
36:33 0
37:33 0
38:33 44 68 0
39:33 117 0
40:41 42 0
41:40 43 44 0
42:40 190 0
43:41 45 0
44:38 41 0
45:43 163 245 255 0
46:47 48 0
47:18 46 111 0
48:46 65 0
49:50 0
50:49 110 127 0
51:52 0
52:51 55 153 168 530 540 0
53:54 55 0
54:53 116 0
55:52 53 127 168 218 4514 0
56:57 58 0
57:56 93 95 128 0
58:56 222 0
59:30 60 61 62 0
60:30 59 61 0
61:28 59 60 71 226 0
62:59 0
63:64 65 0
64:63 231 0
65:48 63 0
66:67 0
67:26 31 66 94 126 154 166 184 185 0
68:38 0
69:70 71 0
70:69 71 107 177 210 0
71:61 69 70 84 189 196 226 0
72:73 74 0
73:72 130 0
74:72 77 193 0
75:76 77 0
76:75 130 0
77:74 75 177 235 0
78:79 0
79:78 80 81 0
80:79 82 83 84 85 0
81:79 91 0
82:80 86 87 88 89 90 0
83:80 134 137 139 142 143 144 0
84:71 80 85 0
85:80 84 0
86:82 0
87:82 0
88:82 0
89:82 101 102 103 105 0
90:82 130 192 236 0
91:81 92 0
92:91 227 0
93:57 94 95 96 97 0
94:67 93 98 0
95:57 93 0
96:35 93 263 0
97:93 211 0
98:94 228 0
99:30 100 0
100:99 160 237 239 0
101:89 0
102:89 0
103:89 104 0
104:103 163 194 248 249 250 251 0
105:89 159 179 0
106:25 107 108 0
107:70 106 188 0
108:106 196 0
109:110 0
110:50 109 127 169 609 4501 0
111:47 191 211 0
112:113 114 115 0
113:112 183 200 201 0
114:112 121 124 183 0
115:15 112 0
116:54 150 0
117:39 118 0
118:117 161 0
119:15 120 0
120:119 174 0
121:114 122 123 124 125 0
122:121 125 0
123:121 125 0
124:114 121 0
125:15 121 122 123 250 255 0
126:67 127 0
127:50 55 110 126 165 219 2563 0
128:57 129 0
129:128 130 0
130:73 76 90 129 192 212 234 0
131:24 26 0
132:24 0
133:134 0
134:83 133 135 136 140 141 0
135:134 0
136:134 0
137:83 0
138:139 0
139:83 138 145 0
140:134 1045 1112 0
141:134 1144 4887 4892 4907 0
142:83 194 1076 1093 1139 1140 1141 1142 1143 1144 0
143:83 1038 1059 1076 1145 0
144:83 2447 0
145:139 197 198 199 0
146:147 148 0
147:146 155 157 0
148:146 223 264 0
149:150 151 152 0
150:116 149 153 0
151:149 152 202 0
152:149 151 259 0
153:52 150 176 0
154:67 0
155:147 156 157 158 0
156:155 159 160 0
157:147 155 0
158:155 242 0
159:105 156 240 241 0
160:100 156 228 0
161:118 162 0
162:161 163 0
163:45 104 162 164 0
164:163 251 1092 0
165:127 166 0
166:67 165 0
167:35 262 265 0
168:52 55 0
169:110 170 0
170:169 227 0
171:15 172 0
172:171 0
173:15 0
174:15 120 244 0
175:15 201 0
176:153 260 535 547 0
177:30 70 77 0
178:30 0
179:30 105 180 0
180:179 198 202 213 214 215 216 217 0
181:182 183 0
182:181 200 0
183:113 114 181 0
184:67 186 0
185:67 221 0
186:184 187 0
187:186 0
188:107 256 257 258 0
189:71 0
190:42 191 192 0
191:111 190 231 0
192:90 130 190 211 222 232 233 0
193:74 220 0
194:104 142 195 0
195:194 1042 1114 0
196:71 108 0
197:145 198 206 207 208 0
198:26 145 180 197 247 0
199:145 208 649 961 4249 0
200:113 182 236 0
201:113 175 0
202:151 180 203 0
203:202 549 3884 0
204:205 0
205:26 204 0
206:197 0
207:197 0
208:197 199 570 609 0
209:210 0
210:70 209 0
211:97 111 192 212 0
212:130 211 0
213:180 0
214:180 0
215:180 0
216:180 0
217:180 542 4237 0
218:55 0
219:127 0
220:193 221 0
221:185 220 268 0
222:58 192 0
223:148 224 225 0
224:223 243 0
225:223 240 266 0
226:26 61 71 227 228 229 0
227:92 170 226 230 0
228:98 160 226 0
229:226 4888 0
230:227 267 0
231:64 191 0
232:192 235 0
233:192 0
234:130 0
235:77 232 0
236:90 200 0
237:100 238 0
238:237 0
239:100 0
240:159 225 0
241:159 242 243 0
242:158 241 252 253 0
243:224 241 0
244:174 245 246 0
245:45 244 247 0
246:244 0
247:198 245 0
248:104 0
249:104 0
250:104 125 0
251:104 164 1058 1097 1102 0
252:242 261 0
253:242 266 0
254:255 0
255:45 125 254 0
256:188 0
257:188 0
258:188 0
259:152 260 0
260:176 259 0
261:252 262 0
262:167 261 0
263:96 0
264:148 0
265:167 0
266:225 253 0
267:230 0
268:221 0
269:270 271 272 0
270:269 310 311 315 316 317 0
271:269 377 399 0
272:269 0
273:274 275 276 0
274:273 277 278 279 0
275:273 410 0
276:273 393 421 0
277:274 279 322 323 330 388 396 0
278:274 405 406 0
279:274 277 315 377 0
280:281 282 0
281:280 283 284 285 286 287 0
282:280 334 363 411 0
283:281 287 306 319 322 369 372 373 0
284:281 0
285:281 0
286:281 373 0
287:281 283 0
288:289 290 0
289:288 290 365 386 0
290:288 289 393 398 410 0
291:292 293 0
292:291 298 367 412 0
293:291 354 423 0
294:295 0
295:294 296 301 0
296:295 297 298 299 300 0
297:296 309 325 326 327 328 0
298:292 296 323 367 381 386 0
299:296 300 0
300:296 299 367 424 0
301:295 321 407 0
302:303 0
303:302 304 0
304:303 305 306 307 308 309 0
305:304 306 307 308 309 368 0
306:283 304 305 308 330 390 0
307:304 305 308 0
308:304 305 306 307 368 369 370 371 0
309:297 304 305 328 0
310:270 311 312 313 314 0
311:270 310 0
312:310 314 316 401 0
313:310 314 0
314:310 312 313 0
315:270 279 318 0
316:270 312 0
317:270 0
318:315 4457 0
319:283 320 321 0
320:319 322 323 0
321:301 319 0
322:277 283 320 330 374 0
323:277 298 320 329 354 0
324:325 0
325:297 324 0
326:297 327 331 0
327:297 326 0
328:297 309 0
329:323 330 331 0
330:277 306 322 329 0
331:326 329 341 342 0
332:333 334 335 336 337 0
333:332 338 339 340 0
334:282 332 0
335:332 336 350 418 0
336:332 335 0
337:332 0
338:333 341 342 0
339:333 350 0
340:333 346 347 411 0
341:331 338 0
342:331 338 0
343:344 345 0
344:343 401 402 0
345:343 4431 4476 0
346:340 347 0
347:340 346 0
348:349 0
349:348 384 385 391 0
350:335 339 0
351:352 0
352:351 353 354 0
353:352 415 0
354:293 323 352 356 380 0
355:356 0
356:354 355 357 358 360 361 362 0
357:356 0
358:356 359 0
359:358 0
360:356 0
361:356 0
362:356 380 403 0
363:282 364 0
364:363 0
365:289 366 0
366:365 396 397 0
367:292 298 300 0
368:305 308 369 370 371 0
369:283 308 368 370 371 0
370:308 368 369 371 373 0
371:308 368 369 370 387 0
372:283 0
373:283 286 370 0
374:322 1265 1419 0
375:376 0
376:375 377 378 0
377:271 279 376 413 0
378:376 4485 4486 4490 4496 0
379:380 0
380:354 362 379 0
381:298 0
382:383 0
383:382 384 0
384:349 383 385 0
385:349 384 408 415 0
386:289 298 0
387:371 0
388:277 389 0
389:388 0
390:306 0
391:349 0
392:393 394 395 0
393:276 290 392 410 419 420 0
394:392 0
395:392 4495 0
396:277 366 398 0
397:366 404 0
398:290 396 0
399:271 400 0
400:399 1158 1164 1256 1352 1354 0
401:312 344 0
402:344 4434 4435 0
403:362 0
404:397 0
405:278 0
406:278 0
407:301 422 0
408:385 409 0
409:408 0
410:275 290 393 0
411:282 340 416 417 0
412:292 0
413:377 414 0
414:413 0
415:353 385 0
416:411 0
417:411 0
418:335 0
419:393 0
420:393 0
421:276 4491 0
422:407 0
423:293 0
424:300 0
425:426 427 428 429 430 431 0
426:425 432 433 434 0
427:425 437 508 0
428:2 425 0
429:425 430 508 0
430:425 429 489 0
431:425 485 0
432:3 426 434 454 455 0
433:426 434 452 465 504 505 0
434:426 432 433 0
435:2 0
436:2 0
437:2 427 0
438:2 2453 0
439:440 0
440:439 449 492 496 509 0
441:442 443 0
442:441 478 0
443:441 467 890 2290 2389 2395 2402 2420 2430 2432 2433 0
444:445 0
445:444 446 447 448 449 0
446:445 450 451 452 453 0
447:445 456 457 0
448:445 475 0
449:440 445 0
450:446 453 468 469 470 471 472 0
451:446 474 0
452:433 446 486 502 0
453:446 450 510 0
454:432 461 462 463 464 465 466 467 0
455:432 2311 2312 2313 2324 2325 0
456:447 509 518 0
457:447 474 476 0
458:3 479 498 0
459:3 901 2290 0
460:3 2322 2435 2491 0
461:454 0
462:454 0
463:454 0
464:454 0
465:433 454 467 498 0
466:454 2295 2305 2337 0
467:443 454 465 2430 0
468:450 0
469:450 0
470:450 480 481 0
471:450 513 514 515 0
472:450 499 516 0
473:474 0
474:451 457 473 475 476 0
475:448 474 510 511 512 0
476:457 474 0
477:478 0
478:4 442 477 479 0
479:458 478 521 0
480:470 0
481:470 1514 1545 0
482:483 484 0
483:482 516 0
484:482 1596 0
485:431 486 487 488 489 490 491 0
486:452 485 0
487:485 0
488:485 507 0
489:430 485 507 0
490:485 496 503 0
491:485 495 503 0
492:440 493 494 495 496 0
493:492 0
494:492 502 0
495:491 492 0
496:440 490 492 0
497:498 0
498:458 465 497 0
499:472 500 501 0
500:499 1445 1805 0
501:499 0
502:452 494 503 0
503:490 491 502 0
504:433 506 0
505:433 4086 0
506:504 1365 0
507:488 489 0
508:427 429 0
509:440 456 517 0
510:453 475 0
511:475 0
512:475 516 526 0
513:471 0
514:471 525 0
515:471 1601 1660 0
516:472 483 512 0
517:509 0
518:456 0
519:520 0
520:519 521 522 0
521:479 520 0
522:520 524 0
523:4 524 0
524:522 523 0
525:514 0
526:512 0
527:528 529 0
528:527 537 541 542 0
529:527 542 4239 0
530:52 531 0
531:530 4238 0
532:533 0
533:532 534 535 0
534:533 537 540 0
535:176 533 540 544 548 0
536:537 538 539 0
537:528 534 536 0
538:536 540 551 0
539:536 544 0
540:52 534 535 538 0
541:528 552 0
542:217 528 529 4234 4235 4236 0
543:544 545 546 547 0
544:535 539 543 545 550 551 0
545:543 544 0
546:543 550 0
547:176 543 0
548:535 549 0
549:203 548 693 0
550:544 546 0
551:538 544 0
552:541 0
553:554 555 0
554:553 1487 0
555:553 1431 1476 1477 0
556:557 558 559 560 561 562 563 564 565 566 0
557:556 2510 2511 0
558:556 562 2629 2630 2681 2820 0
559:556 2510 2680 2803 2805 2831 2832 2833 2834 0
560:556 3053 3054 0
561:556 3034 3035 3175 3182 3183 0
562:556 558 3207 0
563:556 3204 0
564:556 3205 0
565:556 3206 0
566:556 3286 0
567:568 0
568:567 569 570 571 0
569:568 579 0
570:208 568 622 635 649 0
571:568 614 0
572:573 0
573:572 574 575 576 577 0
574:573 0
575:573 612 613 614 0
576:573 614 642 0
577:573 614 645 646 647 0
578:579 580 0
579:569 578 580 614 623 639 641 0
580:578 579 594 598 599 0
581:582 583 584 0
582:581 585 630 631 632 633 634 0
583:581 585 626 636 637 638 0
584:581 587 633 0
585:582 583 586 0
586:585 587 634 0
587:584 586 0
588:589 590 591 0
589:588 633 634 0
590:588 0
591:588 0
592:593 0
593:592 633 634 644 0
594:580 595 596 597 598 599 0
595:594 0
596:594 0
597:594 598 599 0
598:580 594 597 0
599:580 594 597 632 0
600:0
601:602 0
602:601 604 0
603:604 0
604:602 603 605 606 608 0
605:604 0
606:604 607 0
607:606 2477 4108 0
608:604 2324 2400 2455 0
609:110 208 610 611 0
610:609 921 925 0
611:609 0
612:575 615 0
613:575 616 0
614:571 575 576 577 579 617 622 623 0
615:612 616 620 0
616:613 615 621 0
617:614 618 619 0
618:617 0
619:617 4282 0
620:615 0
621:616 0
622:570 614 0
623:579 614 648 0
624:625 626 627 0
625:624 628 629 0
626:583 624 0
627:624 0
628:625 0
629:625 638 642 0
630:582 635 0
631:582 635 0
632:582 599 0
633:582 584 589 593 0
634:582 586 589 593 0
635:570 630 631 0
636:583 640 0
637:583 640 0
638:583 629 643 0
639:579 640 0
640:636 637 639 641 0
641:579 640 0
642:576 629 643 0
643:638 642 0
644:593 0
645:577 0
646:577 0
647:577 4182 4241 4268 0
648:623 0
649:199 570 961 2820 4250 4310 4311 0
650:651 652 653 654 0
651:650 689 708 712 716 739 0
652:650 0
653:650 0
654:650 0
655:656 657 658 0
656:655 672 673 674 675 0
657:655 0
658:655 674 756 0
659:660 0
660:659 661 662 0
661:660 690 697 698 699 700 0
662:660 714 716 719 0
663:664 665 0
664:663 773 0
665:663 721 754 778 794 795 0
666:667 668 0
667:666 668 779 802 804 805 0
668:666 667 726 727 732 742 765 767 779 808 0
669:670 671 0
670:669 673 680 0
671:669 722 0
672:656 0
673:656 670 676 677 678 679 0
674:656 658 720 721 0
675:656 761 762 0
676:673 679 732 767 0
677:673 679 729 767 0
678:673 749 776 777 0
679:673 676 677 754 767 781 782 783 0
680:670 720 722 723 724 0
681:682 0
682:681 683 684 685 686 687 0
683:682 728 729 0
684:682 729 734 735 736 0
685:682 735 0
686:682 754 780 0
687:682 0
688:689 0
689:651 688 694 701 702 703 704 705 706 0
690:661 691 692 693 0
691:690 0
692:690 0
693:549 690 713 767 771 789 0
694:689 695 696 0
695:694 0
696:694 738 739 0
697:661 0
698:661 0
699:661 712 737 0
700:661 0
701:689 0
702:689 0
703:689 0
704:689 0
705:689 0
706:689 0
707:708 0
708:651 707 709 710 711 0
709:708 712 713 0
710:708 0
711:708 718 788 0
712:651 699 709 757 769 770 771 0
713:693 709 774 0
714:662 0
715:716 0
716:651 662 715 717 718 0
717:716 0
718:711 716 772 0
719:662 770 806 807 0
720:674 680 0
721:665 674 0
722:671 680 0
723:680 746 747 0
724:680 778 0
725:726 0
726:668 725 727 0
727:668 726 732 741 753 754 755 0
728:683 0
729:677 683 684 741 744 0
730:731 0
731:730 732 733 0
732:668 676 727 731 755 766 0
733:731 795 813 0
734:684 0
735:684 685 743 768 0
736:684 754 0
737:699 0
738:696 0
739:651 696 791 0
740:741 0
741:727 729 740 742 743 744 0
742:668 741 745 0
743:735 741 786 787 0
744:729 741 803 0
745:742 0
746:723 0
747:723 759 763 0
748:749 750 751 752 0
749:678 748 751 0
750:748 796 798 0
751:748 749 762 800 0
752:748 792 810 0
753:727 0
754:665 679 686 727 736 755 760 0
755:727 732 754 784 0
756:658 0
757:712 0
758:759 0
759:747 758 760 0
760:754 759 785 0
761:675 0
762:675 751 775 0
763:747 0
764:765 0
765:668 764 0
766:732 0
767:668 676 677 679 693 789 809 0
768:735 0
769:712 0
770:712 719 799 0
771:693 712 814 0
772:718 0
773:664 0
774:713 0
775:762 0
776:678 0
777:678 0
778:665 724 0
779:667 668 0
780:686 0
781:679 0
782:679 0
783:679 0
784:755 0
785:760 0
786:743 0
787:743 811 0
788:711 0
789:693 767 790 0
790:789 0
791:739 0
792:752 793 0
793:792 0
794:665 0
795:665 733 812 0
796:750 797 0
797:796 0
798:750 0
799:770 0
800:751 0
801:802 0
802:667 801 0
803:744 0
804:667 0
805:667 0
806:719 0
807:719 0
808:668 0
809:767 3879 3899 3905 3907 3908 3909 0
810:752 0
811:787 0
812:795 0
813:733 0
814:771 0
815:816 817 818 0
816:815 819 820 821 822 0
817:815 841 842 0
818:815 822 832 861 0
819:816 820 839 840 841 0
820:816 819 821 843 844 0
821:816 820 851 852 854 855 0
822:816 818 824 912 0
823:824 0
824:822 823 826 834 835 836 0
825:826 827 828 829 0
826:824 825 830 831 832 833 0
827:825 828 831 860 0
828:825 827 838 860 862 863 0
829:825 863 882 0
830:826 0
831:826 827 861 0
832:818 826 881 0
833:826 882 893 904 0
834:824 0
835:824 901 0
836:824 887 904 1571 0
837:838 0
838:828 837 849 850 863 878 883 884 0
839:819 0
840:819 0
841:817 819 0
842:817 845 0
843:820 846 0
844:820 877 880 0
845:842 846 0
846:843 845 2406 2428 2501 0
847:848 849 850 0
848:847 864 865 0
849:838 847 855 887 0
850:838 847 853 855 867 885 902 903 0
851:821 0
852:821 853 0
853:850 852 855 0
854:821 856 857 858 859 0
855:821 849 850 853 0
856:854 910 0
857:854 911 0
858:854 871 0
859:854 871 0
860:827 828 861 0
861:818 831 860 0
862:828 0
863:828 829 838 888 0
864:848 878 879 0
865:848 914 0
866:867 0
867:850 866 0
868:869 0
869:868 871 873 876 877 0
870:871 0
871:858 859 869 870 872 0
872:871 0
873:869 874 875 0
874:873 877 0
875:873 0
876:869 0
877:844 869 874 0
878:838 864 0
879:864 913 0
880:844 4779 4924 0
881:832 889 0
882:829 833 896 897 0
883:838 0
884:838 898 0
885:850 886 0
886:885 4928 4930 0
887:836 849 899 900 0
888:863 0
889:881 890 0
890:443 889 2451 0
891:892 0
892:891 893 894 895 0
893:833 892 0
894:892 907 908 909 0
895:892 1439 0
896:882 0
897:882 906 0
898:884 0
899:887 0
900:887 904 1255 1558 1608 1609 0
901:459 835 0
902:850 905 0
903:850 0
904:833 836 900 0
905:902 0
906:897 907 0
907:894 906 909 0
908:894 0
909:894 907 1363 1364 0
910:856 1571 0
911:857 1571 0
912:822 0
913:879 914 0
914:865 913 915 0
915:914 4931 0
916:917 918 0
917:916 919 920 0
918:916 966 967 0
919:917 926 927 0
920:917 929 4502 4503 0
921:610 922 923 924 0
922:921 924 935 0
923:921 999 0
924:921 922 0
925:610 952 953 954 0
926:919 943 0
927:919 949 0
928:929 0
929:920 928 0
930:944 969 983 995 0
931:0
932:0
933:934 1003 0
934:933 951 1007 1010 0
935:922 0
936:0
937:0
938:0
939:0
940:0
941:0
942:0
943:926 944 945 946 947 948 0
944:930 943 948 963 964 987 989 993 994 0
945:943 962 0
946:943 0
947:943 999 1007 1008 0
948:943 944 1000 0
949:927 950 951 0
950:949 951 1011 0
951:934 949 950 0
952:925 955 990 0
953:925 999 1004 0
954:925 1005 0
955:952 956 0
956:955 957 0
957:956 958 0
958:957 2400 0
959:960 0
960:959 961 0
961:199 649 960 4322 4323 0
962:945 963 964 965 0
963:944 962 0
964:944 962 0
965:962 0
966:918 968 969 970 971 972 973 974 975 0
967:918 990 0
968:966 976 977 0
969:930 966 993 0
970:966 0
971:966 974 0
972:966 1001 0
973:966 998 1010 0
974:966 971 990 0
975:966 1014 1015 0
976:968 978 979 980 981 982 0
977:968 0
978:976 0
979:976 0
980:976 0
981:976 0
982:976 0
983:930 984 985 986 0
984:983 0
985:983 0
986:983 0
987:944 988 0
988:987 0
989:944 0
990:952 967 974 991 992 0
991:990 1006 0
992:990 996 1004 1005 1012 1013 0
993:944 969 994 1000 1001 0
994:944 993 1001 1002 0
995:930 0
996:992 997 998 0
997:996 1001 1012 0
998:973 996 1009 0
999:923 947 953 1004 0
1000:948 993 1009 0
1001:972 993 994 997 0
1002:994 1020 1021 0
1003:933 1006 0
1004:953 992 999 1005 1008 1011 0
1005:954 992 1004 1011 1013 0
1006:991 1003 1011 0
1007:934 947 0
1008:947 1004 0
1009:998 1000 1010 1011 0
1010:934 973 1009 0
1011:950 1004 1005 1006 1009 0
1012:992 997 0
1013:992 1005 0
1014:975 1016 1017 0
1015:975 1018 1019 0
1016:1014 0
1017:1014 0
1018:1015 0
1019:1015 0
1020:1002 1022 1023 0
1021:1002 1024 1025 0
1022:1020 0
1023:1020 0
1024:1021 0
1025:1021 0
1026:1027 1028 0
1027:1026 1033 1054 0
1028:1026 0
1029:1030 1031 1032 0
1030:1029 1032 0
1031:1029 1033 0
1032:1029 1030 1057 1098 0
1033:1027 1031 1047 1048 0
1034:1035 1036 1037 1038 0
1035:1034 0
1036:1034 1038 1083 0
1037:1034 1077 1080 1082 1117 0
1038:143 1034 1036 1041 1043 1046 1078 1079 1133 1134 0
1039:1040 1041 1042 1043 0
1040:1039 1044 1045 1046 0
1041:1038 1039 1085 1086 0
1042:195 1039 0
1043:1038 1039 1116 0
1044:1040 1086 1131 0
1045:140 1040 0
1046:1038 1040 0
1047:1033 1049 1050 0
1048:1033 1121 1123 0
1049:1047 1060 0
1050:1047 1058 1087 0
1051:1052 1053 1054 1055 0
1052:1051 1055 1056 1057 0
1053:1051 1126 0
1054:1027 1051 1058 1073 1089 1101 1104 1125 1128 1129 1130 0
1055:1051 1052 1057 1127 0
1056:1052 1058 1059 0
1057:1032 1052 1055 0
1058:251 1050 1054 1056 1100 1102 0
1059:143 1056 0
1060:1049 0
1061:1062 1063 1064 1065 1066 0
1062:1061 1067 1068 1069 0
1063:1061 1067 1070 1071 0
1064:1061 1096 0
1065:1061 1110 1111 0
1066:1061 1109 0
1067:1062 1063 1072 1073 1074 0
1068:1062 1088 0
1069:1062 1101 0
1070:1063 1072 1103 0
1071:1063 1109 1122 1147 0
1072:1067 1070 1101 1104 0
1073:1054 1067 0
1074:1067 1101 0
1075:1076 1077 1078 1079 1080 0
1076:142 143 1075 1081 1082 0
1077:1037 1075 1108 0
1078:1038 1075 1106 1137 0
1079:1038 1075 1106 1137 0
1080:1037 1075 1148 0
1081:1076 1084 0
1082:1037 1076 1094 0
1083:1036 1091 1098 1105 0
1084:1081 0
1085:1041 0
1086:1041 1044 1114 0
1087:1050 1088 1089 0
1088:1068 1087 1089 1111 0
1089:1054 1087 1088 1147 0
1090:1091 1092 0
1091:1083 1090 1097 1098 0
1092:164 1090 1120 0
1093:142 1094 1095 0
1094:1082 1093 1108 0
1095:1093 1118 0
1096:1064 1101 0
1097:251 1091 0
1098:1032 1083 1091 1127 1136 0
1099:1100 1101 0
1100:1058 1099 1102 0
1101:1054 1069 1072 1074 1096 1099 1126 1138 0
1102:251 1058 1100 0
1103:1070 1124 0
1104:1054 1072 0
1105:1083 0
1106:1078 1079 1107 0
1107:1106 1133 1135 1145 0
1108:1077 1094 0
1109:1066 1071 0
1110:1065 1111 0
1111:1065 1088 1110 1122 0
1112:140 1113 0
1113:1112 4886 0
1114:195 1086 1115 0
1115:1114 0
1116:1043 0
1117:1037 1118 1119 0
1118:1095 1117 1119 0
1119:1117 1118 1148 0
1120:1092 0
1121:1048 0
1122:1071 1111 0
1123:1048 0
1124:1103 1125 0
1125:1054 1124 0
1126:1053 1101 0
1127:1055 1098 0
1128:1054 0
1129:1054 0
1130:1054 0
1131:1044 0
1132:1133 1134 0
1133:1038 1107 1132 1135 0
1134:1038 1132 1135 1137 0
1135:1107 1133 1134 1137 0
1136:1098 0
1137:1078 1079 1134 1135 0
1138:1101 0
1139:142 0
1140:142 1146 0
1141:142 0
1142:142 0
1143:142 0
1144:141 142 0
1145:143 1107 0
1146:1140 4897 4915 0
1147:1071 1089 0
1148:1080 1119 1149 0
1149:1148 0
1150:1151 1152 1153 1154 1155 0
1151:1150 1156 0
1152:1150 1156 0
1153:1150 1888 1889 0
1154:1150 2007 0
1155:1150 1888 0
1156:1151 1152 1397 1763 0
1157:1158 1159 1160 1161 1162 0
1158:400 1157 1165 0
1159:1157 1356 1453 0
1160:1157 1623 0
1161:1157 2016 0
1162:1157 2019 0
1163:1164 0
1164:400 1163 1257 0
1165:1158 1231 1237 1239 1253 1254 1255 1256 1257 1258 0
1166:1167 1168 1169 0
1167:1166 1758 0
1168:1166 2163 0
1169:1166 1806 0
1170:1171 1172 1173 0
1171:1170 1174 0
1172:1170 1174 1800 1801 0
1173:1170 1338 1996 0
1174:1171 1172 1341 1342 1616 1649 1802 1803 0
1175:1176 1177 1178 1179 1180 1181 1182 0
1176:1175 1183 1184 0
1177:1175 1178 0
1178:1175 1177 1217 0
1179:1175 1394 1648 1669 0
1180:1175 1617 0
1181:1175 1616 0
1182:1175 1932 1933 0
1183:1176 1615 1620 0
1184:1176 1474 1751 1762 1763 1764 1765 0
1185:1186 1187 1188 0
1186:1185 1897 0
1187:1185 2006 0
1188:1185 1674 0
1189:1190 1191 1192 1193 1194 1195 1196 0
1190:1189 1197 1198 0
1191:1189 1197 1494 1505 1506 0
1192:1189 1535 1536 0
1193:1189 1638 1639 1640 0
1194:1189 1556 1687 0
1195:1189 1371 0
1196:1189 1912 1913 1914 1915 1916 1917 1918 1919 0
1197:1190 1191 1376 0
1198:1190 1208 1321 1361 1620 1638 1686 0
1199:1200 1201 1202 0
1200:1199 1203 0
1201:1199 1202 1254 1386 1431 1448 1452 0
1202:1199 1201 1214 1514 1593 1773 1865 1866 1867 0
1203:1200 1204 1205 0
1204:1203 1546 0
1205:1203 1448 0
1206:1207 0
1207:1206 1220 1228 1561 1562 1563 1564 1565 1566 1567 1568 1569 0
1208:1198 1209 1210 1211 1212 0
1209:1208 0
1210:1208 1211 1321 1322 1418 1593 0
1211:1208 1210 1659 1671 1672 0
1212:1208 1321 1329 1361 1708 0
1213:1214 1215 0
1214:1202 1213 1276 1470 1581 1712 1715 1716 1717 1718 1719 0
1215:1213 1883 0
1216:1217 1218 1219 0
1217:1178 1216 0
1218:1216 1926 0
1219:1216 1372 0
1220:1207 1221 1222 1223 0
1221:1220 1789 1869 0
1222:1220 1935 0
1223:1220 0
1224:1225 1226 1227 0
1225:1224 0
1226:1224 1244 1245 1262 1266 1819 0
1227:1224 0
1228:1207 1229 0
1229:1228 1276 1277 1278 1279 1280 1281 1282 0
1230:1231 1232 1233 1234 1235 1236 0
1231:1165 1230 1237 1238 0
1232:1230 1237 1239 1240 1241 1242 0
1233:1230 1252 0
1234:1230 1242 1757 1758 0
1235:1230 1557 0
1236:1230 1500 1528 1572 1600 1850 0
1237:1165 1231 1232 1243 0
1238:1231 1271 1274 1275 0
1239:1165 1232 1247 1248 1249 1250 1251 1252 0
1240:1232 1557 0
1241:1232 1560 0
1242:1232 1234 0
1243:1237 1368 1758 0
1244:1226 1245 1246 0
1245:1226 1244 1682 1683 1684 1685 0
1246:1244 1300 0
1247:1239 1249 1323 0
1248:1239 1254 1465 1466 1467 0
1249:1239 1247 1863 0
1250:1239 2020 0
1251:1239 2046 0
1252:1233 1239 2234 0
1253:1165 1259 0
1254:1165 1201 1248 1258 1414 1418 1468 1469 1470 1471 0
1255:900 1165 1275 1368 1599 1738 1739 0
1256:400 1165 1806 0
1257:1164 1165 0
1258:1165 1254 1560 0
1259:1253 1522 1571 1608 0
1260:1261 1262 1263 1264 0
1261:1260 1265 1266 0
1262:1226 1260 1267 1268 1269 1270 0
1263:1260 1264 1267 2255 0
1264:1260 1263 0
1265:374 1261 1488 1489 0
1266:1226 1261 1351 1682 1736 0
1267:1262 1263 1270 1489 0
1268:1262 2246 2247 0
1269:1262 2255 0
1270:1262 1267 2265 2266 0
1271:1238 1272 1273 0
1272:1271 1647 0
1273:1271 1772 0
1274:1238 1601 1730 0
1275:1238 1255 1770 0
1276:1214 1229 0
1277:1229 1507 0
1278:1229 1755 0
1279:1229 1712 2083 0
1280:1229 1569 2117 0
1281:1229 1884 0
1282:1229 2030 0
1283:1284 1285 1286 1287 1288 1289 0
1284:1283 1290 1291 0
1285:1283 1290 1429 1632 1633 1634 0
1286:1283 1387 1425 1427 1428 1540 1541 1844 1887 0
1287:1283 1839 0
1288:1283 1540 0
1289:1283 1429 0
1290:1284 1285 1635 0
1291:1284 1429 1432 1477 0
1292:1293 1294 1295 1296 1297 0
1293:1292 1298 1299 0
1294:1292 1370 1570 0
1295:1292 1317 1725 0
1296:1292 1592 1690 1768 1804 0
1297:1292 1938 1939 0
1298:1293 1307 1406 1407 0
1299:1293 1497 1535 1686 1816 1817 1818 0
1300:1246 1301 1302 1303 1304 1305 0
1301:1300 1348 1826 1827 1828 1829 1830 1831 1832 1833 0
1302:1300 2123 0
1303:1300 1462 0
1304:1300 2239 0
1305:1300 2215 0
1306:1307 1308 1309 1310 1311 0
1307:1298 1306 1312 1313 1314 1315 1316 1317 1318 1319 0
1308:1306 1410 1411 0
1309:1306 0
1310:1306 2026 0
1311:1306 1854 0
1312:1307 1320 1321 1322 0
1313:1307 1320 1391 1392 0
1314:1307 0
1315:1307 1597 0
1316:1307 1690 1691 0
1317:1295 1307 1382 1701 1702 1703 1704 0
1318:1307 1581 0
1319:1307 1343 0
1320:1312 1313 0
1321:1198 1210 1212 1312 1362 1614 0
1322:1210 1312 1620 1701 1754 0
1323:1247 0
1324:1325 1326 1327 0
1325:1324 1539 1540 1541 0
1326:1324 1747 1842 1844 0
1327:1324 1753 1762 0
1328:1329 0
1329:1212 1328 0
1330:1331 1332 0
1331:1330 1445 1946 0
1332:1330 1947 0
1333:1334 0
1334:1333 1341 1342 1343 1344 0
1335:1336 1337 0
1336:1335 2180 0
1337:1335 2206 0
1338:1173 1339 1340 0
1339:1338 1890 0
1340:1338 1975 0
1341:1174 1334 1822 0
1342:1174 1334 1823 0
1343:1319 1334 1590 1657 1754 0
1344:1334 1715 0
1345:1346 1347 1348 1349 1350 1351 0
1346:1345 1502 1503 0
1347:1345 1461 1477 1728 0
1348:1301 1345 1503 1729 1736 1834 1835 0
1349:1345 1636 1728 1836 0
1350:1345 1953 1954 1955 1956 1957 1958 0
1351:1266 1345 0
1352:400 1353 0
1353:1352 1355 0
1354:400 4497 4498 0
1355:1353 1356 0
1356:1159 1355 0
1357:1358 0
1358:1357 1359 1360 0
1359:1358 1455 1459 0
1360:1358 1422 1631 0
1361:1198 1212 1362 0
1362:1321 1361 1374 1375 1591 1592 0
1363:909 1771 0
1364:909 1770 0
1365:506 1375 1591 0
1366:1367 1368 0
1367:1366 1369 0
1368:1243 1255 1366 0
1369:1367 2185 0
1370:1294 1371 0
1371:1195 1370 0
1372:1219 1373 0
1373:1372 1859 0
1374:1362 1375 1376 1377 0
1375:1362 1365 1374 1631 1675 0
1376:1197 1374 1584 0
1377:1374 2621 2791 0
1378:1379 1380 1381 0
1379:1378 1389 1390 0
1380:1378 1857 0
1381:1378 1989 1990 1991 0
1382:1317 1383 1384 0
1383:1382 1587 1588 1589 1590 0
1384:1382 1588 1998 1999 0
1385:1386 1387 1388 0
1386:1201 1385 1452 1509 1795 1796 1798 0
1387:1286 1385 1431 1480 1482 0
1388:1385 0
1389:1379 1617 1702 1766 1820 1821 0
1390:1379 0
1391:1313 0
1392:1313 0
1393:1394 1395 1396 1397 1398 1399 1400 1401 0
1394:1179 1393 0
1395:1393 1396 1693 0
1396:1393 1395 1479 1734 0
1397:1156 1393 1482 1550 1625 1746 1751 1752 0
1398:1393 1693 1825 0
1399:1393 1431 1480 0
1400:1393 2011 0
1401:1393 2009 2010 0
1402:1403 0
1403:1402 1404 1405 0
1404:1403 1644 1848 1849 0
1405:1403 1796 0
1406:1298 1810 0
1407:1298 1907 1968 2012 2013 0
1408:1409 0
1409:1408 1559 0
1410:1308 1854 1855 1856 0
1411:1308 2124 0
1412:1413 0
1413:1412 1414 1418 1419 1420 0
1414:1254 1413 1415 1416 1417 0
1415:1414 1529 0
1416:1414 1834 0
1417:1414 1835 0
1418:1210 1254 1413 1472 0
1419:374 1413 1681 1726 0
1420:1413 1472 1509 0
1421:1422 1423 0
1422:1360 1421 1424 0
1423:1421 2062 0
1424:1422 1641 1643 0
1425:1286 1426 1427 1428 1429 0
1426:1425 1427 1720 0
1427:1286 1425 1426 1429 1432 1637 1720 1740 0
1428:1286 1425 1847 0
1429:1285 1289 1291 1425 1427 1632 1637 1679 0
1430:1431 1432 1433 0
1431:555 1201 1387 1399 1430 1433 1473 1475 1476 1477 0
1432:1291 1427 1430 0
1433:1430 1431 1480 1481 1787 1853 0
1434:1435 1436 0
1435:1434 1690 0
1436:1434 1596 0
1437:1438 1439 1440 0
1438:1437 1441 1442 1443 0
1439:895 1437 0
1440:1437 2224 0
1441:1438 1443 1454 0
1442:1438 1558 0
1443:1438 1441 1610 0
1444:1445 1446 1447 0
1445:500 1331 1444 1561 1597 1705 1708 1709 1710 1711 0
1446:1444 1872 0
1447:1444 1706 2146 0
1448:1201 1205 1449 1450 1451 0
1449:1448 1594 1697 1698 0
1450:1448 1644 0
1451:1448 1542 0
1452:1201 1386 0
1453:1159 2032 0
1454:1441 1598 0
1455:1359 1456 1457 1458 0
1456:1455 1586 0
1457:1455 1486 0
1458:1455 0
1459:1359 1584 1664 1667 0
1460:1461 1462 1463 1464 0
1461:1347 1460 1463 1632 1633 0
1462:1303 1460 0
1463:1460 1461 0
1464:1460 1633 0
1465:1248 2125 0
1466:1248 1531 0
1467:1248 2045 0
1468:1254 0
1469:1254 1716 1794 0
1470:1214 1254 1814 0
1471:1254 1752 0
1472:1418 1420 1474 1593 0
1473:1431 1474 0
1474:1184 1472 1473 1475 1681 1787 0
1475:1431 1474 0
1476:555 1431 1487 0
1477:555 1291 1347 1431 1537 1636 1676 1677 1678 1679 1680 0
1478:1479 0
1479:1396 1478 2273 0
1480:1387 1399 1433 1481 1482 1483 0
1481:1433 1480 1840 1841 1842 0
1482:1387 1397 1480 0
1483:1480 1841 2043 2044 0
1484:1485 1486 0
1485:1484 1496 0
1486:1457 1484 0
1487:554 1476 1537 1677 1679 0
1488:1265 0
1489:1265 1267 0
1490:1491 1492 0
1491:1490 1741 0
1492:1490 1843 0
1493:1494 1495 0
1494:1191 1493 1504 0
1495:1493 1665 0
1496:1485 2584 2585 2586 2587 0
1497:1299 0
1498:1499 1500 1501 0
1499:1498 1560 0
1500:1236 1498 0
1501:1498 2016 0
1502:1346 0
1503:1346 1348 1575 0
1504:1494 0
1505:1191 1573 0
1506:1191 1552 0
1507:1277 1605 1883 1884 1885 1886 0
1508:1509 1510 0
1509:1386 1420 1508 1511 0
1510:1508 1594 0
1511:1509 1877 1878 0
1512:1513 1514 0
1513:1512 1517 1601 0
1514:481 1202 1512 1872 1873 0
1515:1516 1517 1518 0
1516:1515 1519 0
1517:1513 1515 1527 1662 1663 0
1518:1515 1870 0
1519:1516 2063 0
1520:1521 1522 0
1521:1520 1523 0
1522:1259 1520 1524 0
1523:1521 1661 1730 0
1524:1522 1601 1602 0
1525:1526 1527 1528 0
1526:1525 1655 0
1527:1517 1525 1731 0
1528:1236 1525 0
1529:1415 1530 1531 1532 1533 1534 0
1530:1529 1743 1744 1745 0
1531:1466 1529 0
1532:1529 0
1533:1529 0
1534:1529 2087 0
1535:1192 1299 1536 0
1536:1192 1535 2168 0
1537:1477 1487 1538 0
1538:1537 1963 0
1539:1325 0
1540:1286 1288 1325 0
1541:1286 1325 0
1542:1451 1543 0
1543:1542 1544 0
1544:1543 1712 1735 0
1545:481 0
1546:1204 1714 1780 0
1547:1548 1549 1550 1551 0
1548:1547 1595 0
1549:1547 1777 0
1550:1397 1547 1626 0
1551:1547 2058 2080 2093 2094 0
1552:1506 1553 1554 1555 1556 0
1553:1552 1799 0
1554:1552 1927 1929 2037 2095 0
1555:1552 2035 0
1556:1194 1552 0
1557:1235 1240 1600 0
1558:900 1442 0
1559:1409 1572 0
1560:1241 1258 1499 1572 1779 0
1561:1207 1445 0
1562:1207 0
1563:1207 1612 1807 0
1564:1207 1870 0
1565:1207 2042 0
1566:1207 2091 0
1567:1207 0
1568:1207 1613 0
1569:1207 1280 0
1570:1294 2049 2112 2113 0
1571:836 910 911 1259 0
1572:1236 1559 1560 0
1573:1505 1574 0
1574:1573 1582 1584 1585 0
1575:1503 0
1576:1577 1578 1579 1580 0
1577:1576 1581 0
1578:1576 1713 0
1579:1576 1761 0
1580:1576 1934 0
1581:1214 1318 1577 0
1582:1574 1583 0
1583:1582 1664 1668 0
1584:1376 1459 1574 1585 0
1585:1574 1584 0
1586:1456 1666 0
1587:1383 1656 1657 0
1588:1383 1384 2126 2127 0
1589:1383 2128 2129 0
1590:1343 1383 1911 0
1591:1362 1365 1769 0
1592:1296 1362 0
1593:1202 1210 1472 0
1594:1449 1510 0
1595:1548 1777 0
1596:484 1436 0
1597:1315 1445 1607 0
1598:1454 1599 0
1599:1255 1598 1651 1652 1654 0
1600:1236 1557 1779 0
1601:515 1274 1513 1524 0
1602:1524 1659 1670 0
1603:1604 1605 1606 0
1604:1603 1934 0
1605:1507 1603 0
1606:1603 1788 0
1607:1597 2152 0
1608:900 1259 0
1609:900 1739 0
1610:1443 0
1611:1612 0
1612:1563 1611 0
1613:1568 0
1614:1321 0
1615:1183 1616 1617 1618 1619 0
1616:1174 1181 1615 1792 0
1617:1180 1389 1615 1845 1846 0
1618:1615 1989 2098 2104 2159 2160 0
1619:1615 2274 0
1620:1183 1198 1322 1766 0
1621:1622 0
1622:1621 1623 0
1623:1160 1622 0
1624:1625 1626 1627 1628 1629 1630 0
1625:1397 1624 0
1626:1550 1624 0
1627:1624 1930 0
1628:1624 1630 1961 0
1629:1624 2017 0
1630:1624 1628 2017 2204 0
1631:1360 1375 1673 1674 0
1632:1285 1429 1461 1636 1637 0
1633:1285 1461 1464 1634 0
1634:1285 1633 1837 1838 1839 0
1635:1290 2279 0
1636:1349 1477 1632 0
1637:1427 1429 1632 0
1638:1193 1198 0
1639:1193 1861 1880 1881 0
1640:1193 1937 2060 2101 2165 0
1641:1424 1642 0
1642:1641 1969 0
1643:1424 1690 1769 0
1644:1404 1450 1645 1646 0
1645:1644 1781 1882 0
1646:1644 0
1647:1272 1868 0
1648:1179 1649 1650 0
1649:1174 1648 1852 0
1650:1648 1669 1994 0
1651:1599 0
1652:1599 1653 0
1653:1652 2169 0
1654:1599 2185 0
1655:1526 1791 0
1656:1587 2085 0
1657:1343 1587 1911 0
1658:1659 0
1659:1211 1602 1658 0
1660:515 1661 1662 1663 0
1661:1523 1660 0
1662:1517 1660 1782 0
1663:1517 1660 0
1664:1459 1583 1665 1666 1667 1668 0
1665:1495 1664 0
1666:1586 1664 1668 0
1667:1459 1664 0
1668:1583 1664 1666 0
1669:1179 1650 1986 2068 0
1670:1602 0
1671:1211 0
1672:1211 1708 1808 0
1673:1631 2171 0
1674:1188 1631 2241 0
1675:1375 2936 2937 0
1676:1477 1681 0
1677:1477 1487 1689 0
1678:1477 1798 0
1679:1429 1477 1487 0
1680:1477 2275 0
1681:1419 1474 1676 0
1682:1245 1266 0
1683:1245 0
1684:1245 1685 1819 0
1685:1245 1684 2269 2270 0
1686:1198 1299 0
1687:1194 1688 0
1688:1687 2077 2079 0
1689:1677 1964 2174 0
1690:1296 1316 1435 1643 0
1691:1316 1921 0
1692:1693 0
1693:1395 1398 1692 0
1694:1695 1696 0
1695:1694 1781 1814 0
1696:1694 1794 0
1697:1449 1698 1699 1700 0
1698:1449 1697 1793 0
1699:1697 1796 1797 0
1700:1697 1797 2123 0
1701:1317 1322 0
1702:1317 1389 1766 0
1703:1317 1976 1998 2096 0
1704:1317 1976 2097 2126 0
1705:1445 1706 1707 0
1706:1447 1705 0
1707:1705 1935 0
1708:1212 1445 1672 0
1709:1445 0
1710:1445 1818 0
1711:1445 1802 0
1712:1214 1279 1544 1713 1714 0
1713:1578 1712 0
1714:1546 1712 0
1715:1214 1344 1759 0
1716:1214 1469 1780 0
1717:1214 1786 0
1718:1214 1773 1864 0
1719:1214 1785 1866 0
1720:1426 1427 0
1721:1722 0
1722:1721 1723 1724 0
1723:1722 2019 0
1724:1722 2020 0
1725:1295 1979 2178 0
1726:1419 1727 1728 0
1727:1726 1729 0
1728:1347 1349 1726 0
1729:1348 1727 0
1730:1274 1523 1731 1732 1733 0
1731:1527 1730 0
1732:1730 1868 0
1733:1730 0
1734:1396 0
1735:1544 1864 0
1736:1266 1348 1737 0
1737:1736 2181 2182 2183 0
1738:1255 0
1739:1255 1609 0
1740:1427 2082 0
1741:1491 1742 0
1742:1741 1849 0
1743:1530 2125 0
1744:1530 1962 0
1745:1530 2236 0
1746:1397 1747 1748 1749 1750 0
1747:1326 1746 1753 0
1748:1746 1750 0
1749:1746 1889 2089 0
1750:1746 1748 1930 2058 0
1751:1184 1397 0
1752:1397 1471 0
1753:1327 1747 0
1754:1322 1343 0
1755:1278 1756 0
1756:1755 1781 1875 1876 0
1757:1234 1778 0
1758:1167 1234 1243 1770 1778 0
1759:1715 1760 1761 0
1760:1759 2199 0
1761:1579 1759 0
1762:1184 1327 0
1763:1156 1184 0
1764:1184 0
1765:1184 0
1766:1389 1620 1702 0
1767:1768 0
1768:1296 1767 0
1769:1591 1643 1775 0
1770:1275 1364 1758 1771 1772 0
1771:1363 1770 0
1772:1273 1770 0
1773:1202 1718 1774 0
1774:1773 2187 2195 0
1775:1769 1776 0
1776:1775 1783 0
1777:1549 1595 2196 0
1778:1757 1758 0
1779:1560 1600 0
1780:1546 1716 1781 0
1781:1645 1695 1756 1780 1815 0
1782:1662 0
1783:1776 1784 0
1784:1783 0
1785:1719 0
1786:1717 0
1787:1433 1474 0
1788:1606 1789 1790 0
1789:1221 1788 0
1790:1788 2223 0
1791:1655 1843 0
1792:1616 1906 2130 0
1793:1698 0
1794:1469 1696 0
1795:1386 0
1796:1386 1405 1699 1797 0
1797:1699 1700 1796 0
1798:1386 1678 0
1799:1553 1966 2114 0
1800:1172 1822 1823 1824 0
1801:1172 2176 0
1802:1174 1711 0
1803:1174 2160 0
1804:1296 0
1805:500 2146 0
1806:1169 1256 0
1807:1563 1808 1809 0
1808:1672 1807 0
1809:1807 0
1810:1406 1893 1900 1960 1968 2205 0
1811:1812 1813 0
1812:1811 2163 0
1813:1811 2185 0
1814:1470 1695 0
1815:1781 0
1816:1299 1861 0
1817:1299 1892 0
1818:1299 1710 0
1819:1226 1684 0
1820:1389 1984 2066 0
1821:1389 1978 2066 2237 0
1822:1341 1800 0
1823:1342 1800 0
1824:1800 1974 1975 0
1825:1398 2179 0
1826:1301 2248 0
1827:1301 2245 0
1828:1301 2238 0
1829:1301 2182 0
1830:1301 2239 0
1831:1301 2248 0
1832:1301 2254 0
1833:1301 2253 0
1834:1348 1416 0
1835:1348 1417 0
1836:1349 2214 2215 2216 2217 2218 2219 0
1837:1634 0
1838:1634 0
1839:1287 1634 0
1840:1481 2143 0
1841:1481 1483 2004 2056 0
1842:1326 1481 0
1843:1492 1791 0
1844:1286 1326 0
1845:1617 2191 2261 0
1846:1617 2190 2211 0
1847:1428 2194 0
1848:1404 0
1849:1404 1742 0
1850:1236 0
1851:1852 0
1852:1649 1851 0
1853:1433 2004 2043 2193 2259 0
1854:1311 1410 0
1855:1410 1890 2150 2151 0
1856:1410 0
1857:1380 1858 1859 1860 0
1858:1857 1931 0
1859:1373 1857 0
1860:1857 2105 0
1861:1639 1816 1862 0
1862:1861 0
1863:1249 2226 2232 0
1864:1718 1735 2186 2187 2210 2231 0
1865:1202 0
1866:1202 1719 0
1867:1202 2278 0
1868:1647 1732 0
1869:1221 0
1870:1518 1564 1871 0
1871:1870 1873 2110 2221 0
1872:1446 1514 1874 0
1873:1514 1871 2064 2175 2192 0
1874:1872 0
1875:1756 0
1876:1756 2202 0
1877:1511 0
1878:1511 1879 0
1879:1878 1962 0
1880:1639 2201 0
1881:1639 2103 2172 2228 0
1882:1645 2202 0
1883:1215 1507 0
1884:1281 1507 0
1885:1507 2102 0
1886:1507 2223 0
1887:1286 0
1888:1153 1155 2040 2041 0
1889:1153 1749 0
1890:1339 1855 0
1891:1892 1893 0
1892:1817 1891 1899 1900 1901 1902 1903 0
1893:1810 1891 0
1894:1895 1896 0
1895:1894 1937 1942 0
1896:1894 2055 0
1897:1186 1898 0
1898:1897 0
1899:1892 0
1900:1810 1892 0
1901:1892 2048 0
1902:1892 2132 0
1903:1892 2112 0
1904:1905 1906 0
1905:1904 2051 2133 2162 0
1906:1792 1904 0
1907:1407 1908 0
1908:1907 0
1909:1910 1911 0
1910:1909 2023 0
1911:1590 1657 1909 2052 0
1912:1196 1973 2053 2054 2055 0
1913:1196 1937 2074 0
1914:1196 0
1915:1196 1936 0
1916:1196 2073 2154 0
1917:1196 2072 0
1918:1196 0
1919:1196 2256 0
1920:1921 1922 0
1921:1691 1920 0
1922:1920 2027 0
1923:1924 1925 0
1924:1923 2116 0
1925:1923 2056 0
1926:1218 2000 0
1927:1554 1928 1929 0
1928:1927 2115 0
1929:1554 1927 0
1930:1627 1750 0
1931:1858 1959 0
1932:1182 0
1933:1182 0
1934:1580 1604 0
1935:1222 1707 0
1936:1915 1937 0
1937:1640 1895 1913 1936 2071 2092 0
1938:1297 1940 1941 0
1939:1297 2205 0
1940:1938 1979 2012 0
1941:1938 2012 0
1942:1895 2213 0
1943:1944 1945 0
1944:1943 1992 0
1945:1943 2229 2230 0
1946:1331 0
1947:1332 1948 0
1948:1947 0
1949:1950 1951 1952 0
1950:1949 1951 2096 0
1951:1949 1950 0
1952:1949 2148 0
1953:1350 1958 1963 0
1954:1350 1956 1957 0
1955:1350 1956 0
1956:1350 1954 1955 1958 0
1957:1350 1954 1963 0
1958:1350 1953 1956 0
1959:1931 1960 0
1960:1810 1959 2067 0
1961:1628 2017 2094 0
1962:1744 1879 0
1963:1538 1953 1957 1964 0
1964:1689 1963 2174 0
1965:1966 1967 0
1966:1799 1965 2122 0
1967:1965 2122 0
1968:1407 1810 0
1969:1642 1970 0
1970:1969 0
1971:1972 1973 0
1972:1971 2157 0
1973:1912 1971 2198 2229 0
1974:1824 0
1975:1340 1824 0
1976:1703 1704 1977 1978 0
1977:1976 1979 1980 0
1978:1821 1976 1984 0
1979:1725 1940 1977 0
1980:1977 2225 0
1981:1982 1983 1984 0
1982:1981 2134 2212 0
1983:1981 2130 2261 0
1984:1820 1978 1981 2212 2237 0
1985:1986 1987 1988 0
1986:1669 1985 0
1987:1985 1993 0
1988:1985 2024 0
1989:1381 1618 2038 0
1990:1381 1991 2065 0
1991:1381 1990 0
1992:1944 0
1993:1987 1994 0
1994:1650 1993 0
1995:1996 1997 0
1996:1173 1995 0
1997:1995 0
1998:1384 1703 0
1999:1384 2126 0
2000:1926 2001 2002 0
2001:2000 2003 0
2002:2000 2018 0
2003:2001 2149 2170 0
2004:1841 1853 2005 0
2005:2004 2043 2056 0
2006:1187 2062 0
2007:1154 2008 0
2008:2007 2089 0
2009:1401 2010 0
2010:1401 2009 0
2011:1400 2149 0
2012:1407 1940 1941 2014 2015 0
2013:1407 2098 0
2014:2012 2039 2065 2067 0
2015:2012 2233 0
2016:1161 1501 0
2017:1629 1630 1961 0
2018:2002 2068 0
2019:1162 1723 0
2020:1250 1724 0
2021:2022 2023 2024 0
2022:2021 2162 0
2023:1910 2021 0
2024:1988 2021 2160 0
2025:2026 2027 0
2026:1310 2025 0
2027:1922 2025 2106 0
2028:2029 2030 0
2029:2028 2031 2136 0
2030:1282 2028 0
2031:2029 0
2032:1453 2033 0
2033:2032 0
2034:2035 2036 0
2035:1555 2034 0
2036:2034 2037 0
2037:1554 2036 0
2038:1989 2039 0
2039:2014 2038 2189 0
2040:1888 0
2041:1888 2149 0
2042:1565 0
2043:1483 1853 2005 0
2044:1483 0
2045:1467 2046 0
2046:1251 2045 0
2047:2048 2049 0
2048:1901 2047 2108 2109 2168 0
2049:1570 2047 0
2050:2051 2052 0
2051:1905 2050 0
2052:1911 2050 0
2053:1912 2139 2142 0
2054:1912 2075 0
2055:1896 1912 2070 0
2056:1841 1925 2005 0
2057:2058 0
2058:1551 1750 2057 2059 2080 0
2059:2058 0
2060:1640 2061 0
2061:2060 2157 0
2062:1423 2006 0
2063:1519 2064 0
2064:1873 2063 2175 0
2065:1990 2014 2066 0
2066:1820 1821 2065 0
2067:1960 2014 0
2068:1669 2018 2121 0
2069:2070 2071 0
2070:2055 2069 0
2071:1937 2069 0
2072:1917 2073 0
2073:1916 2072 0
2074:1913 2075 0
2075:2054 2074 2147 0
2076:2077 2078 0
2077:1688 2076 0
2078:2076 0
2079:1688 0
2080:1551 2058 0
2081:2082 0
2082:1740 2081 0
2083:1279 2084 0
2084:2083 2200 0
2085:1656 2086 0
2086:2085 2133 2134 2135 0
2087:1534 2088 0
2088:2087 0
2089:1749 2008 0
2090:2091 0
2091:1566 2090 0
2092:1937 2158 0
2093:1551 0
2094:1551 1961 0
2095:1554 2118 0
2096:1703 1950 2097 0
2097:1704 2096 0
2098:1618 2013 2188 0
2099:2100 2101 0
2100:2099 2173 0
2101:1640 2099 0
2102:1885 0
2103:1881 0
2104:1618 2105 0
2105:1860 2104 0
2106:2027 2161 0
2107:2108 2109 0
2108:2048 2107 0
2109:2048 2107 0
2110:1871 2111 0
2111:2110 2177 0
2112:1570 1903 0
2113:1570 0
2114:1799 2115 0
2115:1928 2114 0
2116:1924 2143 0
2117:1280 2184 0
2118:2095 2137 0
2119:2120 2121 0
2120:2119 2131 2220 0
2121:2068 2119 0
2122:1966 1967 0
2123:1302 1700 0
2124:1411 0
2125:1465 1743 0
2126:1588 1704 1999 2211 2212 0
2127:1588 2128 2203 0
2128:1589 2127 2148 0
2129:1589 2135 2203 0
2130:1792 1983 2131 0
2131:2120 2130 0
2132:1902 2158 0
2133:1905 2086 0
2134:1982 2086 0
2135:2086 2129 0
2136:2029 0
2137:2118 2164 0
2138:2139 2140 2141 0
2139:2053 2138 0
2140:2138 2141 2166 2167 0
2141:2138 2140 2235 0
2142:2053 2264 2267 0
2143:1840 2116 2144 2145 0
2144:2143 0
2145:2143 2272 0
2146:1447 1805 2192 0
2147:2075 2155 0
2148:1952 2128 0
2149:2003 2011 2041 0
2150:1855 2151 0
2151:1855 2150 0
2152:1607 0
2153:2154 0
2154:1916 2153 0
2155:2147 2156 0
2156:2155 2165 2213 0
2157:1972 2061 2198 0
2158:2092 2132 0
2159:1618 0
2160:1618 1803 2024 2220 0
2161:2106 0
2162:1905 2022 0
2163:1168 1812 0
2164:2137 2201 0
2165:1640 2156 0
2166:2140 0
2167:2140 0
2168:1536 2048 0
2169:1653 2180 0
2170:2003 0
2171:1673 0
2172:1881 2173 0
2173:2100 2172 0
2174:1689 1964 0
2175:1873 2064 2192 0
2176:1801 0
2177:2111 2221 0
2178:1725 2257 0
2179:1825 0
2180:1336 2169 0
2181:1737 2245 0
2182:1737 1829 0
2183:1737 2245 0
2184:2117 0
2185:1369 1654 1813 2206 2207 0
2186:1864 2187 0
2187:1774 1864 2186 0
2188:2098 2243 2260 0
2189:2039 2190 2191 0
2190:1846 2189 0
2191:1845 2189 0
2192:1873 2146 2175 0
2193:1853 2194 0
2194:1847 2193 2259 2262 0
2195:1774 2210 0
2196:1777 2197 0
2197:2196 2208 0
2198:1973 2157 0
2199:1760 2231 0
2200:2084 0
2201:1880 2164 2228 0
2202:1876 1882 2209 0
2203:2127 2129 0
2204:1630 2272 0
2205:1810 1939 0
2206:1337 2185 0
2207:2185 0
2208:2197 0
2209:2202 0
2210:1864 2195 0
2211:1846 2126 2237 0
2212:1982 1984 2126 0
2213:1942 2156 0
2214:1836 2240 0
2215:1305 1836 2216 2249 0
2216:1836 2215 2244 0
2217:1836 2251 0
2218:1836 2244 0
2219:1836 2244 0
2220:2120 2160 0
2221:1871 2177 2222 0
2222:2221 0
2223:1790 1886 0
2224:1440 0
2225:1980 2258 2260 0
2226:1863 2227 0
2227:2226 0
2228:1881 2201 2271 0
2229:1945 1973 0
2230:1945 2267 0
2231:1864 2199 0
2232:1863 0
2233:2015 2257 0
2234:1252 0
2235:2141 0
2236:1745 0
2237:1821 1984 2211 0
2238:1828 2239 0
2239:1304 1830 2238 2252 0
2240:2214 2250 2251 0
2241:1674 2242 0
2242:2241 0
2243:2188 0
2244:2216 2218 2219 0
2245:1827 2181 2183 2248 0
2246:1268 0
2247:1268 0
2248:1826 1831 2245 0
2249:2215 2250 2251 0
2250:2240 2249 2252 0
2251:2217 2240 2249 0
2252:2239 2250 0
2253:1833 2254 0
2254:1832 2253 0
2255:1263 1269 2268 0
2256:1919 0
2257:2178 2233 2258 0
2258:2225 2257 2263 0
2259:1853 2194 0
2260:2188 2225 0
2261:1845 1983 0
2262:2194 0
2263:2258 0
2264:2142 0
2265:1270 0
2266:1270 0
2267:2142 2230 0
2268:2255 0
2269:1685 0
2270:1685 0
2271:2228 0
2272:2145 2204 0
2273:1479 0
2274:1619 0
2275:1680 0
2276:2277 2278 0
2277:2276 2279 0
2278:1867 2276 0
2279:1635 2277 0
2280:2281 2282 0
2281:2280 2290 0
2282:2280 2290 0
2283:0
2284:2285 2286 0
2285:2284 2306 2307 0
2286:2284 2487 0
2287:2288 2289 0
2288:2287 2363 0
2289:2287 2497 0
2290:443 459 2281 2282 0
2291:2292 2293 0
2292:2291 2349 2492 0
2293:2291 2405 4852 4867 0
2294:2295 2296 0
2295:466 2294 2336 2470 0
2296:2294 2365 0
2297:2298 2299 0
2298:2297 2337 2363 0
2299:2297 2365 2436 2489 0
2300:2301 2302 0
2301:2300 2437 0
2302:2300 2304 0
2303:2304 2305 0
2304:2302 2303 2387 0
2305:466 2303 0
2306:2285 2307 2308 2309 0
2307:2285 2306 2308 2424 2444 2456 0
2308:2306 2307 2309 0
2309:2306 2308 2488 2493 2494 0
2310:2311 0
2311:455 2310 2313 0
2312:455 2313 2314 2315 2316 2317 2318 2319 2320 0
2313:455 2311 2312 2321 2322 2323 0
2314:2312 2320 0
2315:2312 0
2316:2312 2320 0
2317:2312 2319 2480 0
2318:2312 2480 0
2319:2312 2317 0
2320:2312 2314 2316 2435 2453 0
2321:2313 2322 2326 0
2322:460 2313 2321 2328 2426 2457 2458 2459 2460 0
2323:2313 2485 2486 0
2324:455 608 2325 2343 2344 2345 2346 2347 0
2325:455 2324 2345 2346 0
2326:2321 2467 0
2327:2328 2329 0
2328:2322 2327 2334 0
2329:2327 2470 0
2330:2331 0
2331:2330 2335 0
2332:2333 2334 0
2333:2332 2336 0
2334:2328 2332 0
2335:2331 2342 0
2336:2295 2333 2401 0
2337:466 2298 2437 0
2338:2339 2340 2341 0
2339:2338 2364 0
2340:2338 2428 0
2341:2338 2495 2496 2497 2498 2499 2500 0
2342:2335 2481 0
2343:2324 2344 2397 2398 2399 2400 0
2344:2324 2343 2347 2445 2446 2447 0
2345:2324 2325 2373 0
2346:2324 2325 2393 2464 0
2347:2324 2344 2352 0
2348:2349 0
2349:2292 2348 2350 2351 2352 0
2350:2349 0
2351:2349 2369 0
2352:2347 2349 2423 2424 2440 0
2353:2354 2355 0
2354:2353 2403 2434 2435 0
2355:2353 0
2356:2357 2358 0
2357:2356 2366 2461 2462 0
2358:2356 2457 0
2359:2360 2361 2362 0
2360:2359 2363 2364 2365 0
2361:2359 2380 4520 0
2362:2359 2381 0
2363:2288 2298 2360 2378 2382 2383 2384 2385 2386 0
2364:2339 2360 0
2365:2296 2299 2360 2479 0
2366:2357 2367 0
2367:2366 2427 2467 0
2368:2369 2370 0
2369:2351 2368 0
2370:2368 2502 0
2371:2372 2373 2374 0
2372:2371 2373 2454 0
2373:2345 2371 2372 2465 2466 2471 2478 0
2374:2371 2393 0
2375:2376 2377 0
2376:2375 2394 0
2377:2375 2452 2484 0
2378:2363 2379 2380 2381 0
2379:2378 0
2380:2361 2378 4660 0
2381:2362 2378 0
2382:2363 0
2383:2363 0
2384:2363 2387 0
2385:2363 2386 4544 4719 0
2386:2363 2385 2496 4535 4658 4743 0
2387:2304 2384 0
2388:2389 2390 0
2389:443 2388 2431 0
2390:2388 2484 0
2391:2392 2393 0
2392:2391 2423 0
2393:2346 2374 2391 2456 2464 2465 2466 0
2394:2376 2442 2452 0
2395:443 2396 0
2396:2395 2419 2448 2449 0
2397:2343 0
2398:2343 0
2399:2343 0
2400:608 958 2343 2474 0
2401:2336 2404 0
2402:443 2403 0
2403:2354 2402 0
2404:2401 2405 0
2405:2293 2404 4890 0
2406:846 2407 0
2407:2406 2416 0
2408:2409 2410 2411 2412 2413 0
2409:2408 2414 2415 0
2410:2408 0
2411:2408 0
2412:2408 2413 0
2413:2408 2412 0
2414:2409 0
2415:2409 2454 0
2416:2407 2436 0
2417:2418 0
2418:2417 2419 0
2419:2396 2418 2420 0
2420:443 2419 2450 2451 0
2421:2422 2423 2424 0
2422:2421 0
2423:2352 2392 2421 2440 0
2424:2307 2352 2421 0
2425:2426 2427 0
2426:2322 2425 0
2427:2367 2425 2461 0
2428:846 2340 0
2429:2430 0
2430:443 467 2429 0
2431:2389 2443 2468 2469 0
2432:443 2451 0
2433:443 2469 0
2434:2354 2435 0
2435:460 2320 2354 2434 2491 0
2436:2299 2416 0
2437:2301 2337 0
2438:2439 0
2439:2438 0
2440:2352 2423 0
2441:2442 2443 0
2442:2394 2441 0
2443:2431 2441 0
2444:2307 0
2445:2344 0
2446:2344 0
2447:144 2344 0
2448:2396 2449 0
2449:2396 2448 0
2450:2420 0
2451:890 2420 2432 0
2452:2377 2394 0
2453:438 2320 0
2454:2372 2415 0
2455:608 4545 4867 0
2456:2307 2393 0
2457:2322 2358 0
2458:2322 0
2459:2322 0
2460:2322 0
2461:2357 2427 0
2462:2357 2467 0
2463:2464 0
2464:2346 2393 2463 0
2465:2373 2393 0
2466:2373 2393 0
2467:2326 2367 2462 0
2468:2431 0
2469:2431 2433 2484 0
2470:2295 2329 0
2471:2373 2472 0
2472:2471 0
2473:2474 2475 0
2474:2400 2473 2476 2481 2482 0
2475:2473 0
2476:2474 2477 0
2477:607 2476 0
2478:2373 0
2479:2365 4748 0
2480:2317 2318 0
2481:2342 2474 0
2482:2474 2483 0
2483:2482 4889 4891 4893 0
2484:2377 2390 2469 0
2485:2323 0
2486:2323 0
2487:2286 0
2488:2309 0
2489:2299 4555 4578 4604 4766 0
2490:2491 0
2491:460 2435 2490 0
2492:2292 4867 0
2493:2309 0
2494:2309 0
2495:2341 0
2496:2341 2386 4690 4691 0
2497:2289 2341 0
2498:2341 2500 4690 4764 4765 0
2499:2341 4816 4817 4819 0
2500:2341 2498 4816 0
2501:846 4729 4778 4779 0
2502:2370 0
2503:2504 2505 0
2504:2503 4573 4574 4575 4576 0
2505:2503 4705 0
2506:2507 0
2507:2506 2508 2509 0
2508:2507 2612 2618 2621 2622 2623 0
2509:2507 2621 2623 2655 2741 2753 2756 0
2510:557 559 2600 2676 2677 2678 2679 2680 0
2511:557 2708 3012 3013 3014 3015 0
2512:2513 2514 0
2513:2512 2691 3119 0
2514:2512 2545 3120 0
2515:2516 2517 2518 0
2516:2515 2517 2568 2683 2687 2688 2689 0
2517:2515 2516 2529 2532 2534 2578 2603 2625 2926 0
2518:2515 3016 3017 0
2519:2520 2521 0
2520:2519 2588 2779 2825 2826 2827 2828 2829 2830 0
2521:2519 2560 2611 2612 2616 2617 2732 2763 2826 2962 2963 2964 0
2522:2523 0
2523:2522 2709 2749 2750 2757 2758 2759 2797 2938 0
2524:2525 2526 0
2525:2524 2527 0
2526:2524 0
2527:2525 2625 2934 0
2528:2529 2530 0
2529:2517 2528 2916 0
2530:2528 0
2531:2532 2533 2534 2535 2536 2537 2538 2539 2540 2541 2542 2543 0
2532:2517 2531 2548 0
2533:2531 2645 2646 0
2534:2517 2531 2769 0
2535:2531 2647 2648 2913 2931 0
2536:2531 2646 2965 0
2537:2531 2860 2970 0
2538:2531 2860 2971 0
2539:2531 2540 2769 2951 3025 3026 3027 3028 3029 3030 3031 3032 0
2540:2531 2539 3033 0
2541:2531 3086 0
2542:2531 2801 0
2543:2531 2737 3089 0
2544:2545 2546 2547 0
2545:2514 2544 2690 2691 2692 2693 0
2546:2544 2737 2984 0
2547:2544 2748 2759 3037 3038 0
2548:2532 2920 3045 0
2549:2550 0
2550:2549 2551 2552 2553 2554 2555 2556 2557 2558 2559 2560 2561 0
2551:2550 0
2552:2550 2590 2591 0
2553:2550 2779 2780 2781 2782 0
2554:2550 2643 2779 2786 2919 2939 2940 2941 0
2555:2550 2981 2982 0
2556:2550 2861 0
2557:2550 2643 0
2558:2550 0
2559:2550 0
2560:2521 2550 3250 0
2561:2550 2627 3310 0
2562:2563 2564 0
2563:127 2562 4262 4263 0
2564:2562 4238 4285 0
2565:2566 0
2566:2565 2567 2568 2569 2570 0
2567:2566 0
2568:2516 2566 2582 2760 2761 0
2569:2566 2743 2960 2961 0
2570:2566 2582 2648 2743 2972 2973 0
2571:2572 2573 2574 2575 2576 0
2572:2571 0
2573:2571 2577 3055 0
2574:2571 0
2575:2571 2576 2578 2947 0
2576:2571 2575 0
2577:2573 2578 2579 0
2578:2517 2575 2577 2604 2729 2730 2946 2947 0
2579:2577 0
2580:2581 2582 2583 0
2581:2580 2657 2659 2700 2725 2726 2727 0
2582:2568 2570 2580 2654 2656 2866 2867 0
2583:2580 0
2584:1496 2585 2612 2613 2614 2615 0
2585:1496 2584 3091 0
2586:1496 2587 3091 3168 3193 0
2587:1496 2586 2615 3114 3164 0
2588:2520 2589 0
2589:2588 2781 0
2590:2552 2900 3058 3059 3060 3061 3062 0
2591:2552 2962 3359 0
2592:2593 2594 2595 2596 2597 0
2593:2592 0
2594:2592 2597 2683 2684 2911 2912 0
2595:2592 2596 2633 2638 2639 2922 2928 3103 3104 0
2596:2592 2595 0
2597:2592 2594 0
2598:2599 2600 2601 0
2599:2598 2715 2776 2807 2841 0
2600:2510 2598 2640 2641 2703 2807 2869 2870 2871 0
2601:2598 3073 3074 3075 3076 0
2602:2603 0
2603:2517 2602 2604 2605 0
2604:2578 2603 2868 0
2605:2603 3080 3081 3082 3083 3084 3085 0
2606:2607 2608 2609 2610 0
2607:2606 2611 3087 0
2608:2606 2610 3106 3109 3110 3111 0
2609:2606 3106 3334 0
2610:2606 2608 0
2611:2521 2607 2612 0
2612:2508 2521 2584 2611 2616 2617 2618 2619 2620 0
2613:2584 0
2614:2584 3039 3040 3314 0
2615:2584 2587 3040 0
2616:2521 2612 2682 0
2617:2521 2612 0
2618:2508 2612 2884 2887 2893 2935 2936 0
2619:2612 2879 3049 0
2620:2612 3078 3079 3090 3091 0
2621:1377 2508 2509 2655 0
2622:2508 2655 2666 0
2623:2508 2509 2942 0
2624:2625 0
2625:2517 2527 2624 0
2626:2627 0
2627:2561 2626 2628 0
2628:2627 2949 3011 0
2629:558 2630 2631 2632 0
2630:558 2629 2678 2681 0
2631:2629 0
2632:2629 0
2633:2595 2634 2635 2636 2637 0
2634:2633 2636 2637 0
2635:2633 3281 3282 3283 0
2636:2633 2634 2637 0
2637:2633 2634 2636 0
2638:2595 0
2639:2595 0
2640:2600 2641 2642 0
2641:2600 2640 2772 2773 2774 2775 0
2642:2640 0
2643:2554 2557 2644 0
2644:2643 2843 3059 0
2645:2533 0
2646:2533 2536 2956 0
2647:2535 2648 2649 0
2648:2535 2570 2647 2696 2699 2700 2701 2702 0
2649:2647 0
2650:2651 2652 2653 0
2651:2650 2654 2660 0
2652:2650 2654 2661 0
2653:2650 2725 2989 2992 2993 2994 0
2654:2582 2651 2652 2655 2656 2657 2658 0
2655:2509 2621 2622 2654 2659 0
2656:2582 2654 2670 0
2657:2581 2654 2842 0
2658:2654 0
2659:2581 2655 2728 0
2660:2651 2661 0
2661:2652 2660 0
2662:2663 2664 0
2663:2662 2664 2750 2751 2977 3093 3094 0
2664:2662 2663 3229 3230 3231 0
2665:2666 2667 2668 0
2666:2622 2665 2669 0
2667:2665 0
2668:2665 0
2669:2666 0
2670:2656 2980 0
2671:2672 2673 2674 2675 0
2672:2671 2732 2733 2734 2735 0
2673:2671 2764 3123 3126 3127 0
2674:2671 3063 3330 0
2675:2671 3064 3332 0
2676:2510 2693 2708 0
2677:2510 3129 3133 0
2678:2510 2630 3134 0
2679:2510 2693 2793 0
2680:559 2510 0
2681:558 2630 2774 2776 2777 2778 0
2682:2616 2983 0
2683:2516 2594 2684 2685 2686 0
2684:2594 2683 0
2685:2683 2686 0
2686:2683 2685 0
2687:2516 2813 2918 0
2688:2516 2860 0
2689:2516 2944 0
2690:2545 2705 2706 2707 0
2691:2513 2545 2711 2713 0
2692:2545 2802 0
2693:2545 2676 2679 2703 2713 2792 2869 0
2694:2695 0
2695:2694 2799 0
2696:2648 2697 2698 0
2697:2696 2725 2987 2988 0
2698:2696 2989 2995 0
2699:2648 2913 3322 0
2700:2581 2648 3323 0
2701:2648 0
2702:2648 0
2703:2600 2693 2704 0
2704:2703 2748 2870 3008 3012 3094 3131 3153 0
2705:2690 0
2706:2690 0
2707:2690 0
2708:2511 2676 3012 3154 0
2709:2523 2710 2711 2712 0
2710:2709 3155 0
2711:2691 2709 3156 0
2712:2709 0
2713:2691 2693 2748 0
2714:2715 2716 2717 0
2715:2599 2714 2716 2779 2806 2807 2808 2809 2810 0
2716:2714 2715 2808 2821 2822 2823 2824 0
2717:2714 0
2718:2719 2720 2721 2722 2723 2724 0
2719:2718 2720 2723 2783 2784 2785 2786 2787 0
2720:2718 2719 2723 2917 0
2721:2718 0
2722:2718 0
2723:2718 2719 2720 0
2724:2718 0
2725:2581 2653 2697 0
2726:2581 0
2727:2581 0
2728:2659 2768 2778 2949 2957 2958 0
2729:2578 2730 2731 0
2730:2578 2729 2954 0
2731:2729 0
2732:2521 2672 2762 2763 2764 2765 2766 2767 0
2733:2672 2734 3165 3166 0
2734:2672 2733 3165 0
2735:2672 2762 3325 0
2736:2737 2738 2739 0
2737:2543 2546 2736 2969 0
2738:2736 0
2739:2736 0
2740:2741 0
2741:2509 2740 2742 0
2742:2741 0
2743:2569 2570 2744 2745 0
2744:2743 0
2745:2743 0
2746:2747 0
2747:2746 2961 0
2748:2547 2704 2713 3008 0
2749:2523 2750 0
2750:2523 2663 2749 2751 2752 0
2751:2663 2750 0
2752:2750 0
2753:2509 2754 2755 0
2754:2753 0
2755:2753 0
2756:2509 0
2757:2523 2758 2759 0
2758:2523 2757 2759 2792 2793 2794 2795 2796 2797 0
2759:2523 2547 2757 2758 2938 3037 3038 3315 0
2760:2568 2913 2986 0
2761:2568 0
2762:2732 2735 2900 2910 0
2763:2521 2732 2959 0
2764:2673 2732 3127 3187 0
2765:2732 3188 0
2766:2732 3335 0
2767:2732 3274 3338 0
2768:2728 0
2769:2534 2539 2965 3025 3190 3191 3192 0
2770:2771 0
2771:2770 2933 2961 0
2772:2641 2943 0
2773:2641 2873 0
2774:2641 2681 3186 0
2775:2641 3153 3194 3195 3196 0
2776:2599 2681 2806 2835 2836 0
2777:2681 2778 2806 2937 2948 2949 2950 0
2778:2681 2728 2777 2791 0
2779:2520 2553 2554 2715 2847 2848 2849 2860 2861 0
2780:2553 2781 2782 3240 0
2781:2553 2589 2780 2782 0
2782:2553 2780 2781 3342 3343 3344 3362 0
2783:2719 2788 2789 2790 0
2784:2719 2785 2821 3072 0
2785:2719 2784 2786 3018 3264 0
2786:2554 2719 2785 2787 2850 2939 2940 3018 3264 0
2787:2719 2786 0
2788:2783 2941 0
2789:2783 2790 3112 0
2790:2783 2789 3112 0
2791:1377 2778 0
2792:2693 2758 2794 2795 2798 2799 0
2793:2679 2758 2796 0
2794:2758 2792 3201 0
2795:2758 2792 3202 0
2796:2758 2793 0
2797:2523 2758 0
2798:2792 2877 2878 0
2799:2695 2792 0
2800:2801 0
2801:2542 2800 2802 0
2802:2692 2801 2977 2978 0
2803:559 2804 2805 0
2804:2803 3130 3210 0
2805:559 2803 0
2806:2715 2776 2777 0
2807:2599 2600 2715 2837 2838 2839 2840 0
2808:2715 2716 0
2809:2715 2856 0
2810:2715 2856 0
2811:2812 0
2812:2811 2813 3125 0
2813:2687 2812 0
2814:2815 2819 3117 3118 0
2815:2814 3013 3118 3177 3200 3288 0
2816:3174 3175 3179 3287 0
2817:0
2818:3130 3275 3356 3358 0
2819:2814 0
2820:558 649 4177 0
2821:2716 2784 2824 0
2822:2716 2845 2850 2855 0
2823:2716 0
2824:2716 2821 3260 0
2825:2520 0
2826:2520 2521 0
2827:2520 3059 3226 0
2828:2520 3059 3227 0
2829:2520 3059 3228 0
2830:2520 0
2831:559 0
2832:559 0
2833:559 3130 0
2834:559 0
2835:2776 0
2836:2776 0
2837:2807 3216 0
2838:2807 3216 0
2839:2807 0
2840:2807 0
2841:2599 3216 3219 3220 3221 3222 3223 3224 0
2842:2657 0
2843:2644 0
2844:2851 2853 2859 0
2845:2822 0
2846:2852 0
2847:2779 3237 0
2848:2779 3238 0
2849:2779 3239 0
2850:2786 2822 2855 2919 3018 3019 0
2851:2844 3267 0
2852:2846 2966 3100 3101 0
2853:2844 0
2854:0
2855:2822 2850 0
2856:2809 2810 2858 2859 3327 3328 3341 3350 3351 0
2857:2859 0
2858:2856 0
2859:2844 2856 2857 3327 3328 0
2860:2537 2538 2688 2779 2874 2919 2944 2949 2950 2953 0
2861:2556 2779 3361 0
2862:2863 2864 2865 0
2863:2862 2865 2967 2968 0
2864:2862 2967 4170 4212 0
2865:2862 2863 4214 4235 4257 4261 4310 0
2866:2582 0
2867:2582 0
2868:2604 2924 3080 0
2869:2600 2693 0
2870:2600 2704 2871 2977 3012 3094 3131 3153 3241 0
2871:2600 2870 3258 0
2872:2873 2874 2875 2876 0
2873:2773 2872 2966 0
2874:2860 2872 0
2875:2872 3248 0
2876:2872 3248 0
2877:2798 3021 0
2878:2798 0
2879:2619 2880 2881 2882 0
2880:2879 3197 0
2881:2879 3252 0
2882:2879 2884 3284 0
2883:2884 0
2884:2618 2882 2883 0
2885:2886 0
2886:2885 2887 0
2887:2618 2886 2888 0
2888:2887 3036 0
2889:2890 0
2890:2889 2935 3256 0
2891:2892 0
2892:2891 2893 0
2893:2618 2892 2894 0
2894:2893 2895 0
2895:2894 0
2896:2897 2898 2899 2900 2901 2902 2903 0
2897:2896 2900 2901 3068 3069 3070 0
2898:2896 0
2899:2896 0
2900:2590 2762 2896 2897 2901 3059 3214 3276 3277 3278 0
2901:2896 2897 2900 0
2902:2896 2903 0
2903:2896 2902 3363 0
2904:0
2905:2949 3121 0
2906:2949 3170 0
2907:0
2908:0
2909:0
2910:2762 3297 0
2911:2594 2912 0
2912:2594 2911 0
2913:2535 2699 2760 2914 2915 0
2914:2913 3317 0
2915:2913 0
2916:2529 0
2917:2720 0
2918:2687 0
2919:2554 2850 2860 0
2920:2548 2921 2930 3046 0
2921:2920 2929 2930 0
2922:2595 0
2923:2924 2925 2963 3105 0
2924:2868 2923 2925 2927 3245 3246 3247 0
2925:2923 2924 3105 0
2926:2517 0
2927:2924 0
2928:2595 0
2929:2921 0
2930:2920 2921 0
2931:2535 0
2932:2933 0
2933:2771 2932 2961 0
2934:2527 0
2935:2618 2890 3092 0
2936:1675 2618 3259 0
2937:1675 2777 2946 2948 0
2938:2523 2759 0
2939:2554 2786 3272 0
2940:2554 2786 3273 0
2941:2554 2788 0
2942:2623 0
2943:2772 0
2944:2689 2860 2945 0
2945:2944 2971 0
2946:2578 2937 3289 0
2947:2575 2578 3096 0
2948:2777 2937 2964 0
2949:2628 2728 2777 2860 2905 2906 2951 2952 0
2950:2777 2860 3295 0
2951:2539 2949 3027 3198 3290 3291 3292 3293 3294 0
2952:2949 2982 3009 3360 0
2953:2860 3007 0
2954:2730 3296 0
2955:2956 0
2956:2646 2955 2985 0
2957:2728 3006 3365 0
2958:2728 3006 3366 0
2959:2763 3298 0
2960:2569 0
2961:2569 2747 2771 2933 0
2962:2521 2591 3251 0
2963:2521 2923 3299 0
2964:2521 2948 3300 0
2965:2536 2769 3190 3232 0
2966:2852 2873 3100 3302 3303 0
2967:2863 2864 4174 4175 4177 4241 4293 4298 0
2968:2863 4378 0
2969:2737 3312 3313 0
2970:2537 3077 3304 0
2971:2538 2945 0
2972:2570 0
2973:2570 0
2974:2975 2976 0
2975:2974 3185 0
2976:2974 3054 3309 0
2977:2663 2802 2870 3153 3241 3308 0
2978:2802 3231 0
2979:2980 0
2980:2670 2979 0
2981:2555 0
2982:2555 2952 0
2983:2682 0
2984:2546 0
2985:2956 3262 0
2986:2760 0
2987:2697 2989 2990 2991 0
2988:2697 0
2989:2653 2698 2987 2996 3003 0
2990:2987 0
2991:2987 0
2992:2653 2996 2997 2998 2999 3000 3001 3002 0
2993:2653 0
2994:2653 0
2995:2698 0
2996:2989 2992 3004 3005 0
2997:2992 0
2998:2992 0
2999:2992 0
3000:2992 0
3001:2992 0
3002:2992 0
3003:2989 0
3004:2996 0
3005:2996 0
3006:2957 2958 0
3007:2953 0
3008:2704 2748 0
3009:2952 3010 0
3010:3009 0
3011:2628 0
3012:2511 2704 2708 2870 3129 3130 3131 3132 0
3013:2511 2815 3015 3177 3200 3203 0
3014:2511 0
3015:2511 3013 0
3016:2518 0
3017:2518 0
3018:2785 2786 2850 3019 3020 0
3019:2850 3018 3020 3071 3072 0
3020:3018 3019 0
3021:2877 0
3022:3023 3024 0
3023:3022 3324 0
3024:3022 3324 0
3025:2539 2769 0
3026:2539 0
3027:2539 2951 3028 3029 3032 3198 3199 0
3028:2539 3027 3029 3030 3031 3066 3199 0
3029:2539 3027 3028 3032 3199 3285 0
3030:2539 3028 3031 0
3031:2539 3028 3030 0
3032:2539 3027 3029 0
3033:2540 0
3034:561 0
3035:561 0
3036:2888 0
3037:2547 2759 3038 3318 3319 0
3038:2547 2759 3037 0
3039:2614 3040 3041 3042 3043 3044 0
3040:2614 2615 3039 3114 3157 0
3041:3039 3043 3110 3171 3172 0
3042:3039 3044 3114 3160 0
3043:3039 3041 0
3044:3039 3042 0
3045:2548 0
3046:2920 0
3047:3048 0
3048:3047 3216 3218 3221 3222 3261 0
3049:2619 0
3050:3051 3052 0
3051:3050 3052 0
3052:3050 3051 3066 3067 0
3053:560 0
3054:560 2976 3307 0
3055:2573 3056 3057 0
3056:3055 3163 0
3057:3055 3161 3162 0
3058:2590 3062 0
3059:2590 2644 2827 2828 2829 2900 3213 3214 3215 0
3060:2590 3061 0
3061:2590 3060 0
3062:2590 3058 0
3063:2674 0
3064:2675 0
3065:3066 0
3066:3028 3052 3065 3067 0
3067:3052 3066 0
3068:2897 3069 0
3069:2897 3068 0
3070:2897 0
3071:3019 3072 0
3072:2784 3019 3071 3364 0
3073:2601 0
3074:2601 0
3075:2601 0
3076:2601 0
3077:2970 0
3078:2620 3079 0
3079:2620 3078 3167 3168 3169 0
3080:2605 2868 3084 3242 3243 3244 0
3081:2605 0
3082:2605 3083 3085 0
3083:2605 3082 3085 0
3084:2605 3080 0
3085:2605 3082 3083 0
3086:2541 0
3087:2607 3088 0
3088:3087 0
3089:2543 0
3090:2620 3091 0
3091:2585 2586 2620 3090 0
3092:2935 0
3093:2663 3094 0
3094:2663 2704 2870 3093 3153 3209 0
3095:3096 3097 3098 3099 0
3096:2947 3095 3099 0
3097:3095 0
3098:3095 0
3099:3095 3096 0
3100:2852 2966 3101 3102 0
3101:2852 3100 0
3102:3100 0
3103:2595 4079 0
3104:2595 4077 0
3105:2923 2925 0
3106:2608 2609 3107 3108 3109 3110 3111 0
3107:3106 0
3108:3106 3111 0
3109:2608 3106 3110 3111 3126 0
3110:2608 3041 3106 3109 3172 3208 0
3111:2608 3106 3108 3109 3225 0
3112:2789 2790 0
3113:3114 3115 3116 0
3114:2587 3040 3042 3113 3115 3157 3164 0
3115:3113 3114 3320 3321 0
3116:3113 0
3117:2814 0
3118:2814 2815 0
3119:2513 0
3120:2514 0
3121:2905 0
3122:3123 0
3123:2673 3122 3126 0
3124:3125 0
3125:2812 3124 0
3126:2673 3109 3123 3128 0
3127:2673 2764 3187 0
3128:3126 0
3129:2677 3012 0
3130:2804 2818 2833 3012 3131 3132 3210 3275 0
3131:2704 2870 3012 3130 3132 3333 0
3132:3012 3130 3131 0
3133:2677 0
3134:2678 0
3135:3136 0
3136:3135 3347 0
3137:3138 0
3138:3137 3330 0
3139:3140 0
3140:3139 3349 0
3141:3142 0
3142:3141 3345 0
3143:3144 0
3144:3143 3349 0
3145:3146 0
3146:3145 3324 0
3147:3148 0
3148:3147 3332 0
3149:3150 0
3150:3149 3336 0
3151:3152 0
3152:3151 3346 0
3153:2704 2775 2870 2977 3094 3196 3241 0
3154:2708 0
3155:2710 0
3156:2711 0
3157:3040 3114 3158 0
3158:3157 0
3159:3160 0
3160:3042 3159 0
3161:3057 3162 0
3162:3057 3161 3163 0
3163:3056 3162 3189 3211 3212 0
3164:2587 3114 0
3165:2733 2734 0
3166:2733 0
3167:3079 0
3168:2586 3079 3169 3193 3301 0
3169:3079 3168 0
3170:2906 0
3171:3041 0
3172:3041 3110 3208 0
3173:3174 3175 3176 0
3174:2816 3173 3175 3177 3178 3179 3180 3181 0
3175:561 2816 3173 3174 3177 3178 3179 3180 3181 3184 0
3176:3173 0
3177:2815 3013 3174 3175 3200 0
3178:3174 3175 0
3179:2816 3174 3175 0
3180:3174 3175 0
3181:3174 3175 0
3182:561 0
3183:561 0
3184:3175 0
3185:2975 0
3186:2774 0
3187:2764 3127 0
3188:2765 0
3189:3163 0
3190:2769 2965 0
3191:2769 3192 0
3192:2769 3191 0
3193:2586 3168 3305 3306 0
3194:2775 0
3195:2775 0
3196:2775 3153 0
3197:2880 0
3198:2951 3027 0
3199:3027 3028 3029 0
3200:2815 3013 3177 0
3201:2794 0
3202:2795 0
3203:3013 0
3204:563 0
3205:564 0
3206:565 0
3207:562 0
3208:3110 3172 0
3209:3094 0
3210:2804 3130 0
3211:3163 0
3212:3163 0
3213:3059 3214 3215 0
3214:2900 3059 3213 3215 0
3215:3059 3213 3214 0
3216:2837 2838 2841 3048 3217 3218 3219 3220 3221 3222 0
3217:3216 3221 3268 3270 0
3218:3048 3216 3222 0
3219:2841 3216 3220 0
3220:2841 3216 3219 0
3221:2841 3048 3216 3217 3355 0
3222:2841 3048 3216 3218 3223 0
3223:2841 3222 0
3224:2841 0
3225:3111 0
3226:2827 0
3227:2828 0
3228:2829 0
3229:2664 3231 0
3230:2664 0
3231:2664 2978 3229 3354 0
3232:2965 0
3233:3234 0
3234:3233 3338 0
3235:3236 0
3236:3235 3337 0
3237:2847 0
3238:2848 0
3239:2849 0
3240:2780 0
3241:2870 2977 3153 0
3242:3080 3243 3244 0
3243:3080 3242 3244 0
3244:3080 3242 3243 3352 3353 0
3245:2924 3246 3247 0
3246:2924 3245 3247 3311 3340 3357 0
3247:2924 3245 3246 0
3248:2875 2876 3249 0
3249:3248 0
3250:2560 0
3251:2962 0
3252:2881 3253 3254 3255 0
3253:3252 3255 0
3254:3252 0
3255:3252 3253 0
3256:2890 3257 0
3257:3256 0
3258:2871 0
3259:2936 0
3260:2824 0
3261:3048 0
3262:2985 3263 0
3263:3262 0
3264:2785 2786 3271 0
3265:3266 0
3266:3265 3345 0
3267:2851 0
3268:3217 3269 3270 0
3269:3268 0
3270:3217 3268 3279 3280 0
3271:3264 0
3272:2939 0
3273:2940 0
3274:2767 0
3275:2818 3130 0
3276:2900 3277 0
3277:2900 3276 0
3278:2900 0
3279:3270 0
3280:3270 0
3281:2635 0
3282:2635 0
3283:2635 4142 0
3284:2882 0
3285:3029 0
3286:566 0
3287:2816 0
3288:2815 0
3289:2946 0
3290:2951 3291 3293 0
3291:2951 3290 3293 0
3292:2951 3294 0
3293:2951 3290 3291 0
3294:2951 3292 0
3295:2950 0
3296:2954 0
3297:2910 0
3298:2959 0
3299:2963 0
3300:2964 0
3301:3168 0
3302:2966 0
3303:2966 0
3304:2970 0
3305:3193 3306 0
3306:3193 3305 0
3307:3054 0
3308:2977 0
3309:2976 0
3310:2561 0
3311:3246 0
3312:2969 3313 0
3313:2969 3312 0
3314:2614 0
3315:2759 0
3316:3317 0
3317:2914 3316 0
3318:3037 3319 0
3319:3037 3318 0
3320:3115 0
3321:3115 0
3322:2699 0
3323:2700 0
3324:3023 3024 3146 3337 0
3325:2735 3326 0
3326:3325 0
3327:2856 2859 3328 0
3328:2856 2859 3327 3341 3351 0
3329:3330 0
3330:2674 3138 3329 0
3331:3332 0
3332:2675 3148 3331 0
3333:3131 0
3334:2609 0
3335:2766 3336 3337 0
3336:3150 3335 3349 0
3337:3236 3324 3335 0
3338:2767 3234 3339 0
3339:3338 3346 3347 0
3340:3246 0
3341:2856 3328 0
3342:2782 3343 3344 0
3343:2782 3342 3344 0
3344:2782 3342 3343 0
3345:3142 3266 3346 0
3346:3152 3339 3345 0
3347:3136 3339 3348 0
3348:3347 0
3349:3140 3144 3336 0
3350:2856 3351 0
3351:2856 3328 3350 0
3352:3244 3353 0
3353:3244 3352 0
3354:3231 0
3355:3221 0
3356:2818 0
3357:3246 0
3358:2818 0
3359:2591 0
3360:2952 0
3361:2861 0
3362:2782 0
3363:2903 0
3364:3072 0
3365:2957 0
3366:2958 0
3367:3368 3369 3370 0
3368:3367 3651 3653 3654 3657 3658 3659 0
3369:3367 3498 0
3370:3367 3432 0
3371:3372 3373 3374 3375 0
3372:3371 3376 3377 0
3373:3371 3509 3510 0
3374:3371 0
3375:3371 3421 0
3376:3372 3388 3440 3442 0
3377:3372 4540 4665 0
3378:3379 3380 3381 3382 3383 0
3379:3378 3384 3385 3386 0
3380:3378 3488 0
3381:3378 3684 0
3382:3378 3506 3749 0
3383:3378 3796 3797 0
3384:3379 3386 3422 3426 3427 3428 3429 3430 0
3385:3379 3489 0
3386:3379 3384 3432 3505 3508 0
3387:3388 3389 0
3388:3376 3387 3390 3391 3392 3393 0
3389:3387 3774 3776 0
3390:7 8 3388 3393 3495 3496 3497 3498 3499 0
3391:3388 0
3392:3388 0
3393:3388 3390 0
3394:3395 0
3395:3394 3396 3699 0
3396:3395 3397 3398 0
3397:3396 3484 0
3398:3396 3784 3839 0
3399:3400 3401 3402 0
3400:3399 0
3401:3399 3507 3818 0
3402:3399 3513 0
3403:0
3404:0
3405:0
3406:3407 0
3407:3406 3454 3664 3690 3715 0
3408:3409 3410 3411 3412 3413 3414 3415 0
3409:3408 3497 3530 3531 0
3410:3408 3671 0
3411:3408 0
3412:3408 0
3413:3408 3459 0
3414:3408 3498 3670 0
3415:3408 3455 0
3416:3417 3418 3419 3420 3421 0
3417:3416 0
3418:3416 3500 3625 0
3419:3416 3808 0
3420:3416 3501 3777 0
3421:3375 3416 3837 0
3422:3384 3423 3424 3425 0
3423:3422 3714 0
3424:3422 3711 3713 0
3425:3422 3507 3828 0
3426:3384 3572 0
3427:3384 0
3428:3384 0
3429:3384 0
3430:3384 3432 3662 3687 0
3431:3432 3433 0
3432:3370 3386 3430 3431 3434 3435 3436 3437 3438 3439 0
3433:3431 3600 0
3434:3432 3438 3475 3476 3477 0
3435:3432 3436 3449 3511 3512 0
3436:3432 3435 3493 3546 3547 3551 3552 3553 3554 0
3437:3432 3496 3576 3578 0
3438:3432 3434 0
3439:3432 3483 3747 0
3440:3376 3441 0
3441:3440 3808 0
3442:3376 3483 0
3443:3444 3445 3446 3447 0
3444:3443 3528 3564 3565 3566 3567 3568 3569 3570 3571 0
3445:3443 3604 0
3446:11 3443 3633 0
3447:3443 3529 3631 3632 0
3448:3449 3450 3451 3452 3453 3454 0
3449:3435 3448 3455 3456 3457 3458 3459 0
3450:3448 0
3451:3448 3725 0
3452:3448 3724 3768 0
3453:3448 3762 0
3454:3407 3448 0
3455:3415 3449 3495 3555 3556 3557 3558 0
3456:3449 0
3457:3449 0
3458:3449 3552 0
3459:3413 3449 0
3460:3461 3462 0
3461:3460 3720 0
3462:3460 4878 4897 0
3463:3464 3465 3466 3467 3468 0
3464:3463 3635 3659 0
3465:3463 3661 3705 3736 3737 3739 3743 0
3466:3463 3527 0
3467:3463 3527 0
3468:3463 3651 0
3469:3470 3471 3472 3473 3474 0
3470:3469 3535 3555 3581 3582 0
3471:3469 3618 3773 0
3472:3469 0
3473:3469 0
3474:3469 3536 3815 0
3475:3434 3490 3493 3494 0
3476:3434 3551 0
3477:3434 3553 0
3478:3479 3480 3481 3482 0
3479:3478 3483 3484 0
3480:3478 3706 3708 0
3481:3478 3831 0
3482:3478 3504 3708 0
3483:3439 3442 3479 3500 3503 3504 0
3484:3397 3479 3533 3534 0
3485:3486 3487 0
3486:3485 3508 3522 3523 3526 0
3487:3485 3562 3563 3685 3756 0
3488:3380 3684 3799 0
3489:3385 3796 3797 3801 3802 0
3490:3475 3491 3492 0
3491:3490 3840 0
3492:3490 3616 3696 0
3493:3436 3475 0
3494:3475 3744 0
3495:3390 3455 3571 0
3496:3390 3437 0
3497:3390 3409 0
3498:3369 3390 3414 3744 0
3499:3390 3557 0
3500:3418 3483 3501 3502 0
3501:3420 3500 0
3502:3500 3682 3838 0
3503:3483 0
3504:3482 3483 4856 0
3505:3386 3506 3507 0
3506:3382 3505 0
3507:3401 3425 3505 3572 3574 3819 3821 0
3508:3386 3486 3525 3543 4550 0
3509:3373 3776 0
3510:3373 4647 0
3511:3435 0
3512:3435 4546 4548 4722 4741 0
3513:3402 3514 3515 3516 3517 0
3514:3513 3537 3544 0
3515:3513 3681 3682 0
3516:3513 3809 0
3517:3513 4865 0
3518:3519 0
3519:3518 3820 0
3520:3521 0
3521:3520 3827 0
3522:3486 0
3523:3486 3524 3525 0
3524:3523 3685 0
3525:3508 3523 3593 0
3526:3486 3662 0
3527:11 3466 3467 3528 3529 3530 3531 3532 0
3528:3444 3527 0
3529:3447 3527 0
3530:3409 3527 0
3531:3409 3527 0
3532:3527 3666 0
3533:3484 3643 3644 0
3534:3484 4858 4882 4912 0
3535:3470 3536 0
3536:3474 3535 3630 0
3537:3514 3538 3539 3540 3541 3542 0
3538:3537 3543 0
3539:3537 3638 0
3540:3537 3640 3647 3829 0
3541:3537 3824 0
3542:3537 3836 0
3543:3508 3538 4880 0
3544:3514 3646 3789 0
3545:3546 3547 3548 3549 3550 0
3546:3436 3545 0
3547:3436 3545 0
3548:3545 0
3549:3545 3758 0
3550:3545 3758 0
3551:3436 3476 0
3552:3436 3458 0
3553:3436 3477 0
3554:3436 3769 0
3555:3455 3470 3583 0
3556:3455 3584 0
3557:3455 3499 3787 0
3558:3455 4573 4619 0
3559:3560 3561 3562 3563 0
3560:3559 3674 3675 0
3561:3559 3678 3687 3726 3727 0
3562:3487 3559 3755 0
3563:3487 3559 0
3564:3444 0
3565:3444 3607 3683 0
3566:3444 3688 0
3567:3444 3691 0
3568:3444 3764 3798 0
3569:3444 0
3570:3444 0
3571:3444 3495 0
3572:3426 3507 3573 3574 3575 0
3573:3572 3692 3804 0
3574:3507 3572 3819 3834 0
3575:3572 3834 0
3576:3437 3577 3578 3579 3580 0
3577:3576 0
3578:3437 3576 0
3579:3576 3803 3806 3830 0
3580:3576 3731 3807 0
3581:3470 0
3582:3470 3583 4700 4705 0
3583:3555 3582 3584 0
3584:3556 3583 3827 4535 4542 4543 0
3585:3586 3587 0
3586:3585 0
3587:3585 4568 4610 0
3588:3589 3590 0
3589:3588 3792 0
3590:3588 4626 4716 4717 4718 0
3591:3592 0
3592:3591 3593 3594 0
3593:3525 3592 0
3594:3592 3595 0
3595:3594 3680 0
3596:3597 3598 3599 3600 0
3597:3596 0
3598:3596 3686 3687 0
3599:3596 3679 0
3600:3433 3596 3748 0
3601:3602 0
3602:3601 3624 3783 4863 4869 4897 4908 4909 4910 0
3603:3604 0
3604:3445 3603 3605 3606 3667 3668 3683 0
3605:3604 0
3606:3604 0
3607:3565 0
3608:3609 0
3609:3608 3722 3723 0
3610:3611 3612 3613 0
3611:3610 0
3612:3610 0
3613:3610 4516 4546 0
3614:3615 0
3615:3614 3621 4883 4884 4885 0
3616:3492 0
3617:3618 0
3618:3471 3617 3793 0
3619:3620 0
3620:3619 3704 0
3621:3615 0
3622:3623 0
3623:3622 3697 3698 3699 0
3624:3602 0
3625:3418 0
3626:3627 0
3627:3626 3837 0
3628:3629 0
3629:3628 3683 0
3630:3536 0
3631:3447 0
3632:3447 0
3633:3446 0
3634:3635 3636 0
3635:3464 3634 3636 0
3636:6 3634 3635 3723 3731 0
3637:3638 3639 3640 0
3638:3539 3637 3641 3642 0
3639:3637 0
3640:3540 3637 3790 0
3641:3638 3789 0
3642:3638 3649 0
3643:3533 3644 0
3644:3533 3643 0
3645:3646 3647 0
3646:3544 3645 3709 3710 0
3647:3540 3645 0
3648:3649 0
3649:3642 3648 0
3650:3651 0
3651:3368 3468 3650 3652 3655 3656 0
3652:3651 0
3653:3368 0
3654:3368 0
3655:3651 3761 0
3656:3651 3840 0
3657:3368 3759 3760 0
3658:3368 0
3659:3368 3464 0
3660:3661 0
3661:3465 3660 0
3662:3430 3526 0
3663:3664 3665 0
3664:3407 3663 0
3665:3663 3758 0
3666:3532 0
3667:3604 3668 3669 0
3668:3604 3667 0
3669:3667 0
3670:3414 0
3671:3410 3769 0
3672:6 3673 0
3673:3672 0
3674:3560 0
3675:3560 3676 3677 3678 0
3676:3675 0
3677:3675 3757 0
3678:3561 3675 0
3679:3599 3680 0
3680:3595 3679 0
3681:3515 0
3682:3502 3515 0
3683:3565 3604 3629 0
3684:3381 3488 0
3685:3487 3524 0
3686:3598 3687 0
3687:3430 3561 3598 3686 0
3688:3566 3717 0
3689:3690 3691 0
3690:3407 3689 0
3691:3567 3689 0
3692:3573 0
3693:3694 3695 0
3694:3693 0
3695:3693 0
3696:3492 0
3697:3623 0
3698:3623 0
3699:3395 3623 3729 3841 0
3700:3701 3702 0
3701:3700 3729 3785 3786 0
3702:3700 3721 0
3703:3704 0
3704:3620 3703 0
3705:3465 0
3706:3480 3707 0
3707:3706 0
3708:3480 3482 0
3709:3646 0
3710:3646 0
3711:3424 0
3712:3713 0
3713:3424 3712 3714 0
3714:3423 3713 0
3715:3407 3745 0
3716:0
3717:3688 0
3718:3805 0
3719:3805 0
3720:3461 3784 0
3721:3702 0
3722:3609 0
3723:3609 3636 0
3724:3452 0
3725:3451 3763 0
3726:3561 3728 0
3727:3561 3756 0
3728:3726 3832 3833 0
3729:3699 3701 0
3730:3731 0
3731:3580 3636 3730 0
3732:3733 0
3733:3732 3789 0
3734:3735 3736 3737 0
3735:3734 0
3736:3465 3734 3738 0
3737:3465 3734 3741 0
3738:3736 3739 3740 0
3739:3465 3738 3741 0
3740:3738 0
3741:3737 3739 3742 0
3742:3741 0
3743:9 3465 3765 0
3744:3494 3498 0
3745:3715 3758 0
3746:3747 3748 0
3747:3439 3746 0
3748:3600 3746 0
3749:3382 0
3750:3751 0
3751:3750 3756 0
3752:3753 0
3753:3752 3755 0
3754:3755 0
3755:3562 3753 3754 3756 3757 0
3756:3487 3727 3751 3755 0
3757:3677 3755 0
3758:3549 3550 3665 3745 0
3759:3657 0
3760:3657 3803 0
3761:3655 0
3762:3453 0
3763:3725 3764 0
3764:3568 3763 0
3765:3743 0
3766:3767 3768 0
3767:3766 0
3768:3452 3766 0
3769:3554 3671 0
3770:3771 0
3771:3770 3788 3839 0
3772:3773 0
3773:3471 3772 0
3774:3389 3775 0
3775:3774 0
3776:3389 3509 0
3777:3420 0
3778:3779 3780 3781 0
3779:3778 3813 0
3780:3778 0
3781:3778 3831 0
3782:3783 0
3783:3602 3782 4895 0
3784:3398 3720 0
3785:3701 0
3786:3701 3817 0
3787:3557 0
3788:3771 0
3789:3544 3641 3733 0
3790:3640 3791 0
3791:3790 3811 3814 0
3792:3589 0
3793:3618 0
3794:3795 0
3795:3794 3809 3810 0
3796:3383 3489 0
3797:3383 3489 0
3798:3568 0
3799:3488 3800 0
3800:3799 0
3801:3489 0
3802:3489 0
3803:3579 3760 0
3804:3573 0
3805:3718 3719 0
3806:3579 0
3807:3580 0
3808:3419 3441 0
3809:3516 3795 0
3810:3795 0
3811:3791 3812 0
3812:3811 0
3813:3779 3816 0
3814:3791 0
3815:3474 0
3816:3813 3817 0
3817:3786 3816 3826 0
3818:3401 0
3819:3507 3574 0
3820:3519 3821 0
3821:3507 3820 0
3822:9 0
3823:3824 0
3824:3541 3823 0
3825:3826 0
3826:3817 3825 4855 4896 4912 0
3827:3521 3584 4543 4716 0
3828:3425 0
3829:3540 0
3830:3579 0
3831:3481 3781 0
3832:3728 0
3833:3728 0
3834:3574 3575 0
3835:3836 0
3836:3542 3835 0
3837:3421 3627 0
3838:3502 0
3839:3398 3771 0
3840:3491 3656 0
3841:3699 0
3842:3843 3844 0
3843:3842 3856 3883 0
3844:3842 3846 0
3845:3846 3847 3848 0
3846:3844 3845 3849 3869 3870 3871 3872 0
3847:3845 3880 0
3848:3845 3849 3926 3927 0
3849:3846 3848 0
3850:3851 3852 3853 0
3851:3850 3890 0
3852:3850 3928 3943 0
3853:3850 3928 0
3854:3855 3856 3857 0
3855:3854 3858 0
3856:3843 3854 0
3857:3854 3891 3892 0
3858:3855 3868 3887 3891 3907 0
3859:3860 0
3860:3859 3861 3862 3863 0
3861:3860 3864 3893 3898 3924 3925 0
3862:3860 3863 3896 0
3863:3860 3862 0
3864:3861 3865 3866 0
3865:3864 0
3866:3864 4029 0
3867:3868 0
3868:3858 3867 3869 0
3869:3846 3868 3872 3922 0
3870:3846 0
3871:3846 0
3872:3846 3869 0
3873:3874 3875 3876 3877 3878 0
3874:3873 0
3875:3873 3879 3880 3881 0
3876:3873 3915 3922 0
3877:3873 0
3878:3873 3907 3916 3942 4218 4219 4253 4346 4347 0
3879:809 3875 3941 0
3880:3847 3875 3882 3947 3949 3960 3995 3996 3997 3998 0
3881:3875 3942 4025 0
3882:3880 3883 0
3883:3843 3882 4037 0
3884:203 3909 0
3885:3886 3887 3888 3889 0
3886:3885 0
3887:3858 3885 3907 3910 3911 3912 3913 3914 0
3888:3885 3978 3979 0
3889:3885 4003 4004 0
3890:3851 3926 3928 0
3891:3857 3858 3894 3895 3923 3929 3937 0
3892:3857 3901 3945 3946 3980 3991 3994 0
3893:3861 3894 3895 3896 3897 3898 0
3894:3891 3893 0
3895:3891 3893 0
3896:3862 3893 3897 3918 3954 0
3897:3893 3896 0
3898:3861 3893 3977 0
3899:809 3900 3901 3902 3903 3904 0
3900:3899 3968 0
3901:3892 3899 3993 0
3902:3899 3976 3991 0
3903:3899 3935 4020 0
3904:3899 3974 4020 0
3905:809 3906 0
3906:3905 3923 0
3907:809 3858 3878 3887 3908 3915 3916 0
3908:809 3907 3938 3939 3940 0
3909:809 3884 4019 0
3910:3887 3941 3994 0
3911:3887 0
3912:3887 3978 0
3913:3887 4004 0
3914:3887 3991 0
3915:3876 3907 3917 0
3916:3878 3907 3927 0
3917:3915 3918 3919 3920 3921 0
3918:3896 3917 0
3919:3917 0
3920:3917 4014 0
3921:3917 3973 0
3922:3869 3876 3984 3985 3986 3987 3990 4001 4005 4006 4007 4018 4022 0
3923:3891 3906 0
3924:3861 0
3925:3861 3974 3975 0
3926:3848 3890 0
3927:3848 3916 3953 4016 4017 4024 4030 4031 0
3928:3852 3853 3890 3942 3943 3944 0
3929:3891 3930 3931 3932 3933 3934 3935 3936 0
3930:3929 0
3931:3929 4011 0
3932:3929 3933 0
3933:3929 3932 3935 0
3934:3929 3970 4011 0
3935:3903 3929 3933 3975 4028 0
3936:3929 0
3937:3891 0
3938:3908 0
3939:3908 0
3940:3908 0
3941:3879 3910 3962 3980 4021 4034 0
3942:3878 3881 3928 0
3943:3852 3928 0
3944:3928 3981 0
3945:3892 3946 0
3946:3892 3945 3956 0
3947:3880 3948 0
3948:3947 3949 3950 0
3949:3880 3948 3961 0
3950:3948 3997 4026 0
3951:3952 3953 0
3952:3951 4024 4025 0
3953:3927 3951 0
3954:3896 0
3955:3956 3957 0
3956:3946 3955 3958 0
3957:3955 3965 0
3958:3956 3963 3967 0
3959:3960 3961 3962 0
3960:3880 3959 0
3961:3949 3959 3996 0
3962:3941 3959 4033 0
3963:3958 3964 0
3964:3963 3980 4026 0
3965:3957 3966 3967 0
3966:3965 0
3967:3958 3965 0
3968:3900 3969 3970 0
3969:3968 0
3970:3934 3968 4032 0
3971:3972 0
3972:3971 4026 0
3973:3921 0
3974:3904 3925 3976 3977 0
3975:3925 3935 4027 0
3976:3902 3974 0
3977:3898 3974 0
3978:3888 3912 0
3979:3888 4007 4013 4014 4022 0
3980:3892 3941 3964 0
3981:3944 3982 3983 0
3982:3981 0
3983:3981 4009 0
3984:3922 3985 3986 3987 0
3985:3922 3984 3988 0
3986:3922 3984 0
3987:3922 3984 4035 0
3988:3985 3989 0
3989:3988 3990 0
3990:3922 3989 0
3991:3892 3902 3914 3992 3993 0
3992:3991 0
3993:3901 3991 0
3994:3892 3910 0
3995:3880 3999 0
3996:3880 3961 0
3997:3880 3950 0
3998:3880 4017 0
3999:3995 4033 4036 0
4000:4001 4002 0
4001:3922 4000 4018 4021 0
4002:4000 4022 4023 0
4003:3889 0
4004:3889 3913 4012 0
4005:3922 4006 4007 0
4006:3922 4005 0
4007:3922 3979 4005 0
4008:4009 0
4009:3983 4008 4010 0
4010:4009 4015 0
4011:3931 3934 4032 0
4012:4004 0
4013:3979 4014 0
4014:3920 3979 4013 0
4015:4010 4031 0
4016:3927 4017 0
4017:3927 3998 4016 0
4018:3922 4001 0
4019:3909 0
4020:3903 3904 0
4021:3941 4001 0
4022:3922 3979 4002 0
4023:4002 0
4024:3927 3952 0
4025:3881 3952 0
4026:3950 3964 3972 0
4027:3975 4028 0
4028:3935 4027 4029 0
4029:3866 4028 0
4030:3927 4031 0
4031:3927 4015 4030 0
4032:3970 4011 0
4033:3962 3999 4034 0
4034:3941 4033 0
4035:3987 0
4036:3999 0
4037:3883 0
4038:4039 0
4039:4038 4057 4098 0
4040:4041 4042 4043 0
4041:4040 4064 4065 0
4042:4040 4067 0
4043:4040 4096 4128 0
4044:4045 4046 0
4045:4044 4047 0
4046:4044 4124 0
4047:4045 4048 4101 0
4048:4047 4049 0
4049:4048 4067 0
4050:4051 0
4051:4050 4087 4130 0
4052:4053 4054 0
4053:4052 4054 4106 0
4054:4052 4053 4094 4104 4125 0
4055:4056 4057 4058 4059 0
4056:4055 4059 4086 4087 4088 0
4057:4039 4055 4122 0
4058:4055 4159 0
4059:4055 4056 0
4060:4061 4062 4063 0
4061:4060 4089 4090 4091 0
4062:4060 4156 0
4063:4060 4129 0
4064:4041 4066 4067 4068 4069 4070 0
4065:4041 4073 0
4066:4064 4084 4085 0
4067:4042 4049 4064 4072 4102 4103 4104 4105 0
4068:4064 0
4069:4064 4072 0
4070:4064 4094 4126 0
4071:4072 4073 4074 0
4072:4067 4069 4071 4075 4076 0
4073:4065 4071 0
4074:4071 4123 0
4075:4072 4123 0
4076:4072 4137 0
4077:3104 4078 4079 0
4078:4077 4080 4082 4083 0
4079:3103 4077 4116 4120 4146 0
4080:4078 4081 0
4081:4080 4134 4150 0
4082:4078 4127 0
4083:4078 4085 4136 4144 0
4084:4066 0
4085:4066 4083 4104 0
4086:505 4056 4098 4109 0
4087:4051 4056 4126 4147 4148 4149 0
4088:4056 4158 0
4089:4061 0
4090:4061 0
4091:4061 4092 4094 4095 0
4092:4091 4093 0
4093:4092 4096 4097 0
4094:4054 4070 4091 4128 4138 4143 4144 0
4095:4091 4162 0
4096:4043 4093 4117 4118 0
4097:4093 4128 0
4098:4039 4086 0
4099:4100 0
4100:4099 4109 4166 0
4101:4047 4121 0
4102:4067 0
4103:4067 0
4104:4054 4067 4085 4141 0
4105:4067 0
4106:4053 4107 0
4107:4106 4127 4133 4138 4144 0
4108:607 4121 0
4109:4086 4100 0
4110:4111 4112 0
4111:4110 4129 0
4112:4110 4130 0
4113:4114 4115 0
4114:4113 4116 0
4115:4113 4139 0
4116:4079 4114 0
4117:4096 0
4118:4096 0
4119:4120 0
4120:4079 4119 4139 4142 0
4121:4101 4108 0
4122:4057 4149 4158 0
4123:4074 4075 0
4124:4046 4151 0
4125:4054 4126 0
4126:4070 4087 4125 4145 0
4127:4082 4107 4136 4144 4145 0
4128:4043 4094 4097 0
4129:4063 4111 4130 0
4130:4051 4112 4129 0
4131:4132 4133 4134 4135 0
4132:4131 4133 0
4133:4107 4131 4132 0
4134:4081 4131 0
4135:4131 4144 0
4136:4083 4127 0
4137:4076 0
4138:4094 4107 0
4139:4115 4120 4140 0
4140:4139 4146 0
4141:4104 0
4142:3283 4120 0
4143:4094 0
4144:4083 4094 4107 4127 4135 0
4145:4126 4127 0
4146:4079 4140 0
4147:4087 0
4148:4087 0
4149:4087 4122 0
4150:4081 0
4151:4124 4152 0
4152:4151 4153 0
4153:4152 4154 4155 0
4154:4153 4161 0
4155:4153 4161 0
4156:4062 0
4157:4158 4159 0
4158:4088 4122 4157 4160 0
4159:4058 4157 0
4160:4158 0
4161:4154 4155 4198 4200 0
4162:4095 4163 4164 4165 0
4163:4162 0
4164:4162 0
4165:4162 0
4166:4100 0
4167:4168 0
4168:4167 4170 4172 4173 4174 0
4169:4170 0
4170:2864 4168 4169 4171 4172 0
4171:4170 0
4172:4168 4170 4184 4185 4186 0
4173:4168 0
4174:2967 4168 4231 4271 4293 4307 0
4175:2967 4176 4177 4178 0
4176:4175 4183 4191 4314 4315 0
4177:2820 2967 4175 4182 4298 4356 4367 0
4178:4175 0
4179:4180 4181 0
4180:4179 4182 4183 0
4181:4179 4390 4391 0
4182:647 4177 4180 4183 4241 4266 4324 4336 0
4183:4176 4180 4182 4337 0
4184:4172 4212 4251 4252 4253 0
4185:4172 4186 4218 4306 0
4186:4172 4185 4218 0
4187:4188 0
4188:4187 4189 4190 4191 0
4189:4188 0
4190:4188 4315 0
4191:4176 4188 0
4192:4193 4194 0
4193:4192 4220 4221 4222 0
4194:4192 4249 0
4195:4196 4197 0
4196:4195 4220 4223 4250 4290 0
4197:4195 4381 4382 4383 4384 0
4198:4161 0
4199:4200 0
4200:4161 4199 4208 4226 4227 4228 0
4201:4202 4203 4204 4205 4206 0
4202:4201 4204 0
4203:4201 0
4204:4201 4202 4235 0
4205:4201 0
4206:4201 4376 4377 0
4207:4208 4209 4210 4211 0
4208:4200 4207 4220 4283 4284 0
4209:4207 0
4210:4207 0
4211:4207 0
4212:2864 4184 4231 4232 4233 0
4213:4214 4215 4216 4217 0
4214:2865 4213 4218 4219 0
4215:4213 0
4216:4213 0
4217:4213 0
4218:3878 4185 4186 4214 4311 0
4219:3878 4214 0
4220:4193 4196 4208 4277 4287 4288 4289 0
4221:4193 4288 4394 0
4222:4193 0
4223:4196 4224 4225 0
4224:4223 0
4225:4223 0
4226:4200 4229 0
4227:4200 4230 0
4228:4200 4282 0
4229:4226 4334 0
4230:4227 0
4231:4174 4212 4247 4269 4272 4276 0
4232:4212 4247 4267 4294 4298 0
4233:4212 4375 0
4234:542 4235 4257 0
4235:542 2865 4204 4234 4257 4368 0
4236:542 0
4237:217 4311 0
4238:531 2564 4239 4240 0
4239:529 4238 4286 0
4240:4238 0
4241:647 2967 4182 0
4242:4243 4244 4245 0
4243:4242 4246 4247 4248 0
4244:4242 0
4245:4242 0
4246:4243 4254 4255 0
4247:4231 4232 4243 4248 4291 4293 0
4248:4243 4247 0
4249:199 4194 4250 0
4250:649 4196 4249 4309 0
4251:4184 4279 4280 4281 0
4252:4184 4253 0
4253:3878 4184 4252 4348 0
4254:4246 0
4255:4246 0
4256:4257 0
4257:2865 4234 4235 4256 4258 4259 4261 0
4258:4257 0
4259:4257 4260 0
4260:4259 0
4261:2865 4257 4335 0
4262:2563 0
4263:2563 0
4264:4265 0
4265:4264 4266 0
4266:4182 4265 4316 4324 4342 0
4267:4232 4268 0
4268:647 4267 0
4269:4231 4270 4271 0
4270:4269 0
4271:4174 4269 4303 4304 4305 0
4272:4231 4273 4274 4275 0
4273:4272 4299 4300 4301 4302 0
4274:4272 0
4275:4272 0
4276:4231 4369 4370 4371 4372 4373 4374 0
4277:4220 4278 0
4278:4277 4320 4321 0
4279:4251 0
4280:4251 0
4281:4251 0
4282:619 4228 0
4283:4208 4284 4319 0
4284:4208 4283 4354 4355 0
4285:2564 0
4286:4239 0
4287:4220 4357 4358 4359 4360 4361 0
4288:4220 4221 0
4289:4220 4309 0
4290:4196 4312 4313 0
4291:4247 4292 0
4292:4291 0
4293:2967 4174 4247 4338 4339 4340 4341 0
4294:4232 4295 4296 4297 0
4295:4294 0
4296:4294 0
4297:4294 0
4298:2967 4177 4232 0
4299:4273 0
4300:4273 0
4301:4273 0
4302:4273 0
4303:4271 0
4304:4271 0
4305:4271 0
4306:4185 0
4307:4174 4308 0
4308:4307 0
4309:4250 4289 0
4310:649 2865 4311 0
4311:649 4218 4237 4310 0
4312:4290 0
4313:4290 0
4314:4176 4327 4328 4329 4330 4331 0
4315:4176 4190 4366 0
4316:4266 4317 4318 0
4317:4316 0
4318:4316 0
4319:4283 0
4320:4278 0
4321:4278 0
4322:961 0
4323:961 0
4324:4182 4266 4325 4326 0
4325:4324 4332 4333 0
4326:4324 0
4327:4314 4362 4363 4364 4365 0
4328:4314 0
4329:4314 0
4330:4314 0
4331:4314 0
4332:4325 0
4333:4325 0
4334:4229 0
4335:4261 0
4336:4182 4349 4350 4351 4352 4353 0
4337:4183 4385 4386 0
4338:4293 0
4339:4293 0
4340:4293 0
4341:4293 0
4342:4266 4343 4344 4345 0
4343:4342 0
4344:4342 0
4345:4342 0
4346:3878 0
4347:3878 0
4348:4253 0
4349:4336 0
4350:4336 0
4351:4336 0
4352:4336 0
4353:4336 0
4354:4284 0
4355:4284 0
4356:4177 0
4357:4287 0
4358:4287 0
4359:4287 0
4360:4287 0
4361:4287 0
4362:4327 0
4363:4327 0
4364:4327 0
4365:4327 0
4366:4315 4379 4380 0
4367:4177 4392 4393 0
4368:4235 0
4369:4276 0
4370:4276 0
4371:4276 0
4372:4276 0
4373:4276 0
4374:4276 0
4375:4233 0
4376:4206 0
4377:4206 0
4378:2968 0
4379:4366 0
4380:4366 0
4381:4197 0
4382:4197 0
4383:4197 0
4384:4197 4387 4388 4389 0
4385:4337 0
4386:4337 0
4387:4384 0
4388:4384 0
4389:4384 0
4390:4181 0
4391:4181 0
4392:4367 0
4393:4367 0
4394:4221 0
4395:4396 4397 4398 4399 4400 0
4396:4395 4397 4411 4432 4436 4437 4438 4439 0
4397:4395 4396 4414 4437 0
4398:4395 0
4399:4395 4400 4407 4434 4435 4443 4444 4471 4472 4474 0
4400:4395 4399 4438 4461 0
4401:4402 4403 0
4402:4401 4404 4408 0
4403:4401 4405 4408 4411 4414 4423 4449 4450 4451 0
4404:4402 4405 0
4405:4403 4404 4423 4458 0
4406:4407 0
4407:4399 4406 4419 4420 4442 4443 4444 4445 0
4408:4402 4403 4423 0
4409:4410 4411 4412 4413 4414 4415 4416 4417 4418 4419 4420 0
4410:4409 4413 4414 4417 4419 4427 0
4411:4396 4403 4409 4413 4414 4426 4428 4429 0
4412:4409 4418 4421 4423 4426 4433 0
4413:4409 4410 4411 4414 4417 4419 0
4414:4397 4403 4409 4410 4411 4413 4417 4419 4443 4445 0
4415:4409 4420 4442 4444 0
4416:4409 4421 4422 4425 4426 4459 4467 4479 4480 0
4417:4409 4410 4413 4414 4419 4443 0
4418:4409 4412 0
4419:4407 4409 4410 4413 4414 4417 4430 4431 4444 4453 0
4420:4407 4409 4415 4442 4443 4444 4445 0
4421:4412 4416 4422 4423 4424 4425 4426 0
4422:4416 4421 4462 0
4423:4403 4405 4408 4412 4421 4450 4463 0
4424:4421 4425 4455 4456 4464 4465 4466 4467 4468 4469 0
4425:4416 4421 4424 4426 4462 4465 0
4426:4411 4412 4416 4421 4425 4428 4429 4459 4467 4481 0
4427:4410 0
4428:4411 4426 4429 4440 4446 4448 4451 4467 4470 0
4429:4411 4426 4428 4436 4440 4459 4460 4465 4467 4470 0
4430:4419 4431 0
4431:345 4419 4430 4444 0
4432:4396 0
4433:4412 0
4434:402 4399 4435 4443 4444 4471 4472 4474 0
4435:402 4399 4434 4443 4444 4474 0
4436:4396 4429 4437 4441 4467 0
4437:4396 4397 4436 4438 4439 4474 0
4438:4396 4400 4437 4461 4474 4483 0
4439:4396 4437 0
4440:4428 4429 4441 0
4441:4436 4440 4478 0
4442:4407 4415 4420 4443 4444 4445 0
4443:4399 4407 4414 4417 4420 4434 4435 4442 4444 4445 4457 0
4444:4399 4407 4415 4419 4420 4431 4434 4435 4442 4443 4445 0
4445:4407 4414 4420 4442 4443 4444 0
4446:4428 0
4447:4449 0
4448:4428 0
4449:4403 4447 0
4450:4403 4423 4452 0
4451:4403 4428 0
4452:4450 0
4453:4419 0
4454:4455 0
4455:4424 4454 4456 0
4456:4424 4455 4464 4466 4468 0
4457:318 4443 4471 4472 0
4458:4405 4459 4460 0
4459:4416 4426 4429 4458 4482 0
4460:4429 4458 0
4461:4400 4438 0
4462:4422 4425 0
4463:4423 0
4464:4424 4456 4465 0
4465:4424 4425 4429 4464 4466 4467 0
4466:4424 4456 4465 4467 4468 4475 0
4467:4416 4424 4426 4428 4429 4436 4465 4466 0
4468:4424 4456 4466 4477 0
4469:4424 0
4470:4428 4429 0
4471:4399 4434 4457 0
4472:4399 4434 4457 0
4473:4474 0
4474:4399 4434 4435 4437 4438 4473 0
4475:4466 4478 0
4476:345 0
4477:4468 0
4478:4441 4475 0
4479:4416 0
4480:4416 0
4481:4426 0
4482:4459 0
4483:4438 0
4484:4485 0
4485:378 4484 4486 4487 0
4486:378 4485 4487 4497 0
4487:4485 4486 4494 4498 0
4488:4489 4490 0
4489:4488 0
4490:378 4488 0
4491:421 0
4492:4493 4494 0
4493:4492 0
4494:4487 4492 0
4495:395 0
4496:378 0
4497:1354 4486 4498 4499 0
4498:1354 4487 4497 4500 0
4499:4497 0
4500:4498 0
4501:110 0
4502:920 0
4503:920 0
4504:4505 0
4505:4504 4506 0
4506:4505 0
4507:4508 0
4508:4507 4509 0
4509:4508 0
4510:0
4511:0
4512:0
4513:0
4514:55 0
4515:4516 4517 0
4516:3613 4515 4518 4547 4556 4557 4558 0
4517:4515 4585 4692 0
4518:4516 4519 0
4519:4518 4613 0
4520:2361 4521 4522 4523 4524 0
4521:4520 4649 4650 0
4522:4520 4655 4706 4707 4723 4738 0
4523:4520 4579 4753 0
4524:4520 0
4525:4526 4527 4528 0
4526:4525 4759 0
4527:4525 4652 4757 0
4528:4525 0
4529:4530 4531 0
4530:4529 4541 0
4531:4529 4549 4731 0
4532:4533 0
4533:4532 4594 0
4534:4535 4536 4537 4538 4539 0
4535:2386 3584 4534 4540 0
4536:4534 4607 4608 4609 0
4537:4534 4739 4740 0
4538:4534 4598 0
4539:4534 4679 0
4540:3377 4535 4667 4874 4898 4899 4900 0
4541:4530 0
4542:3584 4544 4545 0
4543:3584 3827 4577 4627 0
4544:2385 4542 4720 4721 4722 0
4545:2455 4542 4857 4858 0
4546:3512 3613 0
4547:4516 4548 0
4548:3512 4547 0
4549:4531 4550 4551 0
4550:3508 4549 4552 0
4551:4549 0
4552:4550 4571 0
4553:4554 4555 0
4554:4553 4563 4677 0
4555:2489 4553 0
4556:4516 4587 0
4557:4516 4653 0
4558:4516 4644 0
4559:4560 4561 4562 0
4560:4559 4563 4564 0
4561:4559 4589 0
4562:4559 4687 0
4563:4554 4560 4729 4730 0
4564:4560 4590 4783 0
4565:4566 4567 0
4566:4565 4587 0
4567:4565 4701 4703 4704 0
4568:3587 4569 0
4569:4568 4609 0
4570:4571 4572 0
4571:4552 4570 4592 4595 4596 0
4572:4570 4684 4696 0
4573:2504 3558 4577 0
4574:2504 0
4575:2504 4688 0
4576:2504 4621 0
4577:4543 4573 0
4578:2489 4579 4580 4581 0
4579:4523 4578 0
4580:4578 4748 4749 0
4581:4578 0
4582:4583 4584 0
4583:4582 4657 0
4584:4582 4611 0
4585:4517 4586 0
4586:4585 4619 4645 0
4587:4556 4566 4837 0
4588:4589 4590 4591 0
4589:4561 4588 4590 0
4590:4564 4588 4589 0
4591:4588 4848 0
4592:4571 4593 0
4593:4592 4594 0
4594:4533 4593 4763 0
4595:4571 0
4596:4571 0
4597:4598 0
4598:4538 4597 4599 0
4599:4598 4698 4702 0
4600:4601 4602 0
4601:4600 4625 4636 4641 0
4602:4600 4622 4689 0
4603:4604 4605 0
4604:2489 4603 4606 0
4605:4603 4687 0
4606:4604 4682 0
4607:4536 4654 4679 4680 0
4608:4536 4723 0
4609:4536 4569 0
4610:3587 4752 4767 0
4611:4584 4612 0
4612:4611 4698 4743 4747 0
4613:4519 4614 4615 4616 0
4614:4613 4628 4629 4630 0
4615:4613 4741 4742 0
4616:4613 0
4617:4618 4619 4620 0
4618:4617 0
4619:3558 4586 4617 0
4620:4617 4646 0
4621:4576 4622 0
4622:4602 4621 4728 0
4623:4624 4625 4626 0
4624:4623 4627 0
4625:4601 4623 4693 4694 0
4626:3590 4623 0
4627:4543 4624 4724 0
4628:4614 4759 4776 0
4629:4614 0
4630:4614 4769 0
4631:4632 4633 0
4632:4631 4634 4635 4636 4637 4638 4639 4640 0
4633:4631 4668 0
4634:4632 0
4635:4632 4695 4735 0
4636:4601 4632 4751 0
4637:4632 4780 4782 0
4638:4632 0
4639:4632 0
4640:4632 0
4641:4601 4836 0
4642:4643 4644 0
4643:4642 4652 0
4644:4558 4642 4747 4756 0
4645:4586 4646 0
4646:4620 4645 4681 4695 0
4647:3510 4648 0
4648:4647 4665 4713 4745 4775 0
4649:4521 0
4650:4521 0
4651:4652 0
4652:4527 4643 4651 0
4653:4557 4731 0
4654:4607 4655 4656 0
4655:4522 4654 4736 0
4656:4654 0
4657:4583 4658 4659 0
4658:2386 4657 4659 4661 4714 4734 0
4659:4657 4658 4771 0
4660:2380 4661 4662 4663 4664 0
4661:4658 4660 4678 0
4662:4660 0
4663:4660 4770 0
4664:4660 4725 4734 0
4665:3377 4648 4666 4667 0
4666:4665 4712 4713 0
4667:4540 4665 4852 4854 0
4668:4633 4669 4670 4671 4672 0
4669:4668 4772 4775 0
4670:4668 0
4671:4668 0
4672:4668 0
4673:4674 4675 4676 0
4674:4673 4712 0
4675:4673 0
4676:4673 0
4677:4554 0
4678:4661 4850 0
4679:4539 4607 4680 0
4680:4607 4679 0
4681:4646 0
4682:4606 4699 4766 0
4683:4684 4685 0
4684:4572 4683 4686 0
4685:4683 0
4686:4684 0
4687:4562 4605 0
4688:4575 4689 0
4689:4602 4688 0
4690:2496 2498 4754 0
4691:2496 4790 4804 0
4692:4517 4704 0
4693:4625 0
4694:4625 0
4695:4635 4646 0
4696:4572 4697 0
4697:4696 4759 4769 0
4698:4599 4612 0
4699:4682 0
4700:3582 4701 0
4701:4567 4700 4726 0
4702:4599 0
4703:4567 0
4704:4567 4692 0
4705:2505 3582 0
4706:4522 4707 4708 4709 4710 0
4707:4522 4706 4711 0
4708:4706 0
4709:4706 0
4710:4706 0
4711:4707 4738 4760 0
4712:4666 4674 0
4713:4648 4666 4768 0
4714:4658 4715 0
4715:4714 4740 4758 0
4716:3590 3827 0
4717:3590 4724 4752 0
4718:3590 4834 4835 0
4719:2385 0
4720:4544 0
4721:4544 0
4722:3512 4544 0
4723:4522 4608 4737 4851 0
4724:4627 4717 0
4725:4664 0
4726:4701 4727 0
4727:4726 0
4728:4622 0
4729:2501 4563 4777 0
4730:4563 4845 0
4731:4531 4653 0
4732:4733 4734 0
4733:4732 0
4734:4658 4664 4732 0
4735:4635 0
4736:4655 0
4737:4723 0
4738:4522 4711 4761 0
4739:4537 0
4740:4537 4715 4750 0
4741:3512 4615 4743 4744 0
4742:4615 4757 0
4743:2386 4612 4741 0
4744:4741 4759 0
4745:4648 4746 0
4746:4745 0
4747:4612 4644 0
4748:2479 4580 4774 0
4749:4580 4846 0
4750:4740 0
4751:4636 0
4752:4610 4717 0
4753:4523 4842 0
4754:4690 4789 4794 4825 4826 0
4755:4756 0
4756:4644 4755 0
4757:4527 4742 0
4758:4715 0
4759:4526 4628 4697 4744 0
4760:4711 0
4761:4738 4762 0
4762:4761 0
4763:4594 0
4764:2498 4811 4813 4829 0
4765:2498 4806 0
4766:2489 4682 0
4767:4610 0
4768:4713 4839 0
4769:4630 4697 0
4770:4663 4849 0
4771:4659 0
4772:4669 4773 0
4773:4772 0
4774:4748 0
4775:4648 4669 0
4776:4628 0
4777:4729 0
4778:2501 0
4779:880 2501 0
4780:4637 4781 0
4781:4780 0
4782:4637 0
4783:4564 4844 4845 0
4784:4785 4786 0
4785:4784 4801 0
4786:4784 4794 0
4787:4788 4789 0
4788:4787 4799 0
4789:4754 4787 0
4790:4691 4791 0
4791:4790 4792 0
4792:4791 4793 0
4793:4792 4804 0
4794:4754 4786 4795 4796 4797 0
4795:4794 4798 4802 4807 4822 0
4796:4794 4798 0
4797:4794 0
4798:4795 4796 0
4799:4788 4800 0
4800:4799 4801 0
4801:4785 4800 0
4802:4795 4803 0
4803:4802 4805 4812 4815 4820 4821 0
4804:4691 4793 0
4805:4803 4806 0
4806:4765 4805 4813 4823 4828 0
4807:4795 4808 0
4808:4807 4812 0
4809:4810 4811 0
4810:4809 4824 0
4811:4764 4809 0
4812:4803 4808 0
4813:4764 4806 4814 0
4814:4813 4832 4833 0
4815:4803 4816 0
4816:2499 2500 4815 0
4817:2499 4818 4819 0
4818:4817 0
4819:2499 4817 4841 0
4820:4803 0
4821:4803 0
4822:4795 4823 0
4823:4806 4822 0
4824:4810 4827 0
4825:4754 4830 0
4826:4754 0
4827:4824 4828 0
4828:4806 4827 0
4829:4764 4831 0
4830:4825 4831 0
4831:4829 4830 0
4832:4814 0
4833:4814 0
4834:4718 0
4835:4718 0
4836:4641 0
4837:4587 4838 0
4838:4837 0
4839:4768 4840 0
4840:4839 0
4841:4819 0
4842:4753 0
4843:4844 0
4844:4783 4843 0
4845:4730 4783 4847 0
4846:4749 0
4847:4845 0
4848:4591 0
4849:4770 0
4850:4678 0
4851:4723 0
4852:2293 4667 4853 0
4853:4852 4855 4867 0
4854:4667 4855 0
4855:3826 4853 4854 0
4856:3504 4861 4900 0
4857:4545 4874 4877 4878 0
4858:3534 4545 4878 0
4859:4860 4861 0
4860:4859 4914 0
4861:4856 4859 4914 0
4862:4863 4864 4865 0
4863:3602 4862 4880 0
4864:4862 0
4865:3517 4862 4922 0
4866:4867 0
4867:2293 2455 2492 4853 4866 0
4868:4869 4870 4871 0
4869:3602 4868 0
4870:4868 4904 0
4871:4868 4872 0
4872:4871 4873 0
4873:4872 4905 0
4874:4540 4857 4875 4876 0
4875:4874 0
4876:4874 0
4877:4857 0
4878:3462 4857 4858 4912 0
4879:4880 0
4880:3543 4863 4879 4881 4882 0
4881:4880 4904 4907 0
4882:3534 4880 4902 0
4883:3615 4918 4919 0
4884:3615 4915 0
4885:3615 4906 0
4886:1113 4887 0
4887:141 4886 0
4888:229 4889 0
4889:2483 4888 4894 0
4890:2405 0
4891:2483 4892 0
4892:141 4891 0
4893:2483 0
4894:4889 0
4895:3783 4896 0
4896:3826 4895 0
4897:1146 3462 3602 0
4898:4540 0
4899:4540 0
4900:4540 4856 4913 0
4901:4902 4903 0
4902:4882 4901 4911 0
4903:4901 4923 0
4904:4870 4881 4905 4906 0
4905:4873 4904 0
4906:4885 4904 0
4907:141 4881 0
4908:3602 4920 0
4909:3602 0
4910:3602 4920 4923 0
4911:4902 0
4912:3534 3826 4878 0
4913:4900 0
4914:4860 4861 0
4915:1146 4884 4916 4917 0
4916:4915 4918 0
4917:4915 4921 0
4918:4883 4916 0
4919:4883 0
4920:4908 4910 0
4921:4917 0
4922:4865 0
4923:4903 4910 0
4924:880 4925 0
4925:4924 4932 0
4926:13 0
4927:13 4929 0
4928:886 4929 0
4929:4927 4928 0
4930:886 4931 0
4931:915 4930 0
4932:4925 0
