N=4922 V=6348
1:2 3 4 0
2:1 428 435 436 437 438 0
3:1 432 457 458 459 0
4:1 477 522 0
5:6 7 8 9 0
6:5 3627 3663 0
7:5 3381 0
8:5 3381 0
9:5 3734 3813 0
10:11 0
11:10 3437 3518 0
12:13 0
13:12 4916 4917 0
14:15 0
15:14 115 119 125 171 173 174 175 0
16:17 18 0
17:16 32 33 34 35 0
18:16 47 0
19:20 0
20:19 21 22 0
21:20 0
22:20 23 24 25 26 27 0
23:22 28 0
24:22 131 132 0
25:22 106 0
26:22 28 67 131 198 205 226 0
27:22 31 0
28:23 26 61 0
29:30 31 0
30:29 59 60 99 177 178 179 0
31:27 29 67 0
32:17 0
33:17 36 37 38 39 0
34:17 0
35:17 96 167 0
36:33 0
37:33 0
38:33 44 68 0
39:33 117 0
40:41 42 0
41:40 43 44 0
42:40 190 0
43:41 45 0
44:38 41 0
45:43 163 245 255 0
46:47 48 0
47:18 46 111 0
48:46 65 0
49:50 0
50:49 110 127 0
51:52 0
52:51 55 153 168 529 539 0
53:54 55 0
54:53 116 0
55:52 53 127 168 218 4504 0
56:57 58 0
57:56 93 95 128 0
58:56 222 0
59:30 60 61 62 0
60:30 59 61 0
61:28 59 60 71 226 0
62:59 0
63:64 65 0
64:63 231 0
65:48 63 0
66:67 0
67:26 31 66 94 126 154 166 184 185 0
68:38 0
69:70 71 0
70:69 71 107 177 210 0
71:61 69 70 84 189 196 226 0
72:73 74 0
73:72 130 0
74:72 77 193 0
75:76 77 0
76:75 130 0
77:74 75 177 235 0
78:79 0
79:78 80 81 0
80:79 82 83 84 85 0
81:79 91 0
82:80 86 87 88 89 90 0
83:80 134 137 139 142 143 144 0
84:71 80 85 0
85:80 84 0
86:82 0
87:82 0
88:82 0
89:82 101 102 103 105 0
90:82 130 192 236 0
91:81 92 0
92:91 227 0
93:57 94 95 96 97 0
94:67 93 98 0
95:57 93 0
96:35 93 263 0
97:93 211 0
98:94 228 0
99:30 100 0
100:99 160 237 239 0
101:89 0
102:89 0
103:89 104 0
104:103 163 194 248 249 250 251 0
105:89 159 179 0
106:25 107 108 0
107:70 106 188 0
108:106 196 0
109:110 0
110:50 109 127 169 607 4491 0
111:47 191 211 0
112:113 114 115 0
113:112 183 200 201 0
114:112 121 124 183 0
115:15 112 0
116:54 150 0
117:39 118 0
118:117 161 0
119:15 120 0
120:119 174 0
121:114 122 123 124 125 0
122:121 125 0
123:121 125 0
124:114 121 0
125:15 121 122 123 250 255 0
126:67 127 0
127:50 55 110 126 165 219 2554 0
128:57 129 0
129:128 130 0
130:73 76 90 129 192 212 234 0
131:24 26 0
132:24 0
133:134 0
134:83 133 135 136 140 141 0
135:134 0
136:134 0
137:83 0
138:139 0
139:83 138 145 0
140:134 1043 1109 0
141:134 1141 4877 4882 4897 0
142:83 194 1073 1090 1136 1137 1138 1139 1140 1141 0
143:83 1036 1056 1073 1142 0
144:83 2442 0
145:139 197 198 199 0
146:147 148 0
147:146 155 157 0
148:146 223 264 0
149:150 151 152 0
150:116 149 153 0
151:149 152 202 0
152:149 151 259 0
153:52 150 176 0
154:67 0
155:147 156 157 158 0
156:155 159 160 0
157:147 155 0
158:155 242 0
159:105 156 240 241 0
160:100 156 228 0
161:118 162 0
162:161 163 0
163:45 104 162 164 0
164:163 251 1089 0
165:127 166 0
166:67 165 0
167:35 262 265 0
168:52 55 0
169:110 170 0
170:169 227 0
171:15 172 0
172:171 0
173:15 0
174:15 120 244 0
175:15 201 0
176:153 260 534 546 0
177:30 70 77 0
178:30 0
179:30 105 180 0
180:179 198 202 213 214 215 216 217 0
181:182 183 0
182:181 200 0
183:113 114 181 0
184:67 186 0
185:67 221 0
186:184 187 0
187:186 0
188:107 256 257 258 0
189:71 0
190:42 191 192 0
191:111 190 231 0
192:90 130 190 211 222 232 233 0
193:74 220 0
194:104 142 195 0
195:194 1040 1111 0
196:71 108 0
197:145 198 206 207 208 0
198:26 145 180 197 247 0
199:145 208 647 959 4239 0
200:113 182 236 0
201:113 175 0
202:151 180 203 0
203:202 548 3875 0
204:205 0
205:26 204 0
206:197 0
207:197 0
208:197 199 568 607 0
209:210 0
210:70 209 0
211:97 111 192 212 0
212:130 211 0
213:180 0
214:180 0
215:180 0
216:180 0
217:180 541 4227 0
218:55 0
219:127 0
220:193 221 0
221:185 220 268 0
222:58 192 0
223:148 224 225 0
224:223 243 0
225:223 240 266 0
226:26 61 71 227 228 229 0
227:92 170 226 230 0
228:98 160 226 0
229:226 4878 0
230:227 267 0
231:64 191 0
232:192 235 0
233:192 0
234:130 0
235:77 232 0
236:90 200 0
237:100 238 0
238:237 0
239:100 0
240:159 225 0
241:159 242 243 0
242:158 241 252 253 0
243:224 241 0
244:174 245 246 0
245:45 244 247 0
246:244 0
247:198 245 0
248:104 0
249:104 0
250:104 125 0
251:104 164 1055 1094 1099 0
252:242 261 0
253:242 266 0
254:255 0
255:45 125 254 0
256:188 0
257:188 0
258:188 0
259:152 260 0
260:176 259 0
261:252 262 0
262:167 261 0
263:96 0
264:148 0
265:167 0
266:225 253 0
267:230 0
268:221 0
269:270 271 272 0
270:269 310 311 315 316 317 0
271:269 377 399 0
272:269 0
273:274 275 276 0
274:273 277 278 279 0
275:273 410 0
276:273 393 421 0
277:274 279 322 323 330 388 396 0
278:274 405 406 0
279:274 277 315 377 0
280:281 282 0
281:280 283 284 285 286 287 0
282:280 334 363 411 0
283:281 287 306 319 322 369 372 373 0
284:281 0
285:281 0
286:281 373 0
287:281 283 0
288:289 290 0
289:288 290 365 386 0
290:288 289 393 398 410 0
291:292 293 0
292:291 298 367 412 0
293:291 354 423 0
294:295 0
295:294 296 301 0
296:295 297 298 299 300 0
297:296 309 325 326 327 328 0
298:292 296 323 367 381 386 0
299:296 300 0
300:296 299 367 424 0
301:295 321 407 0
302:303 0
303:302 304 0
304:303 305 306 307 308 309 0
305:304 306 307 308 309 368 0
306:283 304 305 308 330 390 0
307:304 305 308 0
308:304 305 306 307 368 369 370 371 0
309:297 304 305 328 0
310:270 311 312 313 314 0
311:270 310 0
312:310 314 316 401 0
313:310 314 0
314:310 312 313 0
315:270 279 318 0
316:270 312 0
317:270 0
318:315 4447 0
319:283 320 321 0
320:319 322 323 0
321:301 319 0
322:277 283 320 330 374 0
323:277 298 320 329 354 0
324:325 0
325:297 324 0
326:297 327 331 0
327:297 326 0
328:297 309 0
329:323 330 331 0
330:277 306 322 329 0
331:326 329 341 342 0
332:333 334 335 336 337 0
333:332 338 339 340 0
334:282 332 0
335:332 336 350 418 0
336:332 335 0
337:332 0
338:333 341 342 0
339:333 350 0
340:333 346 347 411 0
341:331 338 0
342:331 338 0
343:344 345 0
344:343 401 402 0
345:343 4421 4466 0
346:340 347 0
347:340 346 0
348:349 0
349:348 384 385 391 0
350:335 339 0
351:352 0
352:351 353 354 0
353:352 415 0
354:293 323 352 356 380 0
355:356 0
356:354 355 357 358 360 361 362 0
357:356 0
358:356 359 0
359:358 0
360:356 0
361:356 0
362:356 380 403 0
363:282 364 0
364:363 0
365:289 366 0
366:365 396 397 0
367:292 298 300 0
368:305 308 369 370 371 0
369:283 308 368 370 371 0
370:308 368 369 371 373 0
371:308 368 369 370 387 0
372:283 0
373:283 286 370 0
374:322 1260 1414 0
375:376 0
376:375 377 378 0
377:271 279 376 413 0
378:376 4475 4476 4480 4486 0
379:380 0
380:354 362 379 0
381:298 0
382:383 0
383:382 384 0
384:349 383 385 0
385:349 384 408 415 0
386:289 298 0
387:371 0
388:277 389 0
389:388 0
390:306 0
391:349 0
392:393 394 395 0
393:276 290 392 410 419 420 0
394:392 0
395:392 4485 0
396:277 366 398 0
397:366 404 0
398:290 396 0
399:271 400 0
400:399 1155 1161 1251 1347 1349 0
401:312 344 0
402:344 4424 4425 0
403:362 0
404:397 0
405:278 0
406:278 0
407:301 422 0
408:385 409 0
409:408 0
410:275 290 393 0
411:282 340 416 417 0
412:292 0
413:377 414 0
414:413 0
415:353 385 0
416:411 0
417:411 0
418:335 0
419:393 0
420:393 0
421:276 4481 0
422:407 0
423:293 0
424:300 0
425:426 427 428 429 430 431 0
426:425 432 433 434 0
427:425 437 507 0
428:2 425 0
429:425 430 507 0
430:425 429 488 0
431:425 484 0
432:3 426 434 453 454 0
433:426 434 451 464 503 504 0
434:426 432 433 0
435:2 0
436:2 0
437:2 427 0
438:2 2448 0
439:440 0
440:439 448 491 495 508 0
441:442 0
442:441 477 0
443:444 0
444:443 445 446 447 448 0
445:444 449 450 451 452 0
446:444 455 456 0
447:444 474 0
448:440 444 0
449:445 452 467 468 469 470 471 0
450:445 473 0
451:433 445 485 501 0
452:445 449 509 0
453:432 460 461 462 463 464 465 466 0
454:432 2306 2307 2308 2319 2320 0
455:446 508 517 0
456:446 473 475 0
457:3 478 497 0
458:3 899 2285 0
459:3 2317 2430 2486 0
460:453 0
461:453 0
462:453 0
463:453 0
464:433 453 466 497 0
465:453 2290 2300 2332 0
466:453 464 2425 0
467:449 0
468:449 0
469:449 479 480 0
470:449 512 513 514 0
471:449 498 515 0
472:473 0
473:450 456 472 474 475 0
474:447 473 509 510 511 0
475:456 473 0
476:477 0
477:4 442 476 478 0
478:457 477 520 0
479:469 0
480:469 1509 1540 0
481:482 483 0
482:481 515 0
483:481 1591 0
484:431 485 486 487 488 489 490 0
485:451 484 0
486:484 0
487:484 506 0
488:430 484 506 0
489:484 495 502 0
490:484 494 502 0
491:440 492 493 494 495 0
492:491 0
493:491 501 0
494:490 491 0
495:440 489 491 0
496:497 0
497:457 464 496 0
498:471 499 500 0
499:498 1440 1800 0
500:498 0
501:451 493 502 0
502:489 490 501 0
503:433 505 0
504:433 4076 0
505:503 1360 0
506:487 488 0
507:427 429 0
508:440 455 516 0
509:452 474 0
510:474 0
511:474 515 525 0
512:470 0
513:470 524 0
514:470 1596 1655 0
515:471 482 511 0
516:508 0
517:455 0
518:519 0
519:518 520 521 0
520:478 519 0
521:519 523 0
522:4 523 0
523:521 522 0
524:513 0
525:511 0
526:527 528 0
527:526 536 540 541 0
528:526 541 4229 0
529:52 530 0
530:529 4228 0
531:532 0
532:531 533 534 0
533:532 536 539 0
534:176 532 539 543 547 0
535:536 537 538 0
536:527 533 535 0
537:535 539 550 0
538:535 543 0
539:52 533 534 537 0
540:527 551 0
541:217 527 528 4224 4225 4226 0
542:543 544 545 546 0
543:534 538 542 544 549 550 0
544:542 543 0
545:542 549 0
546:176 542 0
547:534 548 0
548:203 547 691 0
549:543 545 0
550:537 543 0
551:540 0
552:553 554 0
553:552 1482 0
554:552 1426 1471 1472 0
555:2505 2506 0
556:560 2620 2621 2672 2811 0
557:2505 2671 2794 2796 2822 2823 2824 2825 0
558:3044 3045 0
559:3025 3026 3166 3173 3174 0
560:556 3198 0
561:3195 0
562:3196 0
563:3197 0
564:3277 0
565:566 0
566:565 567 568 569 0
567:566 577 0
568:208 566 620 633 647 0
569:566 612 0
570:571 0
571:570 572 573 574 575 0
572:571 0
573:571 610 611 612 0
574:571 612 640 0
575:571 612 643 644 645 0
576:577 578 0
577:567 576 578 612 621 637 639 0
578:576 577 592 596 597 0
579:580 581 582 0
580:579 583 628 629 630 631 632 0
581:579 583 624 634 635 636 0
582:579 585 631 0
583:580 581 584 0
584:583 585 632 0
585:582 584 0
586:587 588 589 0
587:586 631 632 0
588:586 0
589:586 0
590:591 0
591:590 631 632 642 0
592:578 593 594 595 596 597 0
593:592 0
594:592 0
595:592 596 597 0
596:578 592 595 0
597:578 592 595 630 0
598:0
599:600 0
600:599 602 0
601:602 0
602:600 601 603 604 606 0
603:602 0
604:602 605 0
605:604 2472 4098 0
606:602 2319 2395 2450 0
607:110 208 608 609 0
608:607 919 923 0
609:607 0
610:573 613 0
611:573 614 0
612:569 573 574 575 577 615 620 621 0
613:610 614 618 0
614:611 613 619 0
615:612 616 617 0
616:615 0
617:615 4272 0
618:613 0
619:614 0
620:568 612 0
621:577 612 646 0
622:623 624 625 0
623:622 626 627 0
624:581 622 0
625:622 0
626:623 0
627:623 636 640 0
628:580 633 0
629:580 633 0
630:580 597 0
631:580 582 587 591 0
632:580 584 587 591 0
633:568 628 629 0
634:581 638 0
635:581 638 0
636:581 627 641 0
637:577 638 0
638:634 635 637 639 0
639:577 638 0
640:574 627 641 0
641:636 640 0
642:591 0
643:575 0
644:575 0
645:575 4172 4231 4258 0
646:621 0
647:199 568 959 2811 4240 4300 4301 0
648:649 650 651 652 0
649:648 687 706 710 714 737 0
650:648 0
651:648 0
652:648 0
653:654 655 656 0
654:653 670 671 672 673 0
655:653 0
656:653 672 754 0
657:658 0
658:657 659 660 0
659:658 688 695 696 697 698 0
660:658 712 714 717 0
661:662 663 0
662:661 771 0
663:661 719 752 776 792 793 0
664:665 666 0
665:664 666 777 800 802 803 0
666:664 665 724 725 730 740 763 765 777 806 0
667:668 669 0
668:667 671 678 0
669:667 720 0
670:654 0
671:654 668 674 675 676 677 0
672:654 656 718 719 0
673:654 759 760 0
674:671 677 730 765 0
675:671 677 727 765 0
676:671 747 774 775 0
677:671 674 675 752 765 779 780 781 0
678:668 718 720 721 722 0
679:680 0
680:679 681 682 683 684 685 0
681:680 726 727 0
682:680 727 732 733 734 0
683:680 733 0
684:680 752 778 0
685:680 0
686:687 0
687:649 686 692 699 700 701 702 703 704 0
688:659 689 690 691 0
689:688 0
690:688 0
691:548 688 711 765 769 787 0
692:687 693 694 0
693:692 0
694:692 736 737 0
695:659 0
696:659 0
697:659 710 735 0
698:659 0
699:687 0
700:687 0
701:687 0
702:687 0
703:687 0
704:687 0
705:706 0
706:649 705 707 708 709 0
707:706 710 711 0
708:706 0
709:706 716 786 0
710:649 697 707 755 767 768 769 0
711:691 707 772 0
712:660 0
713:714 0
714:649 660 713 715 716 0
715:714 0
716:709 714 770 0
717:660 768 804 805 0
718:672 678 0
719:663 672 0
720:669 678 0
721:678 744 745 0
722:678 776 0
723:724 0
724:666 723 725 0
725:666 724 730 739 751 752 753 0
726:681 0
727:675 681 682 739 742 0
728:729 0
729:728 730 731 0
730:666 674 725 729 753 764 0
731:729 793 811 0
732:682 0
733:682 683 741 766 0
734:682 752 0
735:697 0
736:694 0
737:649 694 789 0
738:739 0
739:725 727 738 740 741 742 0
740:666 739 743 0
741:733 739 784 785 0
742:727 739 801 0
743:740 0
744:721 0
745:721 757 761 0
746:747 748 749 750 0
747:676 746 749 0
748:746 794 796 0
749:746 747 760 798 0
750:746 790 808 0
751:725 0
752:663 677 684 725 734 753 758 0
753:725 730 752 782 0
754:656 0
755:710 0
756:757 0
757:745 756 758 0
758:752 757 783 0
759:673 0
760:673 749 773 0
761:745 0
762:763 0
763:666 762 0
764:730 0
765:666 674 675 677 691 787 807 0
766:733 0
767:710 0
768:710 717 797 0
769:691 710 812 0
770:716 0
771:662 0
772:711 0
773:760 0
774:676 0
775:676 0
776:663 722 0
777:665 666 0
778:684 0
779:677 0
780:677 0
781:677 0
782:753 0
783:758 0
784:741 0
785:741 809 0
786:709 0
787:691 765 788 0
788:787 0
789:737 0
790:750 791 0
791:790 0
792:663 0
793:663 731 810 0
794:748 795 0
795:794 0
796:748 0
797:768 0
798:749 0
799:800 0
800:665 799 0
801:742 0
802:665 0
803:665 0
804:717 0
805:717 0
806:666 0
807:765 3870 3890 3896 3898 3899 3900 0
808:750 0
809:785 0
810:793 0
811:731 0
812:769 0
813:814 815 816 0
814:813 817 818 819 820 0
815:813 839 840 0
816:813 820 830 859 0
817:814 818 837 838 839 0
818:814 817 819 841 842 0
819:814 818 849 850 852 853 0
820:814 816 822 910 0
821:822 0
822:820 821 824 832 833 834 0
823:824 825 826 827 0
824:822 823 828 829 830 831 0
825:823 826 829 858 0
826:823 825 836 858 860 861 0
827:823 861 880 0
828:824 0
829:824 825 859 0
830:816 824 879 0
831:824 880 891 902 0
832:822 0
833:822 899 0
834:822 885 902 1566 0
835:836 0
836:826 835 847 848 861 876 881 882 0
837:817 0
838:817 0
839:815 817 0
840:815 843 0
841:818 844 0
842:818 875 878 0
843:840 844 0
844:841 843 2401 2423 2496 0
845:846 847 848 0
846:845 862 863 0
847:836 845 853 885 0
848:836 845 851 853 865 883 900 901 0
849:819 0
850:819 851 0
851:848 850 853 0
852:819 854 855 856 857 0
853:819 847 848 851 0
854:852 908 0
855:852 909 0
856:852 869 0
857:852 869 0
858:825 826 859 0
859:816 829 858 0
860:826 0
861:826 827 836 886 0
862:846 876 877 0
863:846 912 0
864:865 0
865:848 864 0
866:867 0
867:866 869 871 874 875 0
868:869 0
869:856 857 867 868 870 0
870:869 0
871:867 872 873 0
872:871 875 0
873:871 0
874:867 0
875:842 867 872 0
876:836 862 0
877:862 911 0
878:842 4769 4914 0
879:830 887 0
880:827 831 894 895 0
881:836 0
882:836 896 0
883:848 884 0
884:883 4918 4920 0
885:834 847 897 898 0
886:861 0
887:879 888 0
888:887 2446 0
889:890 0
890:889 891 892 893 0
891:831 890 0
892:890 905 906 907 0
893:890 1434 0
894:880 0
895:880 904 0
896:882 0
897:885 0
898:885 902 1250 1553 1603 1604 0
899:458 833 0
900:848 903 0
901:848 0
902:831 834 898 0
903:900 0
904:895 905 0
905:892 904 907 0
906:892 0
907:892 905 1358 1359 0
908:854 1566 0
909:855 1566 0
910:820 0
911:877 912 0
912:863 911 913 0
913:912 4921 0
914:915 916 0
915:914 917 918 0
916:914 964 965 0
917:915 924 925 0
918:915 927 4492 4493 0
919:608 920 921 922 0
920:919 922 933 0
921:919 997 0
922:919 920 0
923:608 950 951 952 0
924:917 941 0
925:917 947 0
926:927 0
927:918 926 0
928:942 967 981 993 0
929:0
930:0
931:932 1001 0
932:931 949 1005 1008 0
933:920 0
934:0
935:0
936:0
937:0
938:0
939:0
940:0
941:924 942 943 944 945 946 0
942:928 941 946 961 962 985 987 991 992 0
943:941 960 0
944:941 0
945:941 997 1005 1006 0
946:941 942 998 0
947:925 948 949 0
948:947 949 1009 0
949:932 947 948 0
950:923 953 988 0
951:923 997 1002 0
952:923 1003 0
953:950 954 0
954:953 955 0
955:954 956 0
956:955 2395 0
957:958 0
958:957 959 0
959:199 647 958 4312 4313 0
960:943 961 962 963 0
961:942 960 0
962:942 960 0
963:960 0
964:916 966 967 968 969 970 971 972 973 0
965:916 988 0
966:964 974 975 0
967:928 964 991 0
968:964 0
969:964 972 0
970:964 999 0
971:964 996 1008 0
972:964 969 988 0
973:964 1012 1013 0
974:966 976 977 978 979 980 0
975:966 0
976:974 0
977:974 0
978:974 0
979:974 0
980:974 0
981:928 982 983 984 0
982:981 0
983:981 0
984:981 0
985:942 986 0
986:985 0
987:942 0
988:950 965 972 989 990 0
989:988 1004 0
990:988 994 1002 1003 1010 1011 0
991:942 967 992 998 999 0
992:942 991 999 1000 0
993:928 0
994:990 995 996 0
995:994 999 1010 0
996:971 994 1007 0
997:921 945 951 1002 0
998:946 991 1007 0
999:970 991 992 995 0
1000:992 1018 1019 0
1001:931 1004 0
1002:951 990 997 1003 1006 1009 0
1003:952 990 1002 1009 1011 0
1004:989 1001 1009 0
1005:932 945 0
1006:945 1002 0
1007:996 998 1008 1009 0
1008:932 971 1007 0
1009:948 1002 1003 1004 1007 0
1010:990 995 0
1011:990 1003 0
1012:973 1014 1015 0
1013:973 1016 1017 0
1014:1012 0
1015:1012 0
1016:1013 0
1017:1013 0
1018:1000 1020 1021 0
1019:1000 1022 1023 0
1020:1018 0
1021:1018 0
1022:1019 0
1023:1019 0
1024:1025 1026 0
1025:1024 1031 0
1026:1024 0
1027:1028 1029 1030 0
1028:1027 1030 0
1029:1027 1031 0
1030:1027 1028 1054 1095 0
1031:1025 1029 1045 1046 0
1032:1033 1034 1035 1036 0
1033:1032 0
1034:1032 1036 1080 0
1035:1032 1074 1077 1079 1114 0
1036:143 1032 1034 1039 1041 1044 1075 1076 1130 1131 0
1037:1038 1039 1040 1041 0
1038:1037 1042 1043 1044 0
1039:1036 1037 1082 1083 0
1040:195 1037 0
1041:1036 1037 1113 0
1042:1038 1083 1128 0
1043:140 1038 0
1044:1036 1038 0
1045:1031 1047 1048 0
1046:1031 1118 1120 0
1047:1045 1057 0
1048:1045 1055 1084 0
1049:1050 1051 1052 0
1050:1049 1052 1053 1054 0
1051:1049 1123 0
1052:1049 1050 1054 1124 0
1053:1050 1055 1056 0
1054:1030 1050 1052 0
1055:251 1048 1053 1097 1099 0
1056:143 1053 0
1057:1047 0
1058:1059 1060 1061 1062 1063 0
1059:1058 1064 1065 1066 0
1060:1058 1064 1067 1068 0
1061:1058 1093 0
1062:1058 1107 1108 0
1063:1058 1106 0
1064:1059 1060 1069 1070 1071 0
1065:1059 1085 0
1066:1059 1098 0
1067:1060 1069 1100 0
1068:1060 1106 1119 1144 0
1069:1064 1067 1098 1101 0
1070:1064 0
1071:1064 1098 0
1072:1073 1074 1075 1076 1077 0
1073:142 143 1072 1078 1079 0
1074:1035 1072 1105 0
1075:1036 1072 1103 1134 0
1076:1036 1072 1103 1134 0
1077:1035 1072 1145 0
1078:1073 1081 0
1079:1035 1073 1091 0
1080:1034 1088 1095 1102 0
1081:1078 0
1082:1039 0
1083:1039 1042 1111 0
1084:1048 1085 1086 0
1085:1065 1084 1086 1108 0
1086:1084 1085 1144 0
1087:1088 1089 0
1088:1080 1087 1094 1095 0
1089:164 1087 1117 0
1090:142 1091 1092 0
1091:1079 1090 1105 0
1092:1090 1115 0
1093:1061 1098 0
1094:251 1088 0
1095:1030 1080 1088 1124 1133 0
1096:1097 1098 0
1097:1055 1096 1099 0
1098:1066 1069 1071 1093 1096 1123 1135 0
1099:251 1055 1097 0
1100:1067 1121 0
1101:1069 0
1102:1080 0
1103:1075 1076 1104 0
1104:1103 1130 1132 1142 0
1105:1074 1091 0
1106:1063 1068 0
1107:1062 1108 0
1108:1062 1085 1107 1119 0
1109:140 1110 0
1110:1109 4876 0
1111:195 1083 1112 0
1112:1111 0
1113:1041 0
1114:1035 1115 1116 0
1115:1092 1114 1116 0
1116:1114 1115 1145 0
1117:1089 0
1118:1046 0
1119:1068 1108 0
1120:1046 0
1121:1100 1122 0
1122:1121 0
1123:1051 1098 0
1124:1052 1095 0
1125:0
1126:0
1127:0
1128:1042 0
1129:1130 1131 0
1130:1036 1104 1129 1132 0
1131:1036 1129 1132 1134 0
1132:1104 1130 1131 1134 0
1133:1095 0
1134:1075 1076 1131 1132 0
1135:1098 0
1136:142 0
1137:142 1143 0
1138:142 0
1139:142 0
1140:142 0
1141:141 142 0
1142:143 1104 0
1143:1137 4887 4905 0
1144:1068 1086 0
1145:1077 1116 1146 0
1146:1145 0
1147:1148 1149 1150 1151 1152 0
1148:1147 1153 0
1149:1147 1153 0
1150:1147 1883 1884 0
1151:1147 2002 0
1152:1147 1883 0
1153:1148 1149 1392 1758 0
1154:1155 1156 1157 1158 1159 0
1155:400 1154 1162 0
1156:1154 1351 1448 0
1157:1154 1618 0
1158:1154 2011 0
1159:1154 2014 0
1160:1161 0
1161:400 1160 1252 0
1162:1155 1226 1232 1234 1248 1249 1250 1251 1252 1253 0
1163:1164 1165 1166 0
1164:1163 1753 0
1165:1163 2158 0
1166:1163 1801 0
1167:1168 1169 1170 0
1168:1167 1171 0
1169:1167 1171 1795 1796 0
1170:1167 1333 1991 0
1171:1168 1169 1336 1337 1611 1644 1797 1798 0
1172:1173 1174 1175 1176 1177 1178 1179 0
1173:1172 1180 1181 0
1174:1172 1175 0
1175:1172 1174 1212 0
1176:1172 1389 1643 1664 0
1177:1172 1612 0
1178:1172 1611 0
1179:1172 1927 1928 0
1180:1173 1610 1615 0
1181:1173 1469 1746 1757 1758 1759 1760 0
1182:1183 1184 1185 0
1183:1182 1892 0
1184:1182 2001 0
1185:1182 1669 0
1186:1187 1188 1189 1190 1191 1192 1193 0
1187:1186 1194 1195 0
1188:1186 1194 1489 1500 1501 0
1189:1186 1530 1531 0
1190:1186 1633 1634 1635 0
1191:1186 1551 1682 0
1192:1186 1366 0
1193:1186 1907 1908 1909 1910 1911 1912 1913 1914 0
1194:1187 1188 1371 0
1195:1187 1204 1316 1356 1615 1633 1681 0
1196:1197 1198 1199 0
1197:1196 1200 0
1198:1196 1199 1249 1381 1426 1443 1447 0
1199:1196 1198 1509 1588 1768 1860 1861 1862 0
1200:1197 1201 1202 0
1201:1200 1541 0
1202:1200 1443 0
1203:0
1204:1195 1205 1206 1207 1208 0
1205:1204 0
1206:1204 1207 1316 1317 1413 1588 0
1207:1204 1206 1654 1666 1667 0
1208:1204 1316 1324 1356 1703 0
1209:1210 0
1210:1209 1878 0
1211:1212 1213 1214 0
1212:1175 1211 0
1213:1211 1921 0
1214:1211 1367 0
1215:1216 1217 1218 0
1216:1215 1784 1864 0
1217:1215 1930 0
1218:1215 0
1219:1220 1221 1222 0
1220:1219 0
1221:1219 1239 1240 1257 1261 1814 0
1222:1219 0
1223:1224 0
1224:1223 1271 1272 1273 1274 1275 1276 1277 0
1225:1226 1227 1228 1229 1230 1231 0
1226:1162 1225 1232 1233 0
1227:1225 1232 1234 1235 1236 1237 0
1228:1225 1247 0
1229:1225 1237 1752 1753 0
1230:1225 1552 0
1231:1225 1495 1523 1567 1595 1845 0
1232:1162 1226 1227 1238 0
1233:1226 1266 1269 1270 0
1234:1162 1227 1242 1243 1244 1245 1246 1247 0
1235:1227 1552 0
1236:1227 1555 0
1237:1227 1229 0
1238:1232 1363 1753 0
1239:1221 1240 1241 0
1240:1221 1239 1677 1678 1679 1680 0
1241:1239 1295 0
1242:1234 1244 1318 0
1243:1234 1249 1460 1461 1462 0
1244:1234 1242 1858 0
1245:1234 2015 0
1246:1234 2041 0
1247:1228 1234 2229 0
1248:1162 1254 0
1249:1162 1198 1243 1253 1409 1413 1463 1464 1465 1466 0
1250:898 1162 1270 1363 1594 1733 1734 0
1251:400 1162 1801 0
1252:1161 1162 0
1253:1162 1249 1555 0
1254:1248 1517 1566 1603 0
1255:1256 1257 1258 1259 0
1256:1255 1260 1261 0
1257:1221 1255 1262 1263 1264 1265 0
1258:1255 1259 1262 2250 0
1259:1255 1258 0
1260:374 1256 1483 1484 0
1261:1221 1256 1346 1677 1731 0
1262:1257 1258 1265 1484 0
1263:1257 2241 2242 0
1264:1257 2250 0
1265:1257 1262 2260 2261 0
1266:1233 1267 1268 0
1267:1266 1642 0
1268:1266 1767 0
1269:1233 1596 1725 0
1270:1233 1250 1765 0
1271:1224 0
1272:1224 1502 0
1273:1224 1750 0
1274:1224 1707 2078 0
1275:1224 1564 2112 0
1276:1224 1879 0
1277:1224 2025 0
1278:1279 1280 1281 1282 1283 1284 0
1279:1278 1285 1286 0
1280:1278 1285 1424 1627 1628 1629 0
1281:1278 1382 1420 1422 1423 1535 1536 1839 1882 0
1282:1278 1834 0
1283:1278 1535 0
1284:1278 1424 0
1285:1279 1280 1630 0
1286:1279 1424 1427 1472 0
1287:1288 1289 1290 1291 1292 0
1288:1287 1293 1294 0
1289:1287 1365 1565 0
1290:1287 1312 1720 0
1291:1287 1587 1685 1763 1799 0
1292:1287 1933 1934 0
1293:1288 1302 1401 1402 0
1294:1288 1492 1530 1681 1811 1812 1813 0
1295:1241 1296 1297 1298 1299 1300 0
1296:1295 1343 1821 1822 1823 1824 1825 1826 1827 1828 0
1297:1295 2118 0
1298:1295 1457 0
1299:1295 2234 0
1300:1295 2210 0
1301:1302 1303 1304 1305 1306 0
1302:1293 1301 1307 1308 1309 1310 1311 1312 1313 1314 0
1303:1301 1405 1406 0
1304:1301 0
1305:1301 2021 0
1306:1301 1849 0
1307:1302 1315 1316 1317 0
1308:1302 1315 1386 1387 0
1309:1302 0
1310:1302 1592 0
1311:1302 1685 1686 0
1312:1290 1302 1377 1696 1697 1698 1699 0
1313:1302 1576 0
1314:1302 1338 0
1315:1307 1308 0
1316:1195 1206 1208 1307 1357 1609 0
1317:1206 1307 1615 1696 1749 0
1318:1242 0
1319:1320 1321 1322 0
1320:1319 1534 1535 1536 0
1321:1319 1742 1837 1839 0
1322:1319 1748 1757 0
1323:1324 0
1324:1208 1323 0
1325:1326 1327 0
1326:1325 1440 1941 0
1327:1325 1942 0
1328:1329 0
1329:1328 1336 1337 1338 1339 0
1330:1331 1332 0
1331:1330 2175 0
1332:1330 2201 0
1333:1170 1334 1335 0
1334:1333 1885 0
1335:1333 1970 0
1336:1171 1329 1817 0
1337:1171 1329 1818 0
1338:1314 1329 1585 1652 1749 0
1339:1329 1710 0
1340:1341 1342 1343 1344 1345 1346 0
1341:1340 1497 1498 0
1342:1340 1456 1472 1723 0
1343:1296 1340 1498 1724 1731 1829 1830 0
1344:1340 1631 1723 1831 0
1345:1340 1948 1949 1950 1951 1952 1953 0
1346:1261 1340 0
1347:400 1348 0
1348:1347 1350 0
1349:400 4487 4488 0
1350:1348 1351 0
1351:1156 1350 0
1352:1353 0
1353:1352 1354 1355 0
1354:1353 1450 1454 0
1355:1353 1417 1626 0
1356:1195 1208 1357 0
1357:1316 1356 1369 1370 1586 1587 0
1358:907 1766 0
1359:907 1765 0
1360:505 1370 1586 0
1361:1362 1363 0
1362:1361 1364 0
1363:1238 1250 1361 0
1364:1362 2180 0
1365:1289 1366 0
1366:1192 1365 0
1367:1214 1368 0
1368:1367 1854 0
1369:1357 1370 1371 1372 0
1370:1357 1360 1369 1626 1670 0
1371:1194 1369 1579 0
1372:1369 2612 2782 0
1373:1374 1375 1376 0
1374:1373 1384 1385 0
1375:1373 1852 0
1376:1373 1984 1985 1986 0
1377:1312 1378 1379 0
1378:1377 1582 1583 1584 1585 0
1379:1377 1583 1993 1994 0
1380:1381 1382 1383 0
1381:1198 1380 1447 1504 1790 1791 1793 0
1382:1281 1380 1426 1475 1477 0
1383:1380 0
1384:1374 1612 1697 1761 1815 1816 0
1385:1374 0
1386:1308 0
1387:1308 0
1388:1389 1390 1391 1392 1393 1394 1395 1396 0
1389:1176 1388 0
1390:1388 1391 1688 0
1391:1388 1390 1474 1729 0
1392:1153 1388 1477 1545 1620 1741 1746 1747 0
1393:1388 1688 1820 0
1394:1388 1426 1475 0
1395:1388 2006 0
1396:1388 2004 2005 0
1397:1398 0
1398:1397 1399 1400 0
1399:1398 1639 1843 1844 0
1400:1398 1791 0
1401:1293 1805 0
1402:1293 1902 1963 2007 2008 0
1403:1404 0
1404:1403 1554 0
1405:1303 1849 1850 1851 0
1406:1303 2119 0
1407:1408 0
1408:1407 1409 1413 1414 1415 0
1409:1249 1408 1410 1411 1412 0
1410:1409 1524 0
1411:1409 1829 0
1412:1409 1830 0
1413:1206 1249 1408 1467 0
1414:374 1408 1676 1721 0
1415:1408 1467 1504 0
1416:1417 1418 0
1417:1355 1416 1419 0
1418:1416 2057 0
1419:1417 1636 1638 0
1420:1281 1421 1422 1423 1424 0
1421:1420 1422 1715 0
1422:1281 1420 1421 1424 1427 1632 1715 1735 0
1423:1281 1420 1842 0
1424:1280 1284 1286 1420 1422 1627 1632 1674 0
1425:1426 1427 1428 0
1426:554 1198 1382 1394 1425 1428 1468 1470 1471 1472 0
1427:1286 1422 1425 0
1428:1425 1426 1475 1476 1782 1848 0
1429:1430 1431 0
1430:1429 1685 0
1431:1429 1591 0
1432:1433 1434 1435 0
1433:1432 1436 1437 1438 0
1434:893 1432 0
1435:1432 2219 0
1436:1433 1438 1449 0
1437:1433 1553 0
1438:1433 1436 1605 0
1439:1440 1441 1442 0
1440:499 1326 1439 1556 1592 1700 1703 1704 1705 1706 0
1441:1439 1867 0
1442:1439 1701 2141 0
1443:1198 1202 1444 1445 1446 0
1444:1443 1589 1692 1693 0
1445:1443 1639 0
1446:1443 1537 0
1447:1198 1381 0
1448:1156 2027 0
1449:1436 1593 0
1450:1354 1451 1452 1453 0
1451:1450 1581 0
1452:1450 1481 0
1453:1450 0
1454:1354 1579 1659 1662 0
1455:1456 1457 1458 1459 0
1456:1342 1455 1458 1627 1628 0
1457:1298 1455 0
1458:1455 1456 0
1459:1455 1628 0
1460:1243 2120 0
1461:1243 1526 0
1462:1243 2040 0
1463:1249 0
1464:1249 1711 1789 0
1465:1249 1809 0
1466:1249 1747 0
1467:1413 1415 1469 1588 0
1468:1426 1469 0
1469:1181 1467 1468 1470 1676 1782 0
1470:1426 1469 0
1471:554 1426 1482 0
1472:554 1286 1342 1426 1532 1631 1671 1672 1673 1674 1675 0
1473:1474 0
1474:1391 1473 2268 0
1475:1382 1394 1428 1476 1477 1478 0
1476:1428 1475 1835 1836 1837 0
1477:1382 1392 1475 0
1478:1475 1836 2038 2039 0
1479:1480 1481 0
1480:1479 1491 0
1481:1452 1479 0
1482:553 1471 1532 1672 1674 0
1483:1260 0
1484:1260 1262 0
1485:1486 1487 0
1486:1485 1736 0
1487:1485 1838 0
1488:1489 1490 0
1489:1188 1488 1499 0
1490:1488 1660 0
1491:1480 2575 2576 2577 2578 0
1492:1294 0
1493:1494 1495 1496 0
1494:1493 1555 0
1495:1231 1493 0
1496:1493 2011 0
1497:1341 0
1498:1341 1343 1570 0
1499:1489 0
1500:1188 1568 0
1501:1188 1547 0
1502:1272 1600 1878 1879 1880 1881 0
1503:1504 1505 0
1504:1381 1415 1503 1506 0
1505:1503 1589 0
1506:1504 1872 1873 0
1507:1508 1509 0
1508:1507 1512 1596 0
1509:480 1199 1507 1867 1868 0
1510:1511 1512 1513 0
1511:1510 1514 0
1512:1508 1510 1522 1657 1658 0
1513:1510 1865 0
1514:1511 2058 0
1515:1516 1517 0
1516:1515 1518 0
1517:1254 1515 1519 0
1518:1516 1656 1725 0
1519:1517 1596 1597 0
1520:1521 1522 1523 0
1521:1520 1650 0
1522:1512 1520 1726 0
1523:1231 1520 0
1524:1410 1525 1526 1527 1528 1529 0
1525:1524 1738 1739 1740 0
1526:1461 1524 0
1527:1524 0
1528:1524 0
1529:1524 2082 0
1530:1189 1294 1531 0
1531:1189 1530 2163 0
1532:1472 1482 1533 0
1533:1532 1958 0
1534:1320 0
1535:1281 1283 1320 0
1536:1281 1320 0
1537:1446 1538 0
1538:1537 1539 0
1539:1538 1707 1730 0
1540:480 0
1541:1201 1709 1775 0
1542:1543 1544 1545 1546 0
1543:1542 1590 0
1544:1542 1772 0
1545:1392 1542 1621 0
1546:1542 2053 2075 2088 2089 0
1547:1501 1548 1549 1550 1551 0
1548:1547 1794 0
1549:1547 1922 1924 2032 2090 0
1550:1547 2030 0
1551:1191 1547 0
1552:1230 1235 1595 0
1553:898 1437 0
1554:1404 1567 0
1555:1236 1253 1494 1567 1774 0
1556:1440 0
1557:0
1558:1607 1802 0
1559:1865 0
1560:2037 0
1561:2086 0
1562:0
1563:1608 0
1564:1275 0
1565:1289 2044 2107 2108 0
1566:834 908 909 1254 0
1567:1231 1554 1555 0
1568:1500 1569 0
1569:1568 1577 1579 1580 0
1570:1498 0
1571:1572 1573 1574 1575 0
1572:1571 1576 0
1573:1571 1708 0
1574:1571 1756 0
1575:1571 1929 0
1576:1313 1572 0
1577:1569 1578 0
1578:1577 1659 1663 0
1579:1371 1454 1569 1580 0
1580:1569 1579 0
1581:1451 1661 0
1582:1378 1651 1652 0
1583:1378 1379 2121 2122 0
1584:1378 2123 2124 0
1585:1338 1378 1906 0
1586:1357 1360 1764 0
1587:1291 1357 0
1588:1199 1206 1467 0
1589:1444 1505 0
1590:1543 1772 0
1591:483 1431 0
1592:1310 1440 1602 0
1593:1449 1594 0
1594:1250 1593 1646 1647 1649 0
1595:1231 1552 1774 0
1596:514 1269 1508 1519 0
1597:1519 1654 1665 0
1598:1599 1600 1601 0
1599:1598 1929 0
1600:1502 1598 0
1601:1598 1783 0
1602:1592 2147 0
1603:898 1254 0
1604:898 1734 0
1605:1438 0
1606:1607 0
1607:1558 1606 0
1608:1563 0
1609:1316 0
1610:1180 1611 1612 1613 1614 0
1611:1171 1178 1610 1787 0
1612:1177 1384 1610 1840 1841 0
1613:1610 1984 2093 2099 2154 2155 0
1614:1610 2269 0
1615:1180 1195 1317 1761 0
1616:1617 0
1617:1616 1618 0
1618:1157 1617 0
1619:1620 1621 1622 1623 1624 1625 0
1620:1392 1619 0
1621:1545 1619 0
1622:1619 1925 0
1623:1619 1625 1956 0
1624:1619 2012 0
1625:1619 1623 2012 2199 0
1626:1355 1370 1668 1669 0
1627:1280 1424 1456 1631 1632 0
1628:1280 1456 1459 1629 0
1629:1280 1628 1832 1833 1834 0
1630:1285 2274 0
1631:1344 1472 1627 0
1632:1422 1424 1627 0
1633:1190 1195 0
1634:1190 1856 1875 1876 0
1635:1190 1932 2055 2096 2160 0
1636:1419 1637 0
1637:1636 1964 0
1638:1419 1685 1764 0
1639:1399 1445 1640 1641 0
1640:1639 1776 1877 0
1641:1639 0
1642:1267 1863 0
1643:1176 1644 1645 0
1644:1171 1643 1847 0
1645:1643 1664 1989 0
1646:1594 0
1647:1594 1648 0
1648:1647 2164 0
1649:1594 2180 0
1650:1521 1786 0
1651:1582 2080 0
1652:1338 1582 1906 0
1653:1654 0
1654:1207 1597 1653 0
1655:514 1656 1657 1658 0
1656:1518 1655 0
1657:1512 1655 1777 0
1658:1512 1655 0
1659:1454 1578 1660 1661 1662 1663 0
1660:1490 1659 0
1661:1581 1659 1663 0
1662:1454 1659 0
1663:1578 1659 1661 0
1664:1176 1645 1981 2063 0
1665:1597 0
1666:1207 0
1667:1207 1703 1803 0
1668:1626 2166 0
1669:1185 1626 2236 0
1670:1370 2927 2928 0
1671:1472 1676 0
1672:1472 1482 1684 0
1673:1472 1793 0
1674:1424 1472 1482 0
1675:1472 2270 0
1676:1414 1469 1671 0
1677:1240 1261 0
1678:1240 0
1679:1240 1680 1814 0
1680:1240 1679 2264 2265 0
1681:1195 1294 0
1682:1191 1683 0
1683:1682 2072 2074 0
1684:1672 1959 2169 0
1685:1291 1311 1430 1638 0
1686:1311 1916 0
1687:1688 0
1688:1390 1393 1687 0
1689:1690 1691 0
1690:1689 1776 1809 0
1691:1689 1789 0
1692:1444 1693 1694 1695 0
1693:1444 1692 1788 0
1694:1692 1791 1792 0
1695:1692 1792 2118 0
1696:1312 1317 0
1697:1312 1384 1761 0
1698:1312 1971 1993 2091 0
1699:1312 1971 2092 2121 0
1700:1440 1701 1702 0
1701:1442 1700 0
1702:1700 1930 0
1703:1208 1440 1667 0
1704:1440 0
1705:1440 1813 0
1706:1440 1797 0
1707:1274 1539 1708 1709 0
1708:1573 1707 0
1709:1541 1707 0
1710:1339 1754 0
1711:1464 1775 0
1712:1781 0
1713:1768 1859 0
1714:1780 1861 0
1715:1421 1422 0
1716:1717 0
1717:1716 1718 1719 0
1718:1717 2014 0
1719:1717 2015 0
1720:1290 1974 2173 0
1721:1414 1722 1723 0
1722:1721 1724 0
1723:1342 1344 1721 0
1724:1343 1722 0
1725:1269 1518 1726 1727 1728 0
1726:1522 1725 0
1727:1725 1863 0
1728:1725 0
1729:1391 0
1730:1539 1859 0
1731:1261 1343 1732 0
1732:1731 2176 2177 2178 0
1733:1250 0
1734:1250 1604 0
1735:1422 2077 0
1736:1486 1737 0
1737:1736 1844 0
1738:1525 2120 0
1739:1525 1957 0
1740:1525 2231 0
1741:1392 1742 1743 1744 1745 0
1742:1321 1741 1748 0
1743:1741 1745 0
1744:1741 1884 2084 0
1745:1741 1743 1925 2053 0
1746:1181 1392 0
1747:1392 1466 0
1748:1322 1742 0
1749:1317 1338 0
1750:1273 1751 0
1751:1750 1776 1870 1871 0
1752:1229 1773 0
1753:1164 1229 1238 1765 1773 0
1754:1710 1755 1756 0
1755:1754 2194 0
1756:1574 1754 0
1757:1181 1322 0
1758:1153 1181 0
1759:1181 0
1760:1181 0
1761:1384 1615 1697 0
1762:1763 0
1763:1291 1762 0
1764:1586 1638 1770 0
1765:1270 1359 1753 1766 1767 0
1766:1358 1765 0
1767:1268 1765 0
1768:1199 1713 1769 0
1769:1768 2182 2190 0
1770:1764 1771 0
1771:1770 1778 0
1772:1544 1590 2191 0
1773:1752 1753 0
1774:1555 1595 0
1775:1541 1711 1776 0
1776:1640 1690 1751 1775 1810 0
1777:1657 0
1778:1771 1779 0
1779:1778 0
1780:1714 0
1781:1712 0
1782:1428 1469 0
1783:1601 1784 1785 0
1784:1216 1783 0
1785:1783 2218 0
1786:1650 1838 0
1787:1611 1901 2125 0
1788:1693 0
1789:1464 1691 0
1790:1381 0
1791:1381 1400 1694 1792 0
1792:1694 1695 1791 0
1793:1381 1673 0
1794:1548 1961 2109 0
1795:1169 1817 1818 1819 0
1796:1169 2171 0
1797:1171 1706 0
1798:1171 2155 0
1799:1291 0
1800:499 2141 0
1801:1166 1251 0
1802:1558 1803 1804 0
1803:1667 1802 0
1804:1802 0
1805:1401 1888 1895 1955 1963 2200 0
1806:1807 1808 0
1807:1806 2158 0
1808:1806 2180 0
1809:1465 1690 0
1810:1776 0
1811:1294 1856 0
1812:1294 1887 0
1813:1294 1705 0
1814:1221 1679 0
1815:1384 1979 2061 0
1816:1384 1973 2061 2232 0
1817:1336 1795 0
1818:1337 1795 0
1819:1795 1969 1970 0
1820:1393 2174 0
1821:1296 2243 0
1822:1296 2240 0
1823:1296 2233 0
1824:1296 2177 0
1825:1296 2234 0
1826:1296 2243 0
1827:1296 2249 0
1828:1296 2248 0
1829:1343 1411 0
1830:1343 1412 0
1831:1344 2209 2210 2211 2212 2213 2214 0
1832:1629 0
1833:1629 0
1834:1282 1629 0
1835:1476 2138 0
1836:1476 1478 1999 2051 0
1837:1321 1476 0
1838:1487 1786 0
1839:1281 1321 0
1840:1612 2186 2256 0
1841:1612 2185 2206 0
1842:1423 2189 0
1843:1399 0
1844:1399 1737 0
1845:1231 0
1846:1847 0
1847:1644 1846 0
1848:1428 1999 2038 2188 2254 0
1849:1306 1405 0
1850:1405 1885 2145 2146 0
1851:1405 0
1852:1375 1853 1854 1855 0
1853:1852 1926 0
1854:1368 1852 0
1855:1852 2100 0
1856:1634 1811 1857 0
1857:1856 0
1858:1244 2221 2227 0
1859:1713 1730 2181 2182 2205 2226 0
1860:1199 0
1861:1199 1714 0
1862:1199 2273 0
1863:1642 1727 0
1864:1216 0
1865:1513 1559 1866 0
1866:1865 1868 2105 2216 0
1867:1441 1509 1869 0
1868:1509 1866 2059 2170 2187 0
1869:1867 0
1870:1751 0
1871:1751 2197 0
1872:1506 0
1873:1506 1874 0
1874:1873 1957 0
1875:1634 2196 0
1876:1634 2098 2167 2223 0
1877:1640 2197 0
1878:1210 1502 0
1879:1276 1502 0
1880:1502 2097 0
1881:1502 2218 0
1882:1281 0
1883:1150 1152 2035 2036 0
1884:1150 1744 0
1885:1334 1850 0
1886:1887 1888 0
1887:1812 1886 1894 1895 1896 1897 1898 0
1888:1805 1886 0
1889:1890 1891 0
1890:1889 1932 1937 0
1891:1889 2050 0
1892:1183 1893 0
1893:1892 0
1894:1887 0
1895:1805 1887 0
1896:1887 2043 0
1897:1887 2127 0
1898:1887 2107 0
1899:1900 1901 0
1900:1899 2046 2128 2157 0
1901:1787 1899 0
1902:1402 1903 0
1903:1902 0
1904:1905 1906 0
1905:1904 2018 0
1906:1585 1652 1904 2047 0
1907:1193 1968 2048 2049 2050 0
1908:1193 1932 2069 0
1909:1193 0
1910:1193 1931 0
1911:1193 2068 2149 0
1912:1193 2067 0
1913:1193 0
1914:1193 2251 0
1915:1916 1917 0
1916:1686 1915 0
1917:1915 2022 0
1918:1919 1920 0
1919:1918 2111 0
1920:1918 2051 0
1921:1213 1995 0
1922:1549 1923 1924 0
1923:1922 2110 0
1924:1549 1922 0
1925:1622 1745 0
1926:1853 1954 0
1927:1179 0
1928:1179 0
1929:1575 1599 0
1930:1217 1702 0
1931:1910 1932 0
1932:1635 1890 1908 1931 2066 2087 0
1933:1292 1935 1936 0
1934:1292 2200 0
1935:1933 1974 2007 0
1936:1933 2007 0
1937:1890 2208 0
1938:1939 1940 0
1939:1938 1987 0
1940:1938 2224 2225 0
1941:1326 0
1942:1327 1943 0
1943:1942 0
1944:1945 1946 1947 0
1945:1944 1946 2091 0
1946:1944 1945 0
1947:1944 2143 0
1948:1345 1953 1958 0
1949:1345 1951 1952 0
1950:1345 1951 0
1951:1345 1949 1950 1953 0
1952:1345 1949 1958 0
1953:1345 1948 1951 0
1954:1926 1955 0
1955:1805 1954 2062 0
1956:1623 2012 2089 0
1957:1739 1874 0
1958:1533 1948 1952 1959 0
1959:1684 1958 2169 0
1960:1961 1962 0
1961:1794 1960 2117 0
1962:1960 2117 0
1963:1402 1805 0
1964:1637 1965 0
1965:1964 0
1966:1967 1968 0
1967:1966 2152 0
1968:1907 1966 2193 2224 0
1969:1819 0
1970:1335 1819 0
1971:1698 1699 1972 1973 0
1972:1971 1974 1975 0
1973:1816 1971 1979 0
1974:1720 1935 1972 0
1975:1972 2220 0
1976:1977 1978 1979 0
1977:1976 2129 2207 0
1978:1976 2125 2256 0
1979:1815 1973 1976 2207 2232 0
1980:1981 1982 1983 0
1981:1664 1980 0
1982:1980 1988 0
1983:1980 2019 0
1984:1376 1613 2033 0
1985:1376 1986 2060 0
1986:1376 1985 0
1987:1939 0
1988:1982 1989 0
1989:1645 1988 0
1990:1991 1992 0
1991:1170 1990 0
1992:1990 0
1993:1379 1698 0
1994:1379 2121 0
1995:1921 1996 1997 0
1996:1995 1998 0
1997:1995 2013 0
1998:1996 2144 2165 0
1999:1836 1848 2000 0
2000:1999 2038 2051 0
2001:1184 2057 0
2002:1151 2003 0
2003:2002 2084 0
2004:1396 2005 0
2005:1396 2004 0
2006:1395 2144 0
2007:1402 1935 1936 2009 2010 0
2008:1402 2093 0
2009:2007 2034 2060 2062 0
2010:2007 2228 0
2011:1158 1496 0
2012:1624 1625 1956 0
2013:1997 2063 0
2014:1159 1718 0
2015:1245 1719 0
2016:2017 2018 2019 0
2017:2016 2157 0
2018:1905 2016 0
2019:1983 2016 2155 0
2020:2021 2022 0
2021:1305 2020 0
2022:1917 2020 2101 0
2023:2024 2025 0
2024:2023 2026 2131 0
2025:1277 2023 0
2026:2024 0
2027:1448 2028 0
2028:2027 0
2029:2030 2031 0
2030:1550 2029 0
2031:2029 2032 0
2032:1549 2031 0
2033:1984 2034 0
2034:2009 2033 2184 0
2035:1883 0
2036:1883 2144 0
2037:1560 0
2038:1478 1848 2000 0
2039:1478 0
2040:1462 2041 0
2041:1246 2040 0
2042:2043 2044 0
2043:1896 2042 2103 2104 2163 0
2044:1565 2042 0
2045:2046 2047 0
2046:1900 2045 0
2047:1906 2045 0
2048:1907 2134 2137 0
2049:1907 2070 0
2050:1891 1907 2065 0
2051:1836 1920 2000 0
2052:2053 0
2053:1546 1745 2052 2054 2075 0
2054:2053 0
2055:1635 2056 0
2056:2055 2152 0
2057:1418 2001 0
2058:1514 2059 0
2059:1868 2058 2170 0
2060:1985 2009 2061 0
2061:1815 1816 2060 0
2062:1955 2009 0
2063:1664 2013 2116 0
2064:2065 2066 0
2065:2050 2064 0
2066:1932 2064 0
2067:1912 2068 0
2068:1911 2067 0
2069:1908 2070 0
2070:2049 2069 2142 0
2071:2072 2073 0
2072:1683 2071 0
2073:2071 0
2074:1683 0
2075:1546 2053 0
2076:2077 0
2077:1735 2076 0
2078:1274 2079 0
2079:2078 2195 0
2080:1651 2081 0
2081:2080 2128 2129 2130 0
2082:1529 2083 0
2083:2082 0
2084:1744 2003 0
2085:2086 0
2086:1561 2085 0
2087:1932 2153 0
2088:1546 0
2089:1546 1956 0
2090:1549 2113 0
2091:1698 1945 2092 0
2092:1699 2091 0
2093:1613 2008 2183 0
2094:2095 2096 0
2095:2094 2168 0
2096:1635 2094 0
2097:1880 0
2098:1876 0
2099:1613 2100 0
2100:1855 2099 0
2101:2022 2156 0
2102:2103 2104 0
2103:2043 2102 0
2104:2043 2102 0
2105:1866 2106 0
2106:2105 2172 0
2107:1565 1898 0
2108:1565 0
2109:1794 2110 0
2110:1923 2109 0
2111:1919 2138 0
2112:1275 2179 0
2113:2090 2132 0
2114:2115 2116 0
2115:2114 2126 2215 0
2116:2063 2114 0
2117:1961 1962 0
2118:1297 1695 0
2119:1406 0
2120:1460 1738 0
2121:1583 1699 1994 2206 2207 0
2122:1583 2123 2198 0
2123:1584 2122 2143 0
2124:1584 2130 2198 0
2125:1787 1978 2126 0
2126:2115 2125 0
2127:1897 2153 0
2128:1900 2081 0
2129:1977 2081 0
2130:2081 2124 0
2131:2024 0
2132:2113 2159 0
2133:2134 2135 2136 0
2134:2048 2133 0
2135:2133 2136 2161 2162 0
2136:2133 2135 2230 0
2137:2048 2259 2262 0
2138:1835 2111 2139 2140 0
2139:2138 0
2140:2138 2267 0
2141:1442 1800 2187 0
2142:2070 2150 0
2143:1947 2123 0
2144:1998 2006 2036 0
2145:1850 2146 0
2146:1850 2145 0
2147:1602 0
2148:2149 0
2149:1911 2148 0
2150:2142 2151 0
2151:2150 2160 2208 0
2152:1967 2056 2193 0
2153:2087 2127 0
2154:1613 0
2155:1613 1798 2019 2215 0
2156:2101 0
2157:1900 2017 0
2158:1165 1807 0
2159:2132 2196 0
2160:1635 2151 0
2161:2135 0
2162:2135 0
2163:1531 2043 0
2164:1648 2175 0
2165:1998 0
2166:1668 0
2167:1876 2168 0
2168:2095 2167 0
2169:1684 1959 0
2170:1868 2059 2187 0
2171:1796 0
2172:2106 2216 0
2173:1720 2252 0
2174:1820 0
2175:1331 2164 0
2176:1732 2240 0
2177:1732 1824 0
2178:1732 2240 0
2179:2112 0
2180:1364 1649 1808 2201 2202 0
2181:1859 2182 0
2182:1769 1859 2181 0
2183:2093 2238 2255 0
2184:2034 2185 2186 0
2185:1841 2184 0
2186:1840 2184 0
2187:1868 2141 2170 0
2188:1848 2189 0
2189:1842 2188 2254 2257 0
2190:1769 2205 0
2191:1772 2192 0
2192:2191 2203 0
2193:1968 2152 0
2194:1755 2226 0
2195:2079 0
2196:1875 2159 2223 0
2197:1871 1877 2204 0
2198:2122 2124 0
2199:1625 2267 0
2200:1805 1934 0
2201:1332 2180 0
2202:2180 0
2203:2192 0
2204:2197 0
2205:1859 2190 0
2206:1841 2121 2232 0
2207:1977 1979 2121 0
2208:1937 2151 0
2209:1831 2235 0
2210:1300 1831 2211 2244 0
2211:1831 2210 2239 0
2212:1831 2246 0
2213:1831 2239 0
2214:1831 2239 0
2215:2115 2155 0
2216:1866 2172 2217 0
2217:2216 0
2218:1785 1881 0
2219:1435 0
2220:1975 2253 2255 0
2221:1858 2222 0
2222:2221 0
2223:1876 2196 2266 0
2224:1940 1968 0
2225:1940 2262 0
2226:1859 2194 0
2227:1858 0
2228:2010 2252 0
2229:1247 0
2230:2136 0
2231:1740 0
2232:1816 1979 2206 0
2233:1823 2234 0
2234:1299 1825 2233 2247 0
2235:2209 2245 2246 0
2236:1669 2237 0
2237:2236 0
2238:2183 0
2239:2211 2213 2214 0
2240:1822 2176 2178 2243 0
2241:1263 0
2242:1263 0
2243:1821 1826 2240 0
2244:2210 2245 2246 0
2245:2235 2244 2247 0
2246:2212 2235 2244 0
2247:2234 2245 0
2248:1828 2249 0
2249:1827 2248 0
2250:1258 1264 2263 0
2251:1914 0
2252:2173 2228 2253 0
2253:2220 2252 2258 0
2254:1848 2189 0
2255:2183 2220 0
2256:1840 1978 0
2257:2189 0
2258:2253 0
2259:2137 0
2260:1265 0
2261:1265 0
2262:2137 2225 0
2263:2250 0
2264:1680 0
2265:1680 0
2266:2223 0
2267:2140 2199 0
2268:1474 0
2269:1614 0
2270:1675 0
2271:2272 2273 0
2272:2271 2274 0
2273:1862 2271 0
2274:1630 2272 0
2275:2276 2277 0
2276:2275 2285 0
2277:2275 2285 0
2278:0
2279:2280 2281 0
2280:2279 2301 2302 0
2281:2279 2482 0
2282:2283 2284 0
2283:2282 2358 0
2284:2282 2492 0
2285:458 2276 2277 0
2286:2287 2288 0
2287:2286 2344 2487 0
2288:2286 2400 4842 4857 0
2289:2290 2291 0
2290:465 2289 2331 2465 0
2291:2289 2360 0
2292:2293 2294 0
2293:2292 2332 2358 0
2294:2292 2360 2431 2484 0
2295:2296 2297 0
2296:2295 2432 0
2297:2295 2299 0
2298:2299 2300 0
2299:2297 2298 2382 0
2300:465 2298 0
2301:2280 2302 2303 2304 0
2302:2280 2301 2303 2419 2439 2451 0
2303:2301 2302 2304 0
2304:2301 2303 2483 2488 2489 0
2305:2306 0
2306:454 2305 2308 0
2307:454 2308 2309 2310 2311 2312 2313 2314 2315 0
2308:454 2306 2307 2316 2317 2318 0
2309:2307 2315 0
2310:2307 0
2311:2307 2315 0
2312:2307 2314 2475 0
2313:2307 2475 0
2314:2307 2312 0
2315:2307 2309 2311 2430 2448 0
2316:2308 2317 2321 0
2317:459 2308 2316 2323 2421 2452 2453 2454 2455 0
2318:2308 2480 2481 0
2319:454 606 2320 2338 2339 2340 2341 2342 0
2320:454 2319 2340 2341 0
2321:2316 2462 0
2322:2323 2324 0
2323:2317 2322 2329 0
2324:2322 2465 0
2325:2326 0
2326:2325 2330 0
2327:2328 2329 0
2328:2327 2331 0
2329:2323 2327 0
2330:2326 2337 0
2331:2290 2328 2396 0
2332:465 2293 2432 0
2333:2334 2335 2336 0
2334:2333 2359 0
2335:2333 2423 0
2336:2333 2490 2491 2492 2493 2494 2495 0
2337:2330 2476 0
2338:2319 2339 2392 2393 2394 2395 0
2339:2319 2338 2342 2440 2441 2442 0
2340:2319 2320 2368 0
2341:2319 2320 2388 2459 0
2342:2319 2339 2347 0
2343:2344 0
2344:2287 2343 2345 2346 2347 0
2345:2344 0
2346:2344 2364 0
2347:2342 2344 2418 2419 2435 0
2348:2349 2350 0
2349:2348 2398 2429 2430 0
2350:2348 0
2351:2352 2353 0
2352:2351 2361 2456 2457 0
2353:2351 2452 0
2354:2355 2356 2357 0
2355:2354 2358 2359 2360 0
2356:2354 2375 4510 0
2357:2354 2376 0
2358:2283 2293 2355 2373 2377 2378 2379 2380 2381 0
2359:2334 2355 0
2360:2291 2294 2355 2474 0
2361:2352 2362 0
2362:2361 2422 2462 0
2363:2364 2365 0
2364:2346 2363 0
2365:2363 2497 0
2366:2367 2368 2369 0
2367:2366 2368 2449 0
2368:2340 2366 2367 2460 2461 2466 2473 0
2369:2366 2388 0
2370:2371 2372 0
2371:2370 2389 0
2372:2370 2447 2479 0
2373:2358 2374 2375 2376 0
2374:2373 0
2375:2356 2373 4650 0
2376:2357 2373 0
2377:2358 0
2378:2358 0
2379:2358 2382 0
2380:2358 2381 4534 4709 0
2381:2358 2380 2491 4525 4648 4733 0
2382:2299 2379 0
2383:2384 2385 0
2384:2383 2426 0
2385:2383 2479 0
2386:2387 2388 0
2387:2386 2418 0
2388:2341 2369 2386 2451 2459 2460 2461 0
2389:2371 2437 2447 0
2390:2391 0
2391:2390 2414 2443 2444 0
2392:2338 0
2393:2338 0
2394:2338 0
2395:606 956 2338 2469 0
2396:2331 2399 0
2397:2398 0
2398:2349 2397 0
2399:2396 2400 0
2400:2288 2399 4880 0
2401:844 2402 0
2402:2401 2411 0
2403:2404 2405 2406 2407 2408 0
2404:2403 2409 2410 0
2405:2403 0
2406:2403 0
2407:2403 2408 0
2408:2403 2407 0
2409:2404 0
2410:2404 2449 0
2411:2402 2431 0
2412:2413 0
2413:2412 2414 0
2414:2391 2413 2415 0
2415:2414 2445 2446 0
2416:2417 2418 2419 0
2417:2416 0
2418:2347 2387 2416 2435 0
2419:2302 2347 2416 0
2420:2421 2422 0
2421:2317 2420 0
2422:2362 2420 2456 0
2423:844 2335 0
2424:2425 0
2425:466 2424 0
2426:2384 2438 2463 2464 0
2427:2446 0
2428:2464 0
2429:2349 2430 0
2430:459 2315 2349 2429 2486 0
2431:2294 2411 0
2432:2296 2332 0
2433:2434 0
2434:2433 0
2435:2347 2418 0
2436:2437 2438 0
2437:2389 2436 0
2438:2426 2436 0
2439:2302 0
2440:2339 0
2441:2339 0
2442:144 2339 0
2443:2391 2444 0
2444:2391 2443 0
2445:2415 0
2446:888 2415 2427 0
2447:2372 2389 0
2448:438 2315 0
2449:2367 2410 0
2450:606 4535 4857 0
2451:2302 2388 0
2452:2317 2353 0
2453:2317 0
2454:2317 0
2455:2317 0
2456:2352 2422 0
2457:2352 2462 0
2458:2459 0
2459:2341 2388 2458 0
2460:2368 2388 0
2461:2368 2388 0
2462:2321 2362 2457 0
2463:2426 0
2464:2426 2428 2479 0
2465:2290 2324 0
2466:2368 2467 0
2467:2466 0
2468:2469 2470 0
2469:2395 2468 2471 2476 2477 0
2470:2468 0
2471:2469 2472 0
2472:605 2471 0
2473:2368 0
2474:2360 4738 0
2475:2312 2313 0
2476:2337 2469 0
2477:2469 2478 0
2478:2477 4879 4881 4883 0
2479:2372 2385 2464 0
2480:2318 0
2481:2318 0
2482:2281 0
2483:2304 0
2484:2294 4545 4568 4594 4756 0
2485:2486 0
2486:459 2430 2485 0
2487:2287 4857 0
2488:2304 0
2489:2304 0
2490:2336 0
2491:2336 2381 4680 4681 0
2492:2284 2336 0
2493:2336 2495 4680 4754 4755 0
2494:2336 4806 4807 4809 0
2495:2336 2493 4806 0
2496:844 4719 4768 4769 0
2497:2365 0
2498:2499 2500 0
2499:2498 4563 4564 4565 4566 0
2500:2498 4695 0
2501:2502 0
2502:2501 2503 2504 0
2503:2502 2603 2609 2612 2613 2614 0
2504:2502 2612 2614 2646 2732 2744 2747 0
2505:555 557 2591 2667 2668 2669 2670 2671 0
2506:555 2699 3003 3004 3005 3006 0
2507:2508 2509 0
2508:2507 2682 3110 0
2509:2507 2537 3111 0
2510:2511 2512 2513 0
2511:2510 2512 2559 2674 2678 2679 2680 0
2512:2510 2511 2523 2525 2527 2569 2594 2616 2917 0
2513:2510 3007 3008 0
2514:2515 0
2515:2514 2579 2770 2816 2817 2818 2819 2820 2821 0
2516:2517 0
2517:2516 2700 2740 2741 2748 2749 2750 2788 2929 0
2518:2519 2520 0
2519:2518 2521 0
2520:2518 0
2521:2519 2616 2925 0
2522:2523 2524 0
2523:2512 2522 2907 0
2524:2522 0
2525:2512 2540 0
2526:2636 2637 0
2527:2512 2760 0
2528:2638 2639 2904 2922 0
2529:2637 2956 0
2530:2851 2961 0
2531:2851 2962 0
2532:3024 0
2533:3077 0
2534:2792 0
2535:2728 3080 0
2536:2537 2538 2539 0
2537:2509 2536 2681 2682 2683 2684 0
2538:2536 2728 2975 0
2539:2536 2739 2750 3028 3029 0
2540:2525 2911 3036 0
2541:0
2542:0
2543:2581 2582 0
2544:2770 2771 2772 2773 0
2545:2634 2770 2777 2910 2930 2931 2932 0
2546:2972 2973 0
2547:2852 0
2548:2634 0
2549:0
2550:0
2551:3241 0
2552:2618 3301 0
2553:2554 2555 0
2554:127 2553 4252 4253 0
2555:2553 4228 4275 0
2556:2557 0
2557:2556 2558 2559 2560 2561 0
2558:2557 0
2559:2511 2557 2573 2751 2752 0
2560:2557 2734 2951 2952 0
2561:2557 2573 2639 2734 2963 2964 0
2562:2563 2564 2565 2566 2567 0
2563:2562 0
2564:2562 2568 3046 0
2565:2562 0
2566:2562 2567 2569 2938 0
2567:2562 2566 0
2568:2564 2569 2570 0
2569:2512 2566 2568 2595 2720 2721 2937 2938 0
2570:2568 0
2571:2572 2573 2574 0
2572:2571 2648 2650 2691 2716 2717 2718 0
2573:2559 2561 2571 2645 2647 2857 2858 0
2574:2571 0
2575:1491 2576 2603 2604 2605 2606 0
2576:1491 2575 3082 0
2577:1491 2578 3082 3159 3184 0
2578:1491 2577 2606 3105 3155 0
2579:2515 2580 0
2580:2579 2772 0
2581:2543 2891 3049 3050 3051 3052 3053 0
2582:2543 2953 3350 0
2583:2584 2585 2586 2587 2588 0
2584:2583 0
2585:2583 2588 2674 2675 2902 2903 0
2586:2583 2587 2624 2629 2630 2913 2919 3094 3095 0
2587:2583 2586 0
2588:2583 2585 0
2589:2590 2591 2592 0
2590:2589 2706 2767 2798 2832 0
2591:2505 2589 2631 2632 2694 2798 2860 2861 2862 0
2592:2589 3064 3065 3066 3067 0
2593:2594 0
2594:2512 2593 2595 2596 0
2595:2569 2594 2859 0
2596:2594 3071 3072 3073 3074 3075 3076 0
2597:2598 2599 2600 2601 0
2598:2597 2602 3078 0
2599:2597 2601 3097 3100 3101 3102 0
2600:2597 3097 3325 0
2601:2597 2599 0
2602:2598 2603 0
2603:2503 2575 2602 2607 2608 2609 2610 2611 0
2604:2575 0
2605:2575 3030 3031 3305 0
2606:2575 2578 3031 0
2607:2603 2673 0
2608:2603 0
2609:2503 2603 2875 2878 2884 2926 2927 0
2610:2603 2870 3040 0
2611:2603 3069 3070 3081 3082 0
2612:1372 2503 2504 2646 0
2613:2503 2646 2657 0
2614:2503 2504 2933 0
2615:2616 0
2616:2512 2521 2615 0
2617:2618 0
2618:2552 2617 2619 0
2619:2618 2940 3002 0
2620:556 2621 2622 2623 0
2621:556 2620 2669 2672 0
2622:2620 0
2623:2620 0
2624:2586 2625 2626 2627 2628 0
2625:2624 2627 2628 0
2626:2624 3272 3273 3274 0
2627:2624 2625 2628 0
2628:2624 2625 2627 0
2629:2586 0
2630:2586 0
2631:2591 2632 2633 0
2632:2591 2631 2763 2764 2765 2766 0
2633:2631 0
2634:2545 2548 2635 0
2635:2634 2834 3050 0
2636:2526 0
2637:2526 2529 2947 0
2638:2528 2639 2640 0
2639:2528 2561 2638 2687 2690 2691 2692 2693 0
2640:2638 0
2641:2642 2643 2644 0
2642:2641 2645 2651 0
2643:2641 2645 2652 0
2644:2641 2716 2980 2983 2984 2985 0
2645:2573 2642 2643 2646 2647 2648 2649 0
2646:2504 2612 2613 2645 2650 0
2647:2573 2645 2661 0
2648:2572 2645 2833 0
2649:2645 0
2650:2572 2646 2719 0
2651:2642 2652 0
2652:2643 2651 0
2653:2654 2655 0
2654:2653 2655 2741 2742 2968 3084 3085 0
2655:2653 2654 3220 3221 3222 0
2656:2657 2658 2659 0
2657:2613 2656 2660 0
2658:2656 0
2659:2656 0
2660:2657 0
2661:2647 2971 0
2662:2663 2664 2665 2666 0
2663:2662 2723 2724 2725 2726 0
2664:2662 2755 3114 3117 3118 0
2665:2662 3054 3321 0
2666:2662 3055 3323 0
2667:2505 2684 2699 0
2668:2505 3120 3124 0
2669:2505 2621 3125 0
2670:2505 2684 2784 0
2671:557 2505 0
2672:556 2621 2765 2767 2768 2769 0
2673:2607 2974 0
2674:2511 2585 2675 2676 2677 0
2675:2585 2674 0
2676:2674 2677 0
2677:2674 2676 0
2678:2511 2804 2909 0
2679:2511 2851 0
2680:2511 2935 0
2681:2537 2696 2697 2698 0
2682:2508 2537 2702 2704 0
2683:2537 2793 0
2684:2537 2667 2670 2694 2704 2783 2860 0
2685:2686 0
2686:2685 2790 0
2687:2639 2688 2689 0
2688:2687 2716 2978 2979 0
2689:2687 2980 2986 0
2690:2639 2904 3313 0
2691:2572 2639 3314 0
2692:2639 0
2693:2639 0
2694:2591 2684 2695 0
2695:2694 2739 2861 2999 3003 3085 3122 3144 0
2696:2681 0
2697:2681 0
2698:2681 0
2699:2506 2667 3003 3145 0
2700:2517 2701 2702 2703 0
2701:2700 3146 0
2702:2682 2700 3147 0
2703:2700 0
2704:2682 2684 2739 0
2705:2706 2707 2708 0
2706:2590 2705 2707 2770 2797 2798 2799 2800 2801 0
2707:2705 2706 2799 2812 2813 2814 2815 0
2708:2705 0
2709:2710 2711 2712 2713 2714 2715 0
2710:2709 2711 2714 2774 2775 2776 2777 2778 0
2711:2709 2710 2714 2908 0
2712:2709 0
2713:2709 0
2714:2709 2710 2711 0
2715:2709 0
2716:2572 2644 2688 0
2717:2572 0
2718:2572 0
2719:2650 2759 2769 2940 2948 2949 0
2720:2569 2721 2722 0
2721:2569 2720 2945 0
2722:2720 0
2723:2663 2753 2754 2755 2756 2757 2758 0
2724:2663 2725 3156 3157 0
2725:2663 2724 3156 0
2726:2663 2753 3316 0
2727:2728 2729 2730 0
2728:2535 2538 2727 2960 0
2729:2727 0
2730:2727 0
2731:2732 0
2732:2504 2731 2733 0
2733:2732 0
2734:2560 2561 2735 2736 0
2735:2734 0
2736:2734 0
2737:2738 0
2738:2737 2952 0
2739:2539 2695 2704 2999 0
2740:2517 2741 0
2741:2517 2654 2740 2742 2743 0
2742:2654 2741 0
2743:2741 0
2744:2504 2745 2746 0
2745:2744 0
2746:2744 0
2747:2504 0
2748:2517 2749 2750 0
2749:2517 2748 2750 2783 2784 2785 2786 2787 2788 0
2750:2517 2539 2748 2749 2929 3028 3029 3306 0
2751:2559 2904 2977 0
2752:2559 0
2753:2723 2726 2891 2901 0
2754:2723 2950 0
2755:2664 2723 3118 3178 0
2756:2723 3179 0
2757:2723 3326 0
2758:2723 3265 3329 0
2759:2719 0
2760:2527 2956 3016 3181 3182 3183 0
2761:2762 0
2762:2761 2924 2952 0
2763:2632 2934 0
2764:2632 2864 0
2765:2632 2672 3177 0
2766:2632 3144 3185 3186 3187 0
2767:2590 2672 2797 2826 2827 0
2768:2672 2769 2797 2928 2939 2940 2941 0
2769:2672 2719 2768 2782 0
2770:2515 2544 2545 2706 2838 2839 2840 2851 2852 0
2771:2544 2772 2773 3231 0
2772:2544 2580 2771 2773 0
2773:2544 2771 2772 3333 3334 3335 3353 0
2774:2710 2779 2780 2781 0
2775:2710 2776 2812 3063 0
2776:2710 2775 2777 3009 3255 0
2777:2545 2710 2776 2778 2841 2930 2931 3009 3255 0
2778:2710 2777 0
2779:2774 2932 0
2780:2774 2781 3103 0
2781:2774 2780 3103 0
2782:1372 2769 0
2783:2684 2749 2785 2786 2789 2790 0
2784:2670 2749 2787 0
2785:2749 2783 3192 0
2786:2749 2783 3193 0
2787:2749 2784 0
2788:2517 2749 0
2789:2783 2868 2869 0
2790:2686 2783 0
2791:2792 0
2792:2534 2791 2793 0
2793:2683 2792 2968 2969 0
2794:557 2795 2796 0
2795:2794 3121 3201 0
2796:557 2794 0
2797:2706 2767 2768 0
2798:2590 2591 2706 2828 2829 2830 2831 0
2799:2706 2707 0
2800:2706 2847 0
2801:2706 2847 0
2802:2803 0
2803:2802 2804 3116 0
2804:2678 2803 0
2805:2806 2810 3108 3109 0
2806:2805 3004 3109 3168 3191 3279 0
2807:3165 3166 3170 3278 0
2808:0
2809:3121 3266 3347 3349 0
2810:2805 0
2811:556 647 4167 0
2812:2707 2775 2815 0
2813:2707 2836 2841 2846 0
2814:2707 0
2815:2707 2812 3251 0
2816:2515 0
2817:2515 0
2818:2515 3050 3217 0
2819:2515 3050 3218 0
2820:2515 3050 3219 0
2821:2515 0
2822:557 0
2823:557 0
2824:557 3121 0
2825:557 0
2826:2767 0
2827:2767 0
2828:2798 3207 0
2829:2798 3207 0
2830:2798 0
2831:2798 0
2832:2590 3207 3210 3211 3212 3213 3214 3215 0
2833:2648 0
2834:2635 0
2835:2842 2844 2850 0
2836:2813 0
2837:2843 0
2838:2770 3228 0
2839:2770 3229 0
2840:2770 3230 0
2841:2777 2813 2846 2910 3009 3010 0
2842:2835 3258 0
2843:2837 2957 3091 3092 0
2844:2835 0
2845:0
2846:2813 2841 0
2847:2800 2801 2849 2850 3318 3319 3332 3341 3342 0
2848:2850 0
2849:2847 0
2850:2835 2847 2848 3318 3319 0
2851:2530 2531 2679 2770 2865 2910 2935 2940 2941 2944 0
2852:2547 2770 3352 0
2853:2854 2855 2856 0
2854:2853 2856 2958 2959 0
2855:2853 2958 4160 4202 0
2856:2853 2854 4204 4225 4247 4251 4300 0
2857:2573 0
2858:2573 0
2859:2595 2915 3071 0
2860:2591 2684 0
2861:2591 2695 2862 2968 3003 3085 3122 3144 3232 0
2862:2591 2861 3249 0
2863:2864 2865 2866 2867 0
2864:2764 2863 2957 0
2865:2851 2863 0
2866:2863 3239 0
2867:2863 3239 0
2868:2789 3012 0
2869:2789 0
2870:2610 2871 2872 2873 0
2871:2870 3188 0
2872:2870 3243 0
2873:2870 2875 3275 0
2874:2875 0
2875:2609 2873 2874 0
2876:2877 0
2877:2876 2878 0
2878:2609 2877 2879 0
2879:2878 3027 0
2880:2881 0
2881:2880 2926 3247 0
2882:2883 0
2883:2882 2884 0
2884:2609 2883 2885 0
2885:2884 2886 0
2886:2885 0
2887:2888 2889 2890 2891 2892 2893 2894 0
2888:2887 2891 2892 3059 3060 3061 0
2889:2887 0
2890:2887 0
2891:2581 2753 2887 2888 2892 3050 3205 3267 3268 3269 0
2892:2887 2888 2891 0
2893:2887 2894 0
2894:2887 2893 3354 0
2895:0
2896:2940 3112 0
2897:2940 3161 0
2898:0
2899:0
2900:0
2901:2753 3288 0
2902:2585 2903 0
2903:2585 2902 0
2904:2528 2690 2751 2905 2906 0
2905:2904 3308 0
2906:2904 0
2907:2523 0
2908:2711 0
2909:2678 0
2910:2545 2841 2851 0
2911:2540 2912 2921 3037 0
2912:2911 2920 2921 0
2913:2586 0
2914:2915 2916 2954 3096 0
2915:2859 2914 2916 2918 3236 3237 3238 0
2916:2914 2915 3096 0
2917:2512 0
2918:2915 0
2919:2586 0
2920:2912 0
2921:2911 2912 0
2922:2528 0
2923:2924 0
2924:2762 2923 2952 0
2925:2521 0
2926:2609 2881 3083 0
2927:1670 2609 3250 0
2928:1670 2768 2937 2939 0
2929:2517 2750 0
2930:2545 2777 3263 0
2931:2545 2777 3264 0
2932:2545 2779 0
2933:2614 0
2934:2763 0
2935:2680 2851 2936 0
2936:2935 2962 0
2937:2569 2928 3280 0
2938:2566 2569 3087 0
2939:2768 2928 2955 0
2940:2619 2719 2768 2851 2896 2897 2942 2943 0
2941:2768 2851 3286 0
2942:2940 3018 3189 3281 3282 3283 3284 3285 0
2943:2940 2973 3000 3351 0
2944:2851 2998 0
2945:2721 3287 0
2946:2947 0
2947:2637 2946 2976 0
2948:2719 2997 3356 0
2949:2719 2997 3357 0
2950:2754 3289 0
2951:2560 0
2952:2560 2738 2762 2924 0
2953:2582 3242 0
2954:2914 3290 0
2955:2939 3291 0
2956:2529 2760 3181 3223 0
2957:2843 2864 3091 3293 3294 0
2958:2854 2855 4164 4165 4167 4231 4283 4288 0
2959:2854 4368 0
2960:2728 3303 3304 0
2961:2530 3068 3295 0
2962:2531 2936 0
2963:2561 0
2964:2561 0
2965:2966 2967 0
2966:2965 3176 0
2967:2965 3045 3300 0
2968:2654 2793 2861 3144 3232 3299 0
2969:2793 3222 0
2970:2971 0
2971:2661 2970 0
2972:2546 0
2973:2546 2943 0
2974:2673 0
2975:2538 0
2976:2947 3253 0
2977:2751 0
2978:2688 2980 2981 2982 0
2979:2688 0
2980:2644 2689 2978 2987 2994 0
2981:2978 0
2982:2978 0
2983:2644 2987 2988 2989 2990 2991 2992 2993 0
2984:2644 0
2985:2644 0
2986:2689 0
2987:2980 2983 2995 2996 0
2988:2983 0
2989:2983 0
2990:2983 0
2991:2983 0
2992:2983 0
2993:2983 0
2994:2980 0
2995:2987 0
2996:2987 0
2997:2948 2949 0
2998:2944 0
2999:2695 2739 0
3000:2943 3001 0
3001:3000 0
3002:2619 0
3003:2506 2695 2699 2861 3120 3121 3122 3123 0
3004:2506 2806 3006 3168 3191 3194 0
3005:2506 0
3006:2506 3004 0
3007:2513 0
3008:2513 0
3009:2776 2777 2841 3010 3011 0
3010:2841 3009 3011 3062 3063 0
3011:3009 3010 0
3012:2868 0
3013:3014 3015 0
3014:3013 3315 0
3015:3013 3315 0
3016:2760 0
3017:0
3018:2942 3019 3020 3023 3189 3190 0
3019:3018 3020 3021 3022 3057 3190 0
3020:3018 3019 3023 3190 3276 0
3021:3019 3022 0
3022:3019 3021 0
3023:3018 3020 0
3024:2532 0
3025:559 0
3026:559 0
3027:2879 0
3028:2539 2750 3029 3309 3310 0
3029:2539 2750 3028 0
3030:2605 3031 3032 3033 3034 3035 0
3031:2605 2606 3030 3105 3148 0
3032:3030 3034 3101 3162 3163 0
3033:3030 3035 3105 3151 0
3034:3030 3032 0
3035:3030 3033 0
3036:2540 0
3037:2911 0
3038:3039 0
3039:3038 3207 3209 3212 3213 3252 0
3040:2610 0
3041:3042 3043 0
3042:3041 3043 0
3043:3041 3042 3057 3058 0
3044:558 0
3045:558 2967 3298 0
3046:2564 3047 3048 0
3047:3046 3154 0
3048:3046 3152 3153 0
3049:2581 3053 0
3050:2581 2635 2818 2819 2820 2891 3204 3205 3206 0
3051:2581 3052 0
3052:2581 3051 0
3053:2581 3049 0
3054:2665 0
3055:2666 0
3056:3057 0
3057:3019 3043 3056 3058 0
3058:3043 3057 0
3059:2888 3060 0
3060:2888 3059 0
3061:2888 0
3062:3010 3063 0
3063:2775 3010 3062 3355 0
3064:2592 0
3065:2592 0
3066:2592 0
3067:2592 0
3068:2961 0
3069:2611 3070 0
3070:2611 3069 3158 3159 3160 0
3071:2596 2859 3075 3233 3234 3235 0
3072:2596 0
3073:2596 3074 3076 0
3074:2596 3073 3076 0
3075:2596 3071 0
3076:2596 3073 3074 0
3077:2533 0
3078:2598 3079 0
3079:3078 0
3080:2535 0
3081:2611 3082 0
3082:2576 2577 2611 3081 0
3083:2926 0
3084:2654 3085 0
3085:2654 2695 2861 3084 3144 3200 0
3086:3087 3088 3089 3090 0
3087:2938 3086 3090 0
3088:3086 0
3089:3086 0
3090:3086 3087 0
3091:2843 2957 3092 3093 0
3092:2843 3091 0
3093:3091 0
3094:2586 4069 0
3095:2586 4067 0
3096:2914 2916 0
3097:2599 2600 3098 3099 3100 3101 3102 0
3098:3097 0
3099:3097 3102 0
3100:2599 3097 3101 3102 3117 0
3101:2599 3032 3097 3100 3163 3199 0
3102:2599 3097 3099 3100 3216 0
3103:2780 2781 0
3104:3105 3106 3107 0
3105:2578 3031 3033 3104 3106 3148 3155 0
3106:3104 3105 3311 3312 0
3107:3104 0
3108:2805 0
3109:2805 2806 0
3110:2508 0
3111:2509 0
3112:2896 0
3113:3114 0
3114:2664 3113 3117 0
3115:3116 0
3116:2803 3115 0
3117:2664 3100 3114 3119 0
3118:2664 2755 3178 0
3119:3117 0
3120:2668 3003 0
3121:2795 2809 2824 3003 3122 3123 3201 3266 0
3122:2695 2861 3003 3121 3123 3324 0
3123:3003 3121 3122 0
3124:2668 0
3125:2669 0
3126:3127 0
3127:3126 3338 0
3128:3129 0
3129:3128 3321 0
3130:3131 0
3131:3130 3340 0
3132:3133 0
3133:3132 3336 0
3134:3135 0
3135:3134 3340 0
3136:3137 0
3137:3136 3315 0
3138:3139 0
3139:3138 3323 0
3140:3141 0
3141:3140 3327 0
3142:3143 0
3143:3142 3337 0
3144:2695 2766 2861 2968 3085 3187 3232 0
3145:2699 0
3146:2701 0
3147:2702 0
3148:3031 3105 3149 0
3149:3148 0
3150:3151 0
3151:3033 3150 0
3152:3048 3153 0
3153:3048 3152 3154 0
3154:3047 3153 3180 3202 3203 0
3155:2578 3105 0
3156:2724 2725 0
3157:2724 0
3158:3070 0
3159:2577 3070 3160 3184 3292 0
3160:3070 3159 0
3161:2897 0
3162:3032 0
3163:3032 3101 3199 0
3164:3165 3166 3167 0
3165:2807 3164 3166 3168 3169 3170 3171 3172 0
3166:559 2807 3164 3165 3168 3169 3170 3171 3172 3175 0
3167:3164 0
3168:2806 3004 3165 3166 3191 0
3169:3165 3166 0
3170:2807 3165 3166 0
3171:3165 3166 0
3172:3165 3166 0
3173:559 0
3174:559 0
3175:3166 0
3176:2966 0
3177:2765 0
3178:2755 3118 0
3179:2756 0
3180:3154 0
3181:2760 2956 0
3182:2760 3183 0
3183:2760 3182 0
3184:2577 3159 3296 3297 0
3185:2766 0
3186:2766 0
3187:2766 3144 0
3188:2871 0
3189:2942 3018 0
3190:3018 3019 3020 0
3191:2806 3004 3168 0
3192:2785 0
3193:2786 0
3194:3004 0
3195:561 0
3196:562 0
3197:563 0
3198:560 0
3199:3101 3163 0
3200:3085 0
3201:2795 3121 0
3202:3154 0
3203:3154 0
3204:3050 3205 3206 0
3205:2891 3050 3204 3206 0
3206:3050 3204 3205 0
3207:2828 2829 2832 3039 3208 3209 3210 3211 3212 3213 0
3208:3207 3212 3259 3261 0
3209:3039 3207 3213 0
3210:2832 3207 3211 0
3211:2832 3207 3210 0
3212:2832 3039 3207 3208 3346 0
3213:2832 3039 3207 3209 3214 0
3214:2832 3213 0
3215:2832 0
3216:3102 0
3217:2818 0
3218:2819 0
3219:2820 0
3220:2655 3222 0
3221:2655 0
3222:2655 2969 3220 3345 0
3223:2956 0
3224:3225 0
3225:3224 3329 0
3226:3227 0
3227:3226 3328 0
3228:2838 0
3229:2839 0
3230:2840 0
3231:2771 0
3232:2861 2968 3144 0
3233:3071 3234 3235 0
3234:3071 3233 3235 0
3235:3071 3233 3234 3343 3344 0
3236:2915 3237 3238 0
3237:2915 3236 3238 3302 3331 3348 0
3238:2915 3236 3237 0
3239:2866 2867 3240 0
3240:3239 0
3241:2551 0
3242:2953 0
3243:2872 3244 3245 3246 0
3244:3243 3246 0
3245:3243 0
3246:3243 3244 0
3247:2881 3248 0
3248:3247 0
3249:2862 0
3250:2927 0
3251:2815 0
3252:3039 0
3253:2976 3254 0
3254:3253 0
3255:2776 2777 3262 0
3256:3257 0
3257:3256 3336 0
3258:2842 0
3259:3208 3260 3261 0
3260:3259 0
3261:3208 3259 3270 3271 0
3262:3255 0
3263:2930 0
3264:2931 0
3265:2758 0
3266:2809 3121 0
3267:2891 3268 0
3268:2891 3267 0
3269:2891 0
3270:3261 0
3271:3261 0
3272:2626 0
3273:2626 0
3274:2626 4132 0
3275:2873 0
3276:3020 0
3277:564 0
3278:2807 0
3279:2806 0
3280:2937 0
3281:2942 3282 3284 0
3282:2942 3281 3284 0
3283:2942 3285 0
3284:2942 3281 3282 0
3285:2942 3283 0
3286:2941 0
3287:2945 0
3288:2901 0
3289:2950 0
3290:2954 0
3291:2955 0
3292:3159 0
3293:2957 0
3294:2957 0
3295:2961 0
3296:3184 3297 0
3297:3184 3296 0
3298:3045 0
3299:2968 0
3300:2967 0
3301:2552 0
3302:3237 0
3303:2960 3304 0
3304:2960 3303 0
3305:2605 0
3306:2750 0
3307:3308 0
3308:2905 3307 0
3309:3028 3310 0
3310:3028 3309 0
3311:3106 0
3312:3106 0
3313:2690 0
3314:2691 0
3315:3014 3015 3137 3328 0
3316:2726 3317 0
3317:3316 0
3318:2847 2850 3319 0
3319:2847 2850 3318 3332 3342 0
3320:3321 0
3321:2665 3129 3320 0
3322:3323 0
3323:2666 3139 3322 0
3324:3122 0
3325:2600 0
3326:2757 3327 3328 0
3327:3141 3326 3340 0
3328:3227 3315 3326 0
3329:2758 3225 3330 0
3330:3329 3337 3338 0
3331:3237 0
3332:2847 3319 0
3333:2773 3334 3335 0
3334:2773 3333 3335 0
3335:2773 3333 3334 0
3336:3133 3257 3337 0
3337:3143 3330 3336 0
3338:3127 3330 3339 0
3339:3338 0
3340:3131 3135 3327 0
3341:2847 3342 0
3342:2847 3319 3341 0
3343:3235 3344 0
3344:3235 3343 0
3345:3222 0
3346:3212 0
3347:2809 0
3348:3237 0
3349:2809 0
3350:2582 0
3351:2943 0
3352:2852 0
3353:2773 0
3354:2894 0
3355:3063 0
3356:2948 0
3357:2949 0
3358:3359 3360 3361 0
3359:3358 3642 3644 3645 3648 3649 3650 0
3360:3358 3489 0
3361:3358 3423 0
3362:3363 3364 3365 3366 0
3363:3362 3367 3368 0
3364:3362 3500 3501 0
3365:3362 0
3366:3362 3412 0
3367:3363 3379 3431 3433 0
3368:3363 4530 4655 0
3369:3370 3371 3372 3373 3374 0
3370:3369 3375 3376 3377 0
3371:3369 3479 0
3372:3369 3675 0
3373:3369 3497 3740 0
3374:3369 3787 3788 0
3375:3370 3377 3413 3417 3418 3419 3420 3421 0
3376:3370 3480 0
3377:3370 3375 3423 3496 3499 0
3378:3379 3380 0
3379:3367 3378 3381 3382 3383 3384 0
3380:3378 3765 3767 0
3381:7 8 3379 3384 3486 3487 3488 3489 3490 0
3382:3379 0
3383:3379 0
3384:3379 3381 0
3385:3386 0
3386:3385 3387 3690 0
3387:3386 3388 3389 0
3388:3387 3475 0
3389:3387 3775 3830 0
3390:3391 3392 3393 0
3391:3390 0
3392:3390 3498 3809 0
3393:3390 3504 0
3394:0
3395:0
3396:0
3397:3398 0
3398:3397 3445 3655 3681 3706 0
3399:3400 3401 3402 3403 3404 3405 3406 0
3400:3399 3488 3521 3522 0
3401:3399 3662 0
3402:3399 0
3403:3399 0
3404:3399 3450 0
3405:3399 3489 3661 0
3406:3399 3446 0
3407:3408 3409 3410 3411 3412 0
3408:3407 0
3409:3407 3491 3616 0
3410:3407 3799 0
3411:3407 3492 3768 0
3412:3366 3407 3828 0
3413:3375 3414 3415 3416 0
3414:3413 3705 0
3415:3413 3702 3704 0
3416:3413 3498 3819 0
3417:3375 3563 0
3418:3375 0
3419:3375 0
3420:3375 0
3421:3375 3423 3653 3678 0
3422:3423 3424 0
3423:3361 3377 3421 3422 3425 3426 3427 3428 3429 3430 0
3424:3422 3591 0
3425:3423 3429 3466 3467 3468 0
3426:3423 3427 3440 3502 3503 0
3427:3423 3426 3484 3537 3538 3542 3543 3544 3545 0
3428:3423 3487 3567 3569 0
3429:3423 3425 0
3430:3423 3474 3738 0
3431:3367 3432 0
3432:3431 3799 0
3433:3367 3474 0
3434:3435 3436 3437 3438 0
3435:3434 3519 3555 3556 3557 3558 3559 3560 3561 3562 0
3436:3434 3595 0
3437:11 3434 3624 0
3438:3434 3520 3622 3623 0
3439:3440 3441 3442 3443 3444 3445 0
3440:3426 3439 3446 3447 3448 3449 3450 0
3441:3439 0
3442:3439 3716 0
3443:3439 3715 3759 0
3444:3439 3753 0
3445:3398 3439 0
3446:3406 3440 3486 3546 3547 3548 3549 0
3447:3440 0
3448:3440 0
3449:3440 3543 0
3450:3404 3440 0
3451:3452 3453 0
3452:3451 3711 0
3453:3451 4868 4887 0
3454:3455 3456 3457 3458 3459 0
3455:3454 3626 3650 0
3456:3454 3652 3696 3727 3728 3730 3734 0
3457:3454 3518 0
3458:3454 3518 0
3459:3454 3642 0
3460:3461 3462 3463 3464 3465 0
3461:3460 3526 3546 3572 3573 0
3462:3460 3609 3764 0
3463:3460 0
3464:3460 0
3465:3460 3527 3806 0
3466:3425 3481 3484 3485 0
3467:3425 3542 0
3468:3425 3544 0
3469:3470 3471 3472 3473 0
3470:3469 3474 3475 0
3471:3469 3697 3699 0
3472:3469 3822 0
3473:3469 3495 3699 0
3474:3430 3433 3470 3491 3494 3495 0
3475:3388 3470 3524 3525 0
3476:3477 3478 0
3477:3476 3499 3513 3514 3517 0
3478:3476 3553 3554 3676 3747 0
3479:3371 3675 3790 0
3480:3376 3787 3788 3792 3793 0
3481:3466 3482 3483 0
3482:3481 3831 0
3483:3481 3607 3687 0
3484:3427 3466 0
3485:3466 3735 0
3486:3381 3446 3562 0
3487:3381 3428 0
3488:3381 3400 0
3489:3360 3381 3405 3735 0
3490:3381 3548 0
3491:3409 3474 3492 3493 0
3492:3411 3491 0
3493:3491 3673 3829 0
3494:3474 0
3495:3473 3474 4846 0
3496:3377 3497 3498 0
3497:3373 3496 0
3498:3392 3416 3496 3563 3565 3810 3812 0
3499:3377 3477 3516 3534 4540 0
3500:3364 3767 0
3501:3364 4637 0
3502:3426 0
3503:3426 4536 4538 4712 4731 0
3504:3393 3505 3506 3507 3508 0
3505:3504 3528 3535 0
3506:3504 3672 3673 0
3507:3504 3800 0
3508:3504 4855 0
3509:3510 0
3510:3509 3811 0
3511:3512 0
3512:3511 3818 0
3513:3477 0
3514:3477 3515 3516 0
3515:3514 3676 0
3516:3499 3514 3584 0
3517:3477 3653 0
3518:11 3457 3458 3519 3520 3521 3522 3523 0
3519:3435 3518 0
3520:3438 3518 0
3521:3400 3518 0
3522:3400 3518 0
3523:3518 3657 0
3524:3475 3634 3635 0
3525:3475 4848 4872 4902 0
3526:3461 3527 0
3527:3465 3526 3621 0
3528:3505 3529 3530 3531 3532 3533 0
3529:3528 3534 0
3530:3528 3629 0
3531:3528 3631 3638 3820 0
3532:3528 3815 0
3533:3528 3827 0
3534:3499 3529 4870 0
3535:3505 3637 3780 0
3536:3537 3538 3539 3540 3541 0
3537:3427 3536 0
3538:3427 3536 0
3539:3536 0
3540:3536 3749 0
3541:3536 3749 0
3542:3427 3467 0
3543:3427 3449 0
3544:3427 3468 0
3545:3427 3760 0
3546:3446 3461 3574 0
3547:3446 3575 0
3548:3446 3490 3778 0
3549:3446 4563 4609 0
3550:3551 3552 3553 3554 0
3551:3550 3665 3666 0
3552:3550 3669 3678 3717 3718 0
3553:3478 3550 3746 0
3554:3478 3550 0
3555:3435 0
3556:3435 3598 3674 0
3557:3435 3679 0
3558:3435 3682 0
3559:3435 3755 3789 0
3560:3435 0
3561:3435 0
3562:3435 3486 0
3563:3417 3498 3564 3565 3566 0
3564:3563 3683 3795 0
3565:3498 3563 3810 3825 0
3566:3563 3825 0
3567:3428 3568 3569 3570 3571 0
3568:3567 0
3569:3428 3567 0
3570:3567 3794 3797 3821 0
3571:3567 3722 3798 0
3572:3461 0
3573:3461 3574 4690 4695 0
3574:3546 3573 3575 0
3575:3547 3574 3818 4525 4532 4533 0
3576:3577 3578 0
3577:3576 0
3578:3576 4558 4600 0
3579:3580 3581 0
3580:3579 3783 0
3581:3579 4616 4706 4707 4708 0
3582:3583 0
3583:3582 3584 3585 0
3584:3516 3583 0
3585:3583 3586 0
3586:3585 3671 0
3587:3588 3589 3590 3591 0
3588:3587 0
3589:3587 3677 3678 0
3590:3587 3670 0
3591:3424 3587 3739 0
3592:3593 0
3593:3592 3615 3774 4853 4859 4887 4898 4899 4900 0
3594:3595 0
3595:3436 3594 3596 3597 3658 3659 3674 0
3596:3595 0
3597:3595 0
3598:3556 0
3599:3600 0
3600:3599 3713 3714 0
3601:3602 3603 3604 0
3602:3601 0
3603:3601 0
3604:3601 4506 4536 0
3605:3606 0
3606:3605 3612 4873 4874 4875 0
3607:3483 0
3608:3609 0
3609:3462 3608 3784 0
3610:3611 0
3611:3610 3695 0
3612:3606 0
3613:3614 0
3614:3613 3688 3689 3690 0
3615:3593 0
3616:3409 0
3617:3618 0
3618:3617 3828 0
3619:3620 0
3620:3619 3674 0
3621:3527 0
3622:3438 0
3623:3438 0
3624:3437 0
3625:3626 3627 0
3626:3455 3625 3627 0
3627:6 3625 3626 3714 3722 0
3628:3629 3630 3631 0
3629:3530 3628 3632 3633 0
3630:3628 0
3631:3531 3628 3781 0
3632:3629 3780 0
3633:3629 3640 0
3634:3524 3635 0
3635:3524 3634 0
3636:3637 3638 0
3637:3535 3636 3700 3701 0
3638:3531 3636 0
3639:3640 0
3640:3633 3639 0
3641:3642 0
3642:3359 3459 3641 3643 3646 3647 0
3643:3642 0
3644:3359 0
3645:3359 0
3646:3642 3752 0
3647:3642 3831 0
3648:3359 3750 3751 0
3649:3359 0
3650:3359 3455 0
3651:3652 0
3652:3456 3651 0
3653:3421 3517 0
3654:3655 3656 0
3655:3398 3654 0
3656:3654 3749 0
3657:3523 0
3658:3595 3659 3660 0
3659:3595 3658 0
3660:3658 0
3661:3405 0
3662:3401 3760 0
3663:6 3664 0
3664:3663 0
3665:3551 0
3666:3551 3667 3668 3669 0
3667:3666 0
3668:3666 3748 0
3669:3552 3666 0
3670:3590 3671 0
3671:3586 3670 0
3672:3506 0
3673:3493 3506 0
3674:3556 3595 3620 0
3675:3372 3479 0
3676:3478 3515 0
3677:3589 3678 0
3678:3421 3552 3589 3677 0
3679:3557 3708 0
3680:3681 3682 0
3681:3398 3680 0
3682:3558 3680 0
3683:3564 0
3684:3685 3686 0
3685:3684 0
3686:3684 0
3687:3483 0
3688:3614 0
3689:3614 0
3690:3386 3614 3720 3832 0
3691:3692 3693 0
3692:3691 3720 3776 3777 0
3693:3691 3712 0
3694:3695 0
3695:3611 3694 0
3696:3456 0
3697:3471 3698 0
3698:3697 0
3699:3471 3473 0
3700:3637 0
3701:3637 0
3702:3415 0
3703:3704 0
3704:3415 3703 3705 0
3705:3414 3704 0
3706:3398 3736 0
3707:0
3708:3679 0
3709:3796 0
3710:3796 0
3711:3452 3775 0
3712:3693 0
3713:3600 0
3714:3600 3627 0
3715:3443 0
3716:3442 3754 0
3717:3552 3719 0
3718:3552 3747 0
3719:3717 3823 3824 0
3720:3690 3692 0
3721:3722 0
3722:3571 3627 3721 0
3723:3724 0
3724:3723 3780 0
3725:3726 3727 3728 0
3726:3725 0
3727:3456 3725 3729 0
3728:3456 3725 3732 0
3729:3727 3730 3731 0
3730:3456 3729 3732 0
3731:3729 0
3732:3728 3730 3733 0
3733:3732 0
3734:9 3456 3756 0
3735:3485 3489 0
3736:3706 3749 0
3737:3738 3739 0
3738:3430 3737 0
3739:3591 3737 0
3740:3373 0
3741:3742 0
3742:3741 3747 0
3743:3744 0
3744:3743 3746 0
3745:3746 0
3746:3553 3744 3745 3747 3748 0
3747:3478 3718 3742 3746 0
3748:3668 3746 0
3749:3540 3541 3656 3736 0
3750:3648 0
3751:3648 3794 0
3752:3646 0
3753:3444 0
3754:3716 3755 0
3755:3559 3754 0
3756:3734 0
3757:3758 3759 0
3758:3757 0
3759:3443 3757 0
3760:3545 3662 0
3761:3762 0
3762:3761 3779 3830 0
3763:3764 0
3764:3462 3763 0
3765:3380 3766 0
3766:3765 0
3767:3380 3500 0
3768:3411 0
3769:3770 3771 3772 0
3770:3769 3804 0
3771:3769 0
3772:3769 3822 0
3773:3774 0
3774:3593 3773 4885 0
3775:3389 3711 0
3776:3692 0
3777:3692 3808 0
3778:3548 0
3779:3762 0
3780:3535 3632 3724 0
3781:3631 3782 0
3782:3781 3802 3805 0
3783:3580 0
3784:3609 0
3785:3786 0
3786:3785 3800 3801 0
3787:3374 3480 0
3788:3374 3480 0
3789:3559 0
3790:3479 3791 0
3791:3790 0
3792:3480 0
3793:3480 0
3794:3570 3751 0
3795:3564 0
3796:3709 3710 0
3797:3570 0
3798:3571 0
3799:3410 3432 0
3800:3507 3786 0
3801:3786 0
3802:3782 3803 0
3803:3802 0
3804:3770 3807 0
3805:3782 0
3806:3465 0
3807:3804 3808 0
3808:3777 3807 3817 0
3809:3392 0
3810:3498 3565 0
3811:3510 3812 0
3812:3498 3811 0
3813:9 0
3814:3815 0
3815:3532 3814 0
3816:3817 0
3817:3808 3816 4845 4886 4902 0
3818:3512 3575 4533 4706 0
3819:3416 0
3820:3531 0
3821:3570 0
3822:3472 3772 0
3823:3719 0
3824:3719 0
3825:3565 3566 0
3826:3827 0
3827:3533 3826 0
3828:3412 3618 0
3829:3493 0
3830:3389 3762 0
3831:3482 3647 0
3832:3690 0
3833:3834 3835 0
3834:3833 3847 3874 0
3835:3833 3837 0
3836:3837 3838 3839 0
3837:3835 3836 3840 3860 3861 3862 3863 0
3838:3836 3871 0
3839:3836 3840 3916 3917 0
3840:3837 3839 0
3841:3842 3843 3844 0
3842:3841 3881 0
3843:3841 3918 3933 0
3844:3841 3918 0
3845:3846 3847 3848 0
3846:3845 3849 0
3847:3834 3845 0
3848:3845 3882 3883 0
3849:3846 3859 3878 3882 3898 0
3850:3851 0
3851:3850 3852 3853 3854 0
3852:3851 3855 3884 3889 3914 3915 0
3853:3851 3854 3887 0
3854:3851 3853 0
3855:3852 3856 3857 0
3856:3855 0
3857:3855 4019 0
3858:3859 0
3859:3849 3858 3860 0
3860:3837 3859 3863 0
3861:3837 0
3862:3837 0
3863:3837 3860 0
3864:3865 3866 3867 3868 3869 0
3865:3864 0
3866:3864 3870 3871 3872 0
3867:3864 3906 0
3868:3864 0
3869:3864 3898 3907 3932 4208 4209 4243 4336 4337 0
3870:807 3866 3931 0
3871:3838 3866 3873 3937 3939 3950 3985 3986 3987 3988 0
3872:3866 3932 4015 0
3873:3871 3874 0
3874:3834 3873 4027 0
3875:203 3900 0
3876:3877 3878 3879 3880 0
3877:3876 0
3878:3849 3876 3898 3901 3902 3903 3904 3905 0
3879:3876 3968 3969 0
3880:3876 3993 3994 0
3881:3842 3916 3918 0
3882:3848 3849 3885 3886 3913 3919 3927 0
3883:3848 3892 3935 3936 3970 3981 3984 0
3884:3852 3885 3886 3887 3888 3889 0
3885:3882 3884 0
3886:3882 3884 0
3887:3853 3884 3888 3909 3944 0
3888:3884 3887 0
3889:3852 3884 3967 0
3890:807 3891 3892 3893 3894 3895 0
3891:3890 3958 0
3892:3883 3890 3983 0
3893:3890 3966 3981 0
3894:3890 3925 4010 0
3895:3890 3964 4010 0
3896:807 3897 0
3897:3896 3913 0
3898:807 3849 3869 3878 3899 3906 3907 0
3899:807 3898 3928 3929 3930 0
3900:807 3875 4009 0
3901:3878 3931 3984 0
3902:3878 0
3903:3878 3968 0
3904:3878 3994 0
3905:3878 3981 0
3906:3867 3898 3908 0
3907:3869 3898 3917 0
3908:3906 3909 3910 3911 3912 0
3909:3887 3908 0
3910:3908 0
3911:3908 4004 0
3912:3908 3963 0
3913:3882 3897 0
3914:3852 0
3915:3852 3964 3965 0
3916:3839 3881 0
3917:3839 3907 3943 4006 4007 4014 4020 4021 0
3918:3843 3844 3881 3932 3933 3934 0
3919:3882 3920 3921 3922 3923 3924 3925 3926 0
3920:3919 0
3921:3919 4001 0
3922:3919 3923 0
3923:3919 3922 3925 0
3924:3919 3960 4001 0
3925:3894 3919 3923 3965 4018 0
3926:3919 0
3927:3882 0
3928:3899 0
3929:3899 0
3930:3899 0
3931:3870 3901 3952 3970 4011 4024 0
3932:3869 3872 3918 0
3933:3843 3918 0
3934:3918 3971 0
3935:3883 3936 0
3936:3883 3935 3946 0
3937:3871 3938 0
3938:3937 3939 3940 0
3939:3871 3938 3951 0
3940:3938 3987 4016 0
3941:3942 3943 0
3942:3941 4014 4015 0
3943:3917 3941 0
3944:3887 0
3945:3946 3947 0
3946:3936 3945 3948 0
3947:3945 3955 0
3948:3946 3953 3957 0
3949:3950 3951 3952 0
3950:3871 3949 0
3951:3939 3949 3986 0
3952:3931 3949 4023 0
3953:3948 3954 0
3954:3953 3970 4016 0
3955:3947 3956 3957 0
3956:3955 0
3957:3948 3955 0
3958:3891 3959 3960 0
3959:3958 0
3960:3924 3958 4022 0
3961:3962 0
3962:3961 4016 0
3963:3912 0
3964:3895 3915 3966 3967 0
3965:3915 3925 4017 0
3966:3893 3964 0
3967:3889 3964 0
3968:3879 3903 0
3969:3879 3997 4003 4004 4012 0
3970:3883 3931 3954 0
3971:3934 3972 3973 0
3972:3971 0
3973:3971 3999 0
3974:3975 3976 3977 0
3975:3974 3978 0
3976:3974 0
3977:3974 4025 0
3978:3975 3979 0
3979:3978 3980 0
3980:3979 0
3981:3883 3893 3905 3982 3983 0
3982:3981 0
3983:3892 3981 0
3984:3883 3901 0
3985:3871 3989 0
3986:3871 3951 0
3987:3871 3940 0
3988:3871 4007 0
3989:3985 4023 4026 0
3990:3991 3992 0
3991:3990 4008 4011 0
3992:3990 4012 4013 0
3993:3880 0
3994:3880 3904 4002 0
3995:3996 3997 0
3996:3995 0
3997:3969 3995 0
3998:3999 0
3999:3973 3998 4000 0
4000:3999 4005 0
4001:3921 3924 4022 0
4002:3994 0
4003:3969 4004 0
4004:3911 3969 4003 0
4005:4000 4021 0
4006:3917 4007 0
4007:3917 3988 4006 0
4008:3991 0
4009:3900 0
4010:3894 3895 0
4011:3931 3991 0
4012:3969 3992 0
4013:3992 0
4014:3917 3942 0
4015:3872 3942 0
4016:3940 3954 3962 0
4017:3965 4018 0
4018:3925 4017 4019 0
4019:3857 4018 0
4020:3917 4021 0
4021:3917 4005 4020 0
4022:3960 4001 0
4023:3952 3989 4024 0
4024:3931 4023 0
4025:3977 0
4026:3989 0
4027:3874 0
4028:4029 0
4029:4028 4047 4088 0
4030:4031 4032 4033 0
4031:4030 4054 4055 0
4032:4030 4057 0
4033:4030 4086 4118 0
4034:4035 4036 0
4035:4034 4037 0
4036:4034 4114 0
4037:4035 4038 4091 0
4038:4037 4039 0
4039:4038 4057 0
4040:4041 0
4041:4040 4077 4120 0
4042:4043 4044 0
4043:4042 4044 4096 0
4044:4042 4043 4084 4094 4115 0
4045:4046 4047 4048 4049 0
4046:4045 4049 4076 4077 4078 0
4047:4029 4045 4112 0
4048:4045 4149 0
4049:4045 4046 0
4050:4051 4052 4053 0
4051:4050 4079 4080 4081 0
4052:4050 4146 0
4053:4050 4119 0
4054:4031 4056 4057 4058 4059 4060 0
4055:4031 4063 0
4056:4054 4074 4075 0
4057:4032 4039 4054 4062 4092 4093 4094 4095 0
4058:4054 0
4059:4054 4062 0
4060:4054 4084 4116 0
4061:4062 4063 4064 0
4062:4057 4059 4061 4065 4066 0
4063:4055 4061 0
4064:4061 4113 0
4065:4062 4113 0
4066:4062 4127 0
4067:3095 4068 4069 0
4068:4067 4070 4072 4073 0
4069:3094 4067 4106 4110 4136 0
4070:4068 4071 0
4071:4070 4124 4140 0
4072:4068 4117 0
4073:4068 4075 4126 4134 0
4074:4056 0
4075:4056 4073 4094 0
4076:504 4046 4088 4099 0
4077:4041 4046 4116 4137 4138 4139 0
4078:4046 4148 0
4079:4051 0
4080:4051 0
4081:4051 4082 4084 4085 0
4082:4081 4083 0
4083:4082 4086 4087 0
4084:4044 4060 4081 4118 4128 4133 4134 0
4085:4081 4152 0
4086:4033 4083 4107 4108 0
4087:4083 4118 0
4088:4029 4076 0
4089:4090 0
4090:4089 4099 4156 0
4091:4037 4111 0
4092:4057 0
4093:4057 0
4094:4044 4057 4075 4131 0
4095:4057 0
4096:4043 4097 0
4097:4096 4117 4123 4128 4134 0
4098:605 4111 0
4099:4076 4090 0
4100:4101 4102 0
4101:4100 4119 0
4102:4100 4120 0
4103:4104 4105 0
4104:4103 4106 0
4105:4103 4129 0
4106:4069 4104 0
4107:4086 0
4108:4086 0
4109:4110 0
4110:4069 4109 4129 4132 0
4111:4091 4098 0
4112:4047 4139 4148 0
4113:4064 4065 0
4114:4036 4141 0
4115:4044 4116 0
4116:4060 4077 4115 4135 0
4117:4072 4097 4126 4134 4135 0
4118:4033 4084 4087 0
4119:4053 4101 4120 0
4120:4041 4102 4119 0
4121:4122 4123 4124 4125 0
4122:4121 4123 0
4123:4097 4121 4122 0
4124:4071 4121 0
4125:4121 4134 0
4126:4073 4117 0
4127:4066 0
4128:4084 4097 0
4129:4105 4110 4130 0
4130:4129 4136 0
4131:4094 0
4132:3274 4110 0
4133:4084 0
4134:4073 4084 4097 4117 4125 0
4135:4116 4117 0
4136:4069 4130 0
4137:4077 0
4138:4077 0
4139:4077 4112 0
4140:4071 0
4141:4114 4142 0
4142:4141 4143 0
4143:4142 4144 4145 0
4144:4143 4151 0
4145:4143 4151 0
4146:4052 0
4147:4148 4149 0
4148:4078 4112 4147 4150 0
4149:4048 4147 0
4150:4148 0
4151:4144 4145 4188 4190 0
4152:4085 4153 4154 4155 0
4153:4152 0
4154:4152 0
4155:4152 0
4156:4090 0
4157:4158 0
4158:4157 4160 4162 4163 4164 0
4159:4160 0
4160:2855 4158 4159 4161 4162 0
4161:4160 0
4162:4158 4160 4174 4175 4176 0
4163:4158 0
4164:2958 4158 4221 4261 4283 4297 0
4165:2958 4166 4167 4168 0
4166:4165 4173 4181 4304 4305 0
4167:2811 2958 4165 4172 4288 4346 4357 0
4168:4165 0
4169:4170 4171 0
4170:4169 4172 4173 0
4171:4169 4380 4381 0
4172:645 4167 4170 4173 4231 4256 4314 4326 0
4173:4166 4170 4172 4327 0
4174:4162 4202 4241 4242 4243 0
4175:4162 4176 4208 4296 0
4176:4162 4175 4208 0
4177:4178 0
4178:4177 4179 4180 4181 0
4179:4178 0
4180:4178 4305 0
4181:4166 4178 0
4182:4183 4184 0
4183:4182 4210 4211 4212 0
4184:4182 4239 0
4185:4186 4187 0
4186:4185 4210 4213 4240 4280 0
4187:4185 4371 4372 4373 4374 0
4188:4151 0
4189:4190 0
4190:4151 4189 4198 4216 4217 4218 0
4191:4192 4193 4194 4195 4196 0
4192:4191 4194 0
4193:4191 0
4194:4191 4192 4225 0
4195:4191 0
4196:4191 4366 4367 0
4197:4198 4199 4200 4201 0
4198:4190 4197 4210 4273 4274 0
4199:4197 0
4200:4197 0
4201:4197 0
4202:2855 4174 4221 4222 4223 0
4203:4204 4205 4206 4207 0
4204:2856 4203 4208 4209 0
4205:4203 0
4206:4203 0
4207:4203 0
4208:3869 4175 4176 4204 4301 0
4209:3869 4204 0
4210:4183 4186 4198 4267 4277 4278 4279 0
4211:4183 4278 4384 0
4212:4183 0
4213:4186 4214 4215 0
4214:4213 0
4215:4213 0
4216:4190 4219 0
4217:4190 4220 0
4218:4190 4272 0
4219:4216 4324 0
4220:4217 0
4221:4164 4202 4237 4259 4262 4266 0
4222:4202 4237 4257 4284 4288 0
4223:4202 4365 0
4224:541 4225 4247 0
4225:541 2856 4194 4224 4247 4358 0
4226:541 0
4227:217 4301 0
4228:530 2555 4229 4230 0
4229:528 4228 4276 0
4230:4228 0
4231:645 2958 4172 0
4232:4233 4234 4235 0
4233:4232 4236 4237 4238 0
4234:4232 0
4235:4232 0
4236:4233 4244 4245 0
4237:4221 4222 4233 4238 4281 4283 0
4238:4233 4237 0
4239:199 4184 4240 0
4240:647 4186 4239 4299 0
4241:4174 4269 4270 4271 0
4242:4174 4243 0
4243:3869 4174 4242 4338 0
4244:4236 0
4245:4236 0
4246:4247 0
4247:2856 4224 4225 4246 4248 4249 4251 0
4248:4247 0
4249:4247 4250 0
4250:4249 0
4251:2856 4247 4325 0
4252:2554 0
4253:2554 0
4254:4255 0
4255:4254 4256 0
4256:4172 4255 4306 4314 4332 0
4257:4222 4258 0
4258:645 4257 0
4259:4221 4260 4261 0
4260:4259 0
4261:4164 4259 4293 4294 4295 0
4262:4221 4263 4264 4265 0
4263:4262 4289 4290 4291 4292 0
4264:4262 0
4265:4262 0
4266:4221 4359 4360 4361 4362 4363 4364 0
4267:4210 4268 0
4268:4267 4310 4311 0
4269:4241 0
4270:4241 0
4271:4241 0
4272:617 4218 0
4273:4198 4274 4309 0
4274:4198 4273 4344 4345 0
4275:2555 0
4276:4229 0
4277:4210 4347 4348 4349 4350 4351 0
4278:4210 4211 0
4279:4210 4299 0
4280:4186 4302 4303 0
4281:4237 4282 0
4282:4281 0
4283:2958 4164 4237 4328 4329 4330 4331 0
4284:4222 4285 4286 4287 0
4285:4284 0
4286:4284 0
4287:4284 0
4288:2958 4167 4222 0
4289:4263 0
4290:4263 0
4291:4263 0
4292:4263 0
4293:4261 0
4294:4261 0
4295:4261 0
4296:4175 0
4297:4164 4298 0
4298:4297 0
4299:4240 4279 0
4300:647 2856 4301 0
4301:647 4208 4227 4300 0
4302:4280 0
4303:4280 0
4304:4166 4317 4318 4319 4320 4321 0
4305:4166 4180 4356 0
4306:4256 4307 4308 0
4307:4306 0
4308:4306 0
4309:4273 0
4310:4268 0
4311:4268 0
4312:959 0
4313:959 0
4314:4172 4256 4315 4316 0
4315:4314 4322 4323 0
4316:4314 0
4317:4304 4352 4353 4354 4355 0
4318:4304 0
4319:4304 0
4320:4304 0
4321:4304 0
4322:4315 0
4323:4315 0
4324:4219 0
4325:4251 0
4326:4172 4339 4340 4341 4342 4343 0
4327:4173 4375 4376 0
4328:4283 0
4329:4283 0
4330:4283 0
4331:4283 0
4332:4256 4333 4334 4335 0
4333:4332 0
4334:4332 0
4335:4332 0
4336:3869 0
4337:3869 0
4338:4243 0
4339:4326 0
4340:4326 0
4341:4326 0
4342:4326 0
4343:4326 0
4344:4274 0
4345:4274 0
4346:4167 0
4347:4277 0
4348:4277 0
4349:4277 0
4350:4277 0
4351:4277 0
4352:4317 0
4353:4317 0
4354:4317 0
4355:4317 0
4356:4305 4369 4370 0
4357:4167 4382 4383 0
4358:4225 0
4359:4266 0
4360:4266 0
4361:4266 0
4362:4266 0
4363:4266 0
4364:4266 0
4365:4223 0
4366:4196 0
4367:4196 0
4368:2959 0
4369:4356 0
4370:4356 0
4371:4187 0
4372:4187 0
4373:4187 0
4374:4187 4377 4378 4379 0
4375:4327 0
4376:4327 0
4377:4374 0
4378:4374 0
4379:4374 0
4380:4171 0
4381:4171 0
4382:4357 0
4383:4357 0
4384:4211 0
4385:4386 4387 4388 4389 4390 0
4386:4385 4387 4401 4422 4426 4427 4428 4429 0
4387:4385 4386 4404 4427 0
4388:4385 0
4389:4385 4390 4397 4424 4425 4433 4434 4461 4462 4464 0
4390:4385 4389 4428 4451 0
4391:4392 4393 0
4392:4391 4394 4398 0
4393:4391 4395 4398 4401 4404 4413 4439 4440 4441 0
4394:4392 4395 0
4395:4393 4394 4413 4448 0
4396:4397 0
4397:4389 4396 4409 4410 4432 4433 4434 4435 0
4398:4392 4393 4413 0
4399:4400 4401 4402 4403 4404 4405 4406 4407 4408 4409 4410 0
4400:4399 4403 4404 4407 4409 4417 0
4401:4386 4393 4399 4403 4404 4416 4418 4419 0
4402:4399 4408 4411 4413 4416 4423 0
4403:4399 4400 4401 4404 4407 4409 0
4404:4387 4393 4399 4400 4401 4403 4407 4409 4433 4435 0
4405:4399 4410 4432 4434 0
4406:4399 4411 4412 4415 4416 4449 4457 4469 4470 0
4407:4399 4400 4403 4404 4409 4433 0
4408:4399 4402 0
4409:4397 4399 4400 4403 4404 4407 4420 4421 4434 4443 0
4410:4397 4399 4405 4432 4433 4434 4435 0
4411:4402 4406 4412 4413 4414 4415 4416 0
4412:4406 4411 4452 0
4413:4393 4395 4398 4402 4411 4440 4453 0
4414:4411 4415 4445 4446 4454 4455 4456 4457 4458 4459 0
4415:4406 4411 4414 4416 4452 4455 0
4416:4401 4402 4406 4411 4415 4418 4419 4449 4457 4471 0
4417:4400 0
4418:4401 4416 4419 4430 4436 4438 4441 4457 4460 0
4419:4401 4416 4418 4426 4430 4449 4450 4455 4457 4460 0
4420:4409 4421 0
4421:345 4409 4420 4434 0
4422:4386 0
4423:4402 0
4424:402 4389 4425 4433 4434 4461 4462 4464 0
4425:402 4389 4424 4433 4434 4464 0
4426:4386 4419 4427 4431 4457 0
4427:4386 4387 4426 4428 4429 4464 0
4428:4386 4390 4427 4451 4464 4473 0
4429:4386 4427 0
4430:4418 4419 4431 0
4431:4426 4430 4468 0
4432:4397 4405 4410 4433 4434 4435 0
4433:4389 4397 4404 4407 4410 4424 4425 4432 4434 4435 4447 0
4434:4389 4397 4405 4409 4410 4421 4424 4425 4432 4433 4435 0
4435:4397 4404 4410 4432 4433 4434 0
4436:4418 0
4437:4439 0
4438:4418 0
4439:4393 4437 0
4440:4393 4413 4442 0
4441:4393 4418 0
4442:4440 0
4443:4409 0
4444:4445 0
4445:4414 4444 4446 0
4446:4414 4445 4454 4456 4458 0
4447:318 4433 4461 4462 0
4448:4395 4449 4450 0
4449:4406 4416 4419 4448 4472 0
4450:4419 4448 0
4451:4390 4428 0
4452:4412 4415 0
4453:4413 0
4454:4414 4446 4455 0
4455:4414 4415 4419 4454 4456 4457 0
4456:4414 4446 4455 4457 4458 4465 0
4457:4406 4414 4416 4418 4419 4426 4455 4456 0
4458:4414 4446 4456 4467 0
4459:4414 0
4460:4418 4419 0
4461:4389 4424 4447 0
4462:4389 4424 4447 0
4463:4464 0
4464:4389 4424 4425 4427 4428 4463 0
4465:4456 4468 0
4466:345 0
4467:4458 0
4468:4431 4465 0
4469:4406 0
4470:4406 0
4471:4416 0
4472:4449 0
4473:4428 0
4474:4475 0
4475:378 4474 4476 4477 0
4476:378 4475 4477 4487 0
4477:4475 4476 4484 4488 0
4478:4479 4480 0
4479:4478 0
4480:378 4478 0
4481:421 0
4482:4483 4484 0
4483:4482 0
4484:4477 4482 0
4485:395 0
4486:378 0
4487:1349 4476 4488 4489 0
4488:1349 4477 4487 4490 0
4489:4487 0
4490:4488 0
4491:110 0
4492:918 0
4493:918 0
4494:4495 0
4495:4494 4496 0
4496:4495 0
4497:4498 0
4498:4497 4499 0
4499:4498 0
4500:0
4501:0
4502:0
4503:0
4504:55 0
4505:4506 4507 0
4506:3604 4505 4508 4537 4546 4547 4548 0
4507:4505 4575 4682 0
4508:4506 4509 0
4509:4508 4603 0
4510:2356 4511 4512 4513 4514 0
4511:4510 4639 4640 0
4512:4510 4645 4696 4697 4713 4728 0
4513:4510 4569 4743 0
4514:4510 0
4515:4516 4517 4518 0
4516:4515 4749 0
4517:4515 4642 4747 0
4518:4515 0
4519:4520 4521 0
4520:4519 4531 0
4521:4519 4539 4721 0
4522:4523 0
4523:4522 4584 0
4524:4525 4526 4527 4528 4529 0
4525:2381 3575 4524 4530 0
4526:4524 4597 4598 4599 0
4527:4524 4729 4730 0
4528:4524 4588 0
4529:4524 4669 0
4530:3368 4525 4657 4864 4888 4889 4890 0
4531:4520 0
4532:3575 4534 4535 0
4533:3575 3818 4567 4617 0
4534:2380 4532 4710 4711 4712 0
4535:2450 4532 4847 4848 0
4536:3503 3604 0
4537:4506 4538 0
4538:3503 4537 0
4539:4521 4540 4541 0
4540:3499 4539 4542 0
4541:4539 0
4542:4540 4561 0
4543:4544 4545 0
4544:4543 4553 4667 0
4545:2484 4543 0
4546:4506 4577 0
4547:4506 4643 0
4548:4506 4634 0
4549:4550 4551 4552 0
4550:4549 4553 4554 0
4551:4549 4579 0
4552:4549 4677 0
4553:4544 4550 4719 4720 0
4554:4550 4580 4773 0
4555:4556 4557 0
4556:4555 4577 0
4557:4555 4691 4693 4694 0
4558:3578 4559 0
4559:4558 4599 0
4560:4561 4562 0
4561:4542 4560 4582 4585 4586 0
4562:4560 4674 4686 0
4563:2499 3549 4567 0
4564:2499 0
4565:2499 4678 0
4566:2499 4611 0
4567:4533 4563 0
4568:2484 4569 4570 4571 0
4569:4513 4568 0
4570:4568 4738 4739 0
4571:4568 0
4572:4573 4574 0
4573:4572 4647 0
4574:4572 4601 0
4575:4507 4576 0
4576:4575 4609 4635 0
4577:4546 4556 4827 0
4578:4579 4580 4581 0
4579:4551 4578 4580 0
4580:4554 4578 4579 0
4581:4578 4838 0
4582:4561 4583 0
4583:4582 4584 0
4584:4523 4583 4753 0
4585:4561 0
4586:4561 0
4587:4588 0
4588:4528 4587 4589 0
4589:4588 4688 4692 0
4590:4591 4592 0
4591:4590 4615 4626 4631 0
4592:4590 4612 4679 0
4593:4594 4595 0
4594:2484 4593 4596 0
4595:4593 4677 0
4596:4594 4672 0
4597:4526 4644 4669 4670 0
4598:4526 4713 0
4599:4526 4559 0
4600:3578 4742 4757 0
4601:4574 4602 0
4602:4601 4688 4733 4737 0
4603:4509 4604 4605 4606 0
4604:4603 4618 4619 4620 0
4605:4603 4731 4732 0
4606:4603 0
4607:4608 4609 4610 0
4608:4607 0
4609:3549 4576 4607 0
4610:4607 4636 0
4611:4566 4612 0
4612:4592 4611 4718 0
4613:4614 4615 4616 0
4614:4613 4617 0
4615:4591 4613 4683 4684 0
4616:3581 4613 0
4617:4533 4614 4714 0
4618:4604 4749 4766 0
4619:4604 0
4620:4604 4759 0
4621:4622 4623 0
4622:4621 4624 4625 4626 4627 4628 4629 4630 0
4623:4621 4658 0
4624:4622 0
4625:4622 4685 4725 0
4626:4591 4622 4741 0
4627:4622 4770 4772 0
4628:4622 0
4629:4622 0
4630:4622 0
4631:4591 4826 0
4632:4633 4634 0
4633:4632 4642 0
4634:4548 4632 4737 4746 0
4635:4576 4636 0
4636:4610 4635 4671 4685 0
4637:3501 4638 0
4638:4637 4655 4703 4735 4765 0
4639:4511 0
4640:4511 0
4641:4642 0
4642:4517 4633 4641 0
4643:4547 4721 0
4644:4597 4645 4646 0
4645:4512 4644 4726 0
4646:4644 0
4647:4573 4648 4649 0
4648:2381 4647 4649 4651 4704 4724 0
4649:4647 4648 4761 0
4650:2375 4651 4652 4653 4654 0
4651:4648 4650 4668 0
4652:4650 0
4653:4650 4760 0
4654:4650 4715 4724 0
4655:3368 4638 4656 4657 0
4656:4655 4702 4703 0
4657:4530 4655 4842 4844 0
4658:4623 4659 4660 4661 4662 0
4659:4658 4762 4765 0
4660:4658 0
4661:4658 0
4662:4658 0
4663:4664 4665 4666 0
4664:4663 4702 0
4665:4663 0
4666:4663 0
4667:4544 0
4668:4651 4840 0
4669:4529 4597 4670 0
4670:4597 4669 0
4671:4636 0
4672:4596 4689 4756 0
4673:4674 4675 0
4674:4562 4673 4676 0
4675:4673 0
4676:4674 0
4677:4552 4595 0
4678:4565 4679 0
4679:4592 4678 0
4680:2491 2493 4744 0
4681:2491 4780 4794 0
4682:4507 4694 0
4683:4615 0
4684:4615 0
4685:4625 4636 0
4686:4562 4687 0
4687:4686 4749 4759 0
4688:4589 4602 0
4689:4672 0
4690:3573 4691 0
4691:4557 4690 4716 0
4692:4589 0
4693:4557 0
4694:4557 4682 0
4695:2500 3573 0
4696:4512 4697 4698 4699 4700 0
4697:4512 4696 4701 0
4698:4696 0
4699:4696 0
4700:4696 0
4701:4697 4728 4750 0
4702:4656 4664 0
4703:4638 4656 4758 0
4704:4648 4705 0
4705:4704 4730 4748 0
4706:3581 3818 0
4707:3581 4714 4742 0
4708:3581 4824 4825 0
4709:2380 0
4710:4534 0
4711:4534 0
4712:3503 4534 0
4713:4512 4598 4727 4841 0
4714:4617 4707 0
4715:4654 0
4716:4691 4717 0
4717:4716 0
4718:4612 0
4719:2496 4553 4767 0
4720:4553 4835 0
4721:4521 4643 0
4722:4723 4724 0
4723:4722 0
4724:4648 4654 4722 0
4725:4625 0
4726:4645 0
4727:4713 0
4728:4512 4701 4751 0
4729:4527 0
4730:4527 4705 4740 0
4731:3503 4605 4733 4734 0
4732:4605 4747 0
4733:2381 4602 4731 0
4734:4731 4749 0
4735:4638 4736 0
4736:4735 0
4737:4602 4634 0
4738:2474 4570 4764 0
4739:4570 4836 0
4740:4730 0
4741:4626 0
4742:4600 4707 0
4743:4513 4832 0
4744:4680 4779 4784 4815 4816 0
4745:4746 0
4746:4634 4745 0
4747:4517 4732 0
4748:4705 0
4749:4516 4618 4687 4734 0
4750:4701 0
4751:4728 4752 0
4752:4751 0
4753:4584 0
4754:2493 4801 4803 4819 0
4755:2493 4796 0
4756:2484 4672 0
4757:4600 0
4758:4703 4829 0
4759:4620 4687 0
4760:4653 4839 0
4761:4649 0
4762:4659 4763 0
4763:4762 0
4764:4738 0
4765:4638 4659 0
4766:4618 0
4767:4719 0
4768:2496 0
4769:878 2496 0
4770:4627 4771 0
4771:4770 0
4772:4627 0
4773:4554 4834 4835 0
4774:4775 4776 0
4775:4774 4791 0
4776:4774 4784 0
4777:4778 4779 0
4778:4777 4789 0
4779:4744 4777 0
4780:4681 4781 0
4781:4780 4782 0
4782:4781 4783 0
4783:4782 4794 0
4784:4744 4776 4785 4786 4787 0
4785:4784 4788 4792 4797 4812 0
4786:4784 4788 0
4787:4784 0
4788:4785 4786 0
4789:4778 4790 0
4790:4789 4791 0
4791:4775 4790 0
4792:4785 4793 0
4793:4792 4795 4802 4805 4810 4811 0
4794:4681 4783 0
4795:4793 4796 0
4796:4755 4795 4803 4813 4818 0
4797:4785 4798 0
4798:4797 4802 0
4799:4800 4801 0
4800:4799 4814 0
4801:4754 4799 0
4802:4793 4798 0
4803:4754 4796 4804 0
4804:4803 4822 4823 0
4805:4793 4806 0
4806:2494 2495 4805 0
4807:2494 4808 4809 0
4808:4807 0
4809:2494 4807 4831 0
4810:4793 0
4811:4793 0
4812:4785 4813 0
4813:4796 4812 0
4814:4800 4817 0
4815:4744 4820 0
4816:4744 0
4817:4814 4818 0
4818:4796 4817 0
4819:4754 4821 0
4820:4815 4821 0
4821:4819 4820 0
4822:4804 0
4823:4804 0
4824:4708 0
4825:4708 0
4826:4631 0
4827:4577 4828 0
4828:4827 0
4829:4758 4830 0
4830:4829 0
4831:4809 0
4832:4743 0
4833:4834 0
4834:4773 4833 0
4835:4720 4773 4837 0
4836:4739 0
4837:4835 0
4838:4581 0
4839:4760 0
4840:4668 0
4841:4713 0
4842:2288 4657 4843 0
4843:4842 4845 4857 0
4844:4657 4845 0
4845:3817 4843 4844 0
4846:3495 4851 4890 0
4847:4535 4864 4867 4868 0
4848:3525 4535 4868 0
4849:4850 4851 0
4850:4849 4904 0
4851:4846 4849 4904 0
4852:4853 4854 4855 0
4853:3593 4852 4870 0
4854:4852 0
4855:3508 4852 4912 0
4856:4857 0
4857:2288 2450 2487 4843 4856 0
4858:4859 4860 4861 0
4859:3593 4858 0
4860:4858 4894 0
4861:4858 4862 0
4862:4861 4863 0
4863:4862 4895 0
4864:4530 4847 4865 4866 0
4865:4864 0
4866:4864 0
4867:4847 0
4868:3453 4847 4848 4902 0
4869:4870 0
4870:3534 4853 4869 4871 4872 0
4871:4870 4894 4897 0
4872:3525 4870 4892 0
4873:3606 4908 4909 0
4874:3606 4905 0
4875:3606 4896 0
4876:1110 4877 0
4877:141 4876 0
4878:229 4879 0
4879:2478 4878 4884 0
4880:2400 0
4881:2478 4882 0
4882:141 4881 0
4883:2478 0
4884:4879 0
4885:3774 4886 0
4886:3817 4885 0
4887:1143 3453 3593 0
4888:4530 0
4889:4530 0
4890:4530 4846 4903 0
4891:4892 4893 0
4892:4872 4891 4901 0
4893:4891 4913 0
4894:4860 4871 4895 4896 0
4895:4863 4894 0
4896:4875 4894 0
4897:141 4871 0
4898:3593 4910 0
4899:3593 0
4900:3593 4910 4913 0
4901:4892 0
4902:3525 3817 4868 0
4903:4890 0
4904:4850 4851 0
4905:1143 4874 4906 4907 0
4906:4905 4908 0
4907:4905 4911 0
4908:4873 4906 0
4909:4873 0
4910:4898 4900 0
4911:4907 0
4912:4855 0
4913:4893 4900 0
4914:878 4915 0
4915:4914 4922 0
4916:13 0
4917:13 4919 0
4918:884 4919 0
4919:4917 4918 0
4920:884 4921 0
4921:913 4920 0
4922:4915 0
