N=4912 V=6248
1:2 3 4 0
2:1 427 434 435 436 437 0
3:1 431 456 457 458 0
4:1 476 521 0
5:6 7 8 9 0
6:5 3623 3659 0
7:5 3377 0
8:5 3377 0
9:5 3730 3809 0
10:11 0
11:10 3433 3514 0
12:13 0
13:12 4906 4907 0
14:15 0
15:14 115 119 125 170 172 173 174 0
16:17 18 0
17:16 32 33 34 35 0
18:16 47 0
19:20 0
20:19 21 22 0
21:20 0
22:20 23 24 25 26 27 0
23:22 28 0
24:22 131 132 0
25:22 106 0
26:22 28 67 131 197 204 225 0
27:22 31 0
28:23 26 61 0
29:30 31 0
30:29 59 60 99 176 177 178 0
31:27 29 67 0
32:17 0
33:17 36 37 38 39 0
34:17 0
35:17 96 166 0
36:33 0
37:33 0
38:33 44 68 0
39:33 117 0
40:41 42 0
41:40 43 44 0
42:40 189 0
43:41 45 0
44:38 41 0
45:43 162 244 254 0
46:47 48 0
47:18 46 111 0
48:46 65 0
49:50 0
50:49 110 127 0
51:52 0
52:51 55 152 167 528 538 0
53:54 55 0
54:53 116 0
55:52 53 127 167 217 4494 0
56:57 58 0
57:56 93 95 128 0
58:56 221 0
59:30 60 61 62 0
60:30 59 61 0
61:28 59 60 71 225 0
62:59 0
63:64 65 0
64:63 230 0
65:48 63 0
66:67 0
67:26 31 66 94 126 153 165 183 184 0
68:38 0
69:70 71 0
70:69 71 107 176 209 0
71:61 69 70 84 188 195 225 0
72:73 74 0
73:72 130 0
74:72 77 192 0
75:76 77 0
76:75 130 0
77:74 75 176 234 0
78:79 0
79:78 80 81 0
80:79 82 83 84 85 0
81:79 91 0
82:80 86 87 88 89 90 0
83:80 134 137 139 142 143 0
84:71 80 85 0
85:80 84 0
86:82 0
87:82 0
88:82 0
89:82 101 102 103 105 0
90:82 130 191 235 0
91:81 92 0
92:91 226 0
93:57 94 95 96 97 0
94:67 93 98 0
95:57 93 0
96:35 93 262 0
97:93 210 0
98:94 227 0
99:30 100 0
100:99 159 236 238 0
101:89 0
102:89 0
103:89 104 0
104:103 162 193 247 248 249 250 0
105:89 158 178 0
106:25 107 108 0
107:70 106 187 0
108:106 195 0
109:110 0
110:50 109 127 168 606 4481 0
111:47 190 210 0
112:113 114 115 0
113:112 182 199 200 0
114:112 121 124 182 0
115:15 112 0
116:54 149 0
117:39 118 0
118:117 160 0
119:15 120 0
120:119 173 0
121:114 122 123 124 125 0
122:121 125 0
123:121 125 0
124:114 121 0
125:15 121 122 123 249 254 0
126:67 127 0
127:50 55 110 126 164 218 2550 0
128:57 129 0
129:128 130 0
130:73 76 90 129 191 211 233 0
131:24 26 0
132:24 0
133:134 0
134:83 133 135 136 140 141 0
135:134 0
136:134 0
137:83 0
138:139 0
139:83 138 144 0
140:134 1040 1106 0
141:134 1138 4867 4872 4887 0
142:83 1053 1070 1139 0
143:83 2438 0
144:139 196 197 198 0
145:146 147 0
146:145 154 156 0
147:145 222 263 0
148:149 150 151 0
149:116 148 152 0
150:148 151 201 0
151:148 150 258 0
152:52 149 175 0
153:67 0
154:146 155 156 157 0
155:154 158 159 0
156:146 154 0
157:154 241 0
158:105 155 239 240 0
159:100 155 227 0
160:118 161 0
161:160 162 0
162:45 104 161 163 0
163:162 250 1086 0
164:127 165 0
165:67 164 0
166:35 261 264 0
167:52 55 0
168:110 169 0
169:168 226 0
170:15 171 0
171:170 0
172:15 0
173:15 120 243 0
174:15 200 0
175:152 259 533 545 0
176:30 70 77 0
177:30 0
178:30 105 179 0
179:178 197 201 212 213 214 215 216 0
180:181 182 0
181:180 199 0
182:113 114 180 0
183:67 185 0
184:67 220 0
185:183 186 0
186:185 0
187:107 255 256 257 0
188:71 0
189:42 190 191 0
190:111 189 230 0
191:90 130 189 210 221 231 232 0
192:74 219 0
193:104 194 0
194:193 1037 1108 0
195:71 108 0
196:144 197 205 206 207 0
197:26 144 179 196 246 0
198:144 207 646 957 4235 0
199:113 181 235 0
200:113 174 0
201:150 179 202 0
202:201 547 3871 0
203:204 0
204:26 203 0
205:196 0
206:196 0
207:196 198 567 606 0
208:209 0
209:70 208 0
210:97 111 191 211 0
211:130 210 0
212:179 0
213:179 0
214:179 0
215:179 0
216:179 540 4223 0
217:55 0
218:127 0
219:192 220 0
220:184 219 267 0
221:58 191 0
222:147 223 224 0
223:222 242 0
224:222 239 265 0
225:26 61 71 226 227 228 0
226:92 169 225 229 0
227:98 159 225 0
228:225 4868 0
229:226 266 0
230:64 190 0
231:191 234 0
232:191 0
233:130 0
234:77 231 0
235:90 199 0
236:100 237 0
237:236 0
238:100 0
239:158 224 0
240:158 241 242 0
241:157 240 251 252 0
242:223 240 0
243:173 244 245 0
244:45 243 246 0
245:243 0
246:197 244 0
247:104 0
248:104 0
249:104 125 0
250:104 163 1052 1091 1096 0
251:241 260 0
252:241 265 0
253:254 0
254:45 125 253 0
255:187 0
256:187 0
257:187 0
258:151 259 0
259:175 258 0
260:251 261 0
261:166 260 0
262:96 0
263:147 0
264:166 0
265:224 252 0
266:229 0
267:220 0
268:269 270 271 0
269:268 309 310 314 315 316 0
270:268 376 398 0
271:268 0
272:273 274 275 0
273:272 276 277 278 0
274:272 409 0
275:272 392 420 0
276:273 278 321 322 329 387 395 0
277:273 404 405 0
278:273 276 314 376 0
279:280 281 0
280:279 282 283 284 285 286 0
281:279 333 362 410 0
282:280 286 305 318 321 368 371 372 0
283:280 0
284:280 0
285:280 372 0
286:280 282 0
287:288 289 0
288:287 289 364 385 0
289:287 288 392 397 409 0
290:291 292 0
291:290 297 366 411 0
292:290 353 422 0
293:294 0
294:293 295 300 0
295:294 296 297 298 299 0
296:295 308 324 325 326 327 0
297:291 295 322 366 380 385 0
298:295 299 0
299:295 298 366 423 0
300:294 320 406 0
301:302 0
302:301 303 0
303:302 304 305 306 307 308 0
304:303 305 306 307 308 367 0
305:282 303 304 307 329 389 0
306:303 304 307 0
307:303 304 305 306 367 368 369 370 0
308:296 303 304 327 0
309:269 310 311 312 313 0
310:269 309 0
311:309 313 315 400 0
312:309 313 0
313:309 311 312 0
314:269 278 317 0
315:269 311 0
316:269 0
317:314 4437 0
318:282 319 320 0
319:318 321 322 0
320:300 318 0
321:276 282 319 329 373 0
322:276 297 319 328 353 0
323:324 0
324:296 323 0
325:296 326 330 0
326:296 325 0
327:296 308 0
328:322 329 330 0
329:276 305 321 328 0
330:325 328 340 341 0
331:332 333 334 335 336 0
332:331 337 338 339 0
333:281 331 0
334:331 335 349 417 0
335:331 334 0
336:331 0
337:332 340 341 0
338:332 349 0
339:332 345 346 410 0
340:330 337 0
341:330 337 0
342:343 344 0
343:342 400 401 0
344:342 4413 4456 0
345:339 346 0
346:339 345 0
347:348 0
348:347 383 384 390 0
349:334 338 0
350:351 0
351:350 352 353 0
352:351 414 0
353:292 322 351 355 379 0
354:355 0
355:353 354 356 357 359 360 361 0
356:355 0
357:355 358 0
358:357 0
359:355 0
360:355 0
361:355 379 402 0
362:281 363 0
363:362 0
364:288 365 0
365:364 395 396 0
366:291 297 299 0
367:304 307 368 369 370 0
368:282 307 367 369 370 0
369:307 367 368 370 372 0
370:307 367 368 369 386 0
371:282 0
372:282 285 369 0
373:321 1257 1411 0
374:375 0
375:374 376 377 0
376:270 278 375 412 0
377:375 4465 4466 4470 4476 0
378:379 0
379:353 361 378 0
380:297 0
381:382 0
382:381 383 0
383:348 382 384 0
384:348 383 407 414 0
385:288 297 0
386:370 0
387:276 388 0
388:387 0
389:305 0
390:348 0
391:392 393 394 0
392:275 289 391 409 418 419 0
393:391 0
394:391 4475 0
395:276 365 397 0
396:365 403 0
397:289 395 0
398:270 399 0
399:398 1152 1158 1248 1344 1346 0
400:311 343 0
401:343 4416 4417 0
402:361 0
403:396 0
404:277 0
405:277 0
406:300 421 0
407:384 408 0
408:407 0
409:274 289 392 0
410:281 339 415 416 0
411:291 0
412:376 413 0
413:412 0
414:352 384 0
415:410 0
416:410 0
417:334 0
418:392 0
419:392 0
420:275 4471 0
421:406 0
422:292 0
423:299 0
424:425 426 427 428 429 430 0
425:424 431 432 433 0
426:424 436 506 0
427:2 424 0
428:424 429 506 0
429:424 428 487 0
430:424 483 0
431:3 425 433 452 453 0
432:425 433 450 463 502 503 0
433:425 431 432 0
434:2 0
435:2 0
436:2 426 0
437:2 2444 0
438:439 0
439:438 447 490 494 507 0
440:441 0
441:440 476 0
442:443 0
443:442 444 445 446 447 0
444:443 448 449 450 451 0
445:443 454 455 0
446:443 473 0
447:439 443 0
448:444 451 466 467 468 469 470 0
449:444 472 0
450:432 444 484 500 0
451:444 448 508 0
452:431 459 460 461 462 463 464 465 0
453:431 2302 2303 2304 2315 2316 0
454:445 507 516 0
455:445 472 474 0
456:3 477 496 0
457:3 897 2281 0
458:3 2313 2426 2482 0
459:452 0
460:452 0
461:452 0
462:452 0
463:432 452 465 496 0
464:452 2286 2296 2328 0
465:452 463 2421 0
466:448 0
467:448 0
468:448 478 479 0
469:448 511 512 513 0
470:448 497 514 0
471:472 0
472:449 455 471 473 474 0
473:446 472 508 509 510 0
474:455 472 0
475:476 0
476:4 441 475 477 0
477:456 476 519 0
478:468 0
479:468 1505 1536 0
480:481 482 0
481:480 514 0
482:480 1587 0
483:430 484 485 486 487 488 489 0
484:450 483 0
485:483 0
486:483 505 0
487:429 483 505 0
488:483 494 501 0
489:483 493 501 0
490:439 491 492 493 494 0
491:490 0
492:490 500 0
493:489 490 0
494:439 488 490 0
495:496 0
496:456 463 495 0
497:470 498 499 0
498:497 1437 1796 0
499:497 0
500:450 492 501 0
501:488 489 500 0
502:432 504 0
503:432 4072 0
504:502 1357 0
505:486 487 0
506:426 428 0
507:439 454 515 0
508:451 473 0
509:473 0
510:473 514 524 0
511:469 0
512:469 523 0
513:469 1592 1651 0
514:470 481 510 0
515:507 0
516:454 0
517:518 0
518:517 519 520 0
519:477 518 0
520:518 522 0
521:4 522 0
522:520 521 0
523:512 0
524:510 0
525:526 527 0
526:525 535 539 540 0
527:525 540 4225 0
528:52 529 0
529:528 4224 0
530:531 0
531:530 532 533 0
532:531 535 538 0
533:175 531 538 542 546 0
534:535 536 537 0
535:526 532 534 0
536:534 538 549 0
537:534 542 0
538:52 532 533 536 0
539:526 550 0
540:216 526 527 4220 4221 4222 0
541:542 543 544 545 0
542:533 537 541 543 548 549 0
543:541 542 0
544:541 548 0
545:175 541 0
546:533 547 0
547:202 546 689 0
548:542 544 0
549:536 542 0
550:539 0
551:552 553 0
552:551 1478 0
553:551 1423 1468 0
554:2501 2502 0
555:559 2616 2617 2668 2807 0
556:2501 2667 2790 2792 2818 2819 2820 2821 0
557:3040 3041 0
558:3021 3022 3162 3169 3170 0
559:555 3194 0
560:3191 0
561:3192 0
562:3193 0
563:3273 0
564:565 0
565:564 566 567 568 0
566:565 576 0
567:207 565 619 632 646 0
568:565 611 0
569:570 0
570:569 571 572 573 574 0
571:570 0
572:570 609 610 611 0
573:570 611 639 0
574:570 611 642 643 644 0
575:576 577 0
576:566 575 577 611 620 636 638 0
577:575 576 591 595 596 0
578:579 580 581 0
579:578 582 627 628 629 630 631 0
580:578 582 623 633 634 635 0
581:578 584 630 0
582:579 580 583 0
583:582 584 631 0
584:581 583 0
585:586 587 588 0
586:585 630 631 0
587:585 0
588:585 0
589:590 0
590:589 630 631 641 0
591:577 592 593 594 595 596 0
592:591 0
593:591 0
594:591 595 596 0
595:577 591 594 0
596:577 591 594 629 0
597:0
598:599 0
599:598 601 0
600:601 0
601:599 600 602 603 605 0
602:601 0
603:601 604 0
604:603 2468 4094 0
605:601 2315 2391 2446 0
606:110 207 607 608 0
607:606 917 921 0
608:606 0
609:572 612 0
610:572 613 0
611:568 572 573 574 576 614 619 620 0
612:609 613 617 0
613:610 612 618 0
614:611 615 616 0
615:614 0
616:614 4268 0
617:612 0
618:613 0
619:567 611 0
620:576 611 645 0
621:622 623 624 0
622:621 625 626 0
623:580 621 0
624:621 0
625:622 0
626:622 635 639 0
627:579 632 0
628:579 632 0
629:579 596 0
630:579 581 586 590 0
631:579 583 586 590 0
632:567 627 628 0
633:580 637 0
634:580 637 0
635:580 626 640 0
636:576 637 0
637:633 634 636 638 0
638:576 637 0
639:573 626 640 0
640:635 639 0
641:590 0
642:574 0
643:574 0
644:574 4168 4227 4254 0
645:620 0
646:198 567 957 2807 4236 4296 4297 0
647:648 649 650 651 0
648:647 685 704 708 712 735 0
649:647 0
650:647 0
651:647 0
652:653 654 655 0
653:652 668 669 670 671 0
654:652 0
655:652 670 752 0
656:657 0
657:656 658 659 0
658:657 686 693 694 695 696 0
659:657 710 712 715 0
660:661 662 0
661:660 769 0
662:660 717 750 774 790 791 0
663:664 0
664:663 775 798 800 801 0
665:666 667 0
666:665 669 676 0
667:665 718 0
668:653 0
669:653 666 672 673 674 675 0
670:653 655 716 717 0
671:653 757 758 0
672:669 675 728 763 0
673:669 675 725 763 0
674:669 745 772 773 0
675:669 672 673 750 763 777 778 779 0
676:666 716 718 719 720 0
677:678 0
678:677 679 680 681 682 683 0
679:678 724 725 0
680:678 725 730 731 732 0
681:678 731 0
682:678 750 776 0
683:678 0
684:685 0
685:648 684 690 697 698 699 700 701 702 0
686:658 687 688 689 0
687:686 0
688:686 0
689:547 686 709 763 767 785 0
690:685 691 692 0
691:690 0
692:690 734 735 0
693:658 0
694:658 0
695:658 708 733 0
696:658 0
697:685 0
698:685 0
699:685 0
700:685 0
701:685 0
702:685 0
703:704 0
704:648 703 705 706 707 0
705:704 708 709 0
706:704 0
707:704 714 784 0
708:648 695 705 753 765 766 767 0
709:689 705 770 0
710:659 0
711:712 0
712:648 659 711 713 714 0
713:712 0
714:707 712 768 0
715:659 766 802 803 0
716:670 676 0
717:662 670 0
718:667 676 0
719:676 742 743 0
720:676 774 0
721:722 0
722:721 723 0
723:722 728 737 749 750 751 0
724:679 0
725:673 679 680 737 740 0
726:727 0
727:726 728 729 0
728:672 723 727 751 762 0
729:727 791 809 0
730:680 0
731:680 681 739 764 0
732:680 750 0
733:695 0
734:692 0
735:648 692 787 0
736:737 0
737:723 725 736 738 739 740 0
738:737 741 0
739:731 737 782 783 0
740:725 737 799 0
741:738 0
742:719 0
743:719 755 759 0
744:745 746 747 748 0
745:674 744 747 0
746:744 792 794 0
747:744 745 758 796 0
748:744 788 806 0
749:723 0
750:662 675 682 723 732 751 756 0
751:723 728 750 780 0
752:655 0
753:708 0
754:755 0
755:743 754 756 0
756:750 755 781 0
757:671 0
758:671 747 771 0
759:743 0
760:761 0
761:760 0
762:728 0
763:672 673 675 689 785 805 0
764:731 0
765:708 0
766:708 715 795 0
767:689 708 810 0
768:714 0
769:661 0
770:709 0
771:758 0
772:674 0
773:674 0
774:662 720 0
775:664 0
776:682 0
777:675 0
778:675 0
779:675 0
780:751 0
781:756 0
782:739 0
783:739 807 0
784:707 0
785:689 763 786 0
786:785 0
787:735 0
788:748 789 0
789:788 0
790:662 0
791:662 729 808 0
792:746 793 0
793:792 0
794:746 0
795:766 0
796:747 0
797:798 0
798:664 797 0
799:740 0
800:664 0
801:664 0
802:715 0
803:715 0
804:0
805:763 3866 3886 3892 3894 3895 3896 0
806:748 0
807:783 0
808:791 0
809:729 0
810:767 0
811:812 813 814 0
812:811 815 816 817 818 0
813:811 837 838 0
814:811 818 828 857 0
815:812 816 835 836 837 0
816:812 815 817 839 840 0
817:812 816 847 848 850 851 0
818:812 814 820 908 0
819:820 0
820:818 819 822 830 831 832 0
821:822 823 824 825 0
822:820 821 826 827 828 829 0
823:821 824 827 856 0
824:821 823 834 856 858 859 0
825:821 859 878 0
826:822 0
827:822 823 857 0
828:814 822 877 0
829:822 878 889 900 0
830:820 0
831:820 897 0
832:820 883 900 1562 0
833:834 0
834:824 833 845 846 859 874 879 880 0
835:815 0
836:815 0
837:813 815 0
838:813 841 0
839:816 842 0
840:816 873 876 0
841:838 842 0
842:839 841 2397 2419 2492 0
843:844 845 846 0
844:843 860 861 0
845:834 843 851 883 0
846:834 843 849 851 863 881 898 899 0
847:817 0
848:817 849 0
849:846 848 851 0
850:817 852 853 854 855 0
851:817 845 846 849 0
852:850 906 0
853:850 907 0
854:850 867 0
855:850 867 0
856:823 824 857 0
857:814 827 856 0
858:824 0
859:824 825 834 884 0
860:844 874 875 0
861:844 910 0
862:863 0
863:846 862 0
864:865 0
865:864 867 869 872 873 0
866:867 0
867:854 855 865 866 868 0
868:867 0
869:865 870 871 0
870:869 873 0
871:869 0
872:865 0
873:840 865 870 0
874:834 860 0
875:860 909 0
876:840 4759 4904 0
877:828 885 0
878:825 829 892 893 0
879:834 0
880:834 894 0
881:846 882 0
882:881 4908 4910 0
883:832 845 895 896 0
884:859 0
885:877 886 0
886:885 2442 0
887:888 0
888:887 889 890 891 0
889:829 888 0
890:888 903 904 905 0
891:888 1431 0
892:878 0
893:878 902 0
894:880 0
895:883 0
896:883 900 1247 1549 1599 1600 0
897:457 831 0
898:846 901 0
899:846 0
900:829 832 896 0
901:898 0
902:893 903 0
903:890 902 905 0
904:890 0
905:890 903 1355 1356 0
906:852 1562 0
907:853 1562 0
908:818 0
909:875 910 0
910:861 909 911 0
911:910 4911 0
912:913 914 0
913:912 915 916 0
914:912 962 963 0
915:913 922 923 0
916:913 925 4482 4483 0
917:607 918 919 920 0
918:917 920 931 0
919:917 995 0
920:917 918 0
921:607 948 949 950 0
922:915 939 0
923:915 945 0
924:925 0
925:916 924 0
926:940 965 979 991 0
927:0
928:0
929:930 999 0
930:929 947 1003 1006 0
931:918 0
932:0
933:0
934:0
935:0
936:0
937:0
938:0
939:922 940 941 942 943 944 0
940:926 939 944 959 960 983 985 989 990 0
941:939 958 0
942:939 0
943:939 995 1003 1004 0
944:939 940 996 0
945:923 946 947 0
946:945 947 1007 0
947:930 945 946 0
948:921 951 986 0
949:921 995 1000 0
950:921 1001 0
951:948 952 0
952:951 953 0
953:952 954 0
954:953 2391 0
955:956 0
956:955 957 0
957:198 646 956 4308 4309 0
958:941 959 960 961 0
959:940 958 0
960:940 958 0
961:958 0
962:914 964 965 966 967 968 969 970 971 0
963:914 986 0
964:962 972 973 0
965:926 962 989 0
966:962 0
967:962 970 0
968:962 997 0
969:962 994 1006 0
970:962 967 986 0
971:962 1010 1011 0
972:964 974 975 976 977 978 0
973:964 0
974:972 0
975:972 0
976:972 0
977:972 0
978:972 0
979:926 980 981 982 0
980:979 0
981:979 0
982:979 0
983:940 984 0
984:983 0
985:940 0
986:948 963 970 987 988 0
987:986 1002 0
988:986 992 1000 1001 1008 1009 0
989:940 965 990 996 997 0
990:940 989 997 998 0
991:926 0
992:988 993 994 0
993:992 997 1008 0
994:969 992 1005 0
995:919 943 949 1000 0
996:944 989 1005 0
997:968 989 990 993 0
998:990 1016 1017 0
999:929 1002 0
1000:949 988 995 1001 1004 1007 0
1001:950 988 1000 1007 1009 0
1002:987 999 1007 0
1003:930 943 0
1004:943 1000 0
1005:994 996 1006 1007 0
1006:930 969 1005 0
1007:946 1000 1001 1002 1005 0
1008:988 993 0
1009:988 1001 0
1010:971 1012 1013 0
1011:971 1014 1015 0
1012:1010 0
1013:1010 0
1014:1011 0
1015:1011 0
1016:998 1018 1019 0
1017:998 1020 1021 0
1018:1016 0
1019:1016 0
1020:1017 0
1021:1017 0
1022:1023 1024 0
1023:1022 1029 0
1024:1022 0
1025:1026 1027 1028 0
1026:1025 1028 0
1027:1025 1029 0
1028:1025 1026 1051 1092 0
1029:1023 1027 1042 1043 0
1030:1031 1032 1033 0
1031:1030 0
1032:1030 1077 0
1033:1030 1071 1074 1076 1111 0
1034:1035 1036 1037 1038 0
1035:1034 1039 1040 1041 0
1036:1034 1079 1080 0
1037:194 1034 0
1038:1034 1110 0
1039:1035 1080 1125 0
1040:140 1035 0
1041:1035 0
1042:1029 1044 1045 0
1043:1029 1115 1117 0
1044:1042 1054 0
1045:1042 1052 1081 0
1046:1047 1048 1049 0
1047:1046 1049 1050 1051 0
1048:1046 1120 0
1049:1046 1047 1051 1121 0
1050:1047 1052 1053 0
1051:1028 1047 1049 0
1052:250 1045 1050 1094 1096 0
1053:142 1050 0
1054:1044 0
1055:1056 1057 1058 1059 1060 0
1056:1055 1061 1062 1063 0
1057:1055 1061 1064 1065 0
1058:1055 1090 0
1059:1055 1104 1105 0
1060:1055 1103 0
1061:1056 1057 1066 1067 1068 0
1062:1056 1082 0
1063:1056 1095 0
1064:1057 1066 1097 0
1065:1057 1103 1116 1141 0
1066:1061 1064 1095 1098 0
1067:1061 0
1068:1061 1095 0
1069:1070 1071 1072 1073 1074 0
1070:142 1069 1075 1076 0
1071:1033 1069 1102 0
1072:1069 1100 1131 0
1073:1069 1100 1131 0
1074:1033 1069 1142 0
1075:1070 1078 0
1076:1033 1070 1088 0
1077:1032 1085 1092 1099 0
1078:1075 0
1079:1036 0
1080:1036 1039 1108 0
1081:1045 1082 1083 0
1082:1062 1081 1083 1105 0
1083:1081 1082 1141 0
1084:1085 1086 0
1085:1077 1084 1091 1092 0
1086:163 1084 1114 0
1087:1088 1089 0
1088:1076 1087 1102 0
1089:1087 1112 0
1090:1058 1095 0
1091:250 1085 0
1092:1028 1077 1085 1121 1130 0
1093:1094 1095 0
1094:1052 1093 1096 0
1095:1063 1066 1068 1090 1093 1120 1132 0
1096:250 1052 1094 0
1097:1064 1118 0
1098:1066 0
1099:1077 0
1100:1072 1073 1101 0
1101:1100 1127 1129 1139 0
1102:1071 1088 0
1103:1060 1065 0
1104:1059 1105 0
1105:1059 1082 1104 1116 0
1106:140 1107 0
1107:1106 4866 0
1108:194 1080 1109 0
1109:1108 0
1110:1038 0
1111:1033 1112 1113 0
1112:1089 1111 1113 0
1113:1111 1112 1142 0
1114:1086 0
1115:1043 0
1116:1065 1105 0
1117:1043 0
1118:1097 1119 0
1119:1118 0
1120:1048 1095 0
1121:1049 1092 0
1122:0
1123:0
1124:0
1125:1039 0
1126:1127 1128 0
1127:1101 1126 1129 0
1128:1126 1129 1131 0
1129:1101 1127 1128 1131 0
1130:1092 0
1131:1072 1073 1128 1129 0
1132:1095 0
1133:0
1134:1140 0
1135:0
1136:0
1137:0
1138:141 0
1139:142 1101 0
1140:1134 4877 4895 0
1141:1065 1083 0
1142:1074 1113 1143 0
1143:1142 0
1144:1145 1146 1147 1148 1149 0
1145:1144 1150 0
1146:1144 1150 0
1147:1144 1879 1880 0
1148:1144 1998 0
1149:1144 1879 0
1150:1145 1146 1389 1754 0
1151:1152 1153 1154 1155 1156 0
1152:399 1151 1159 0
1153:1151 1348 1445 0
1154:1151 1614 0
1155:1151 2007 0
1156:1151 2010 0
1157:1158 0
1158:399 1157 1249 0
1159:1152 1223 1229 1231 1245 1246 1247 1248 1249 1250 0
1160:1161 1162 1163 0
1161:1160 1749 0
1162:1160 2154 0
1163:1160 1797 0
1164:1165 1166 1167 0
1165:1164 1168 0
1166:1164 1168 1791 1792 0
1167:1164 1330 1987 0
1168:1165 1166 1333 1334 1607 1640 1793 1794 0
1169:1170 1171 1172 1173 1174 1175 1176 0
1170:1169 1177 1178 0
1171:1169 1172 0
1172:1169 1171 1209 0
1173:1169 1386 1639 1660 0
1174:1169 1608 0
1175:1169 1607 0
1176:1169 1923 1924 0
1177:1170 1606 1611 0
1178:1170 1466 1742 1753 1754 1755 1756 0
1179:1180 1181 1182 0
1180:1179 1888 0
1181:1179 1997 0
1182:1179 1665 0
1183:1184 1185 1186 1187 1188 1189 1190 0
1184:1183 1191 1192 0
1185:1183 1191 1485 1496 1497 0
1186:1183 1526 1527 0
1187:1183 1629 1630 1631 0
1188:1183 1547 1678 0
1189:1183 1363 0
1190:1183 1903 1904 1905 1906 1907 1908 1909 1910 0
1191:1184 1185 1368 0
1192:1184 1201 1313 1353 1611 1629 1677 0
1193:1194 1195 1196 0
1194:1193 1197 0
1195:1193 1196 1246 1378 1423 1440 1444 0
1196:1193 1195 1505 1584 1764 1856 1857 1858 0
1197:1194 1198 1199 0
1198:1197 1537 0
1199:1197 1440 0
1200:0
1201:1192 1202 1203 1204 1205 0
1202:1201 0
1203:1201 1204 1313 1314 1410 1584 0
1204:1201 1203 1650 1662 1663 0
1205:1201 1313 1321 1353 1699 0
1206:1207 0
1207:1206 1874 0
1208:1209 1210 1211 0
1209:1172 1208 0
1210:1208 1917 0
1211:1208 1364 0
1212:1213 1214 1215 0
1213:1212 1780 1860 0
1214:1212 1926 0
1215:1212 0
1216:1217 1218 1219 0
1217:1216 0
1218:1216 1236 1237 1254 1258 1810 0
1219:1216 0
1220:1221 0
1221:1220 1268 1269 1270 1271 1272 1273 1274 0
1222:1223 1224 1225 1226 1227 1228 0
1223:1159 1222 1229 1230 0
1224:1222 1229 1231 1232 1233 1234 0
1225:1222 1244 0
1226:1222 1234 1748 1749 0
1227:1222 1548 0
1228:1222 1491 1519 1563 1591 1841 0
1229:1159 1223 1224 1235 0
1230:1223 1263 1266 1267 0
1231:1159 1224 1239 1240 1241 1242 1243 1244 0
1232:1224 1548 0
1233:1224 1551 0
1234:1224 1226 0
1235:1229 1360 1749 0
1236:1218 1237 1238 0
1237:1218 1236 1673 1674 1675 1676 0
1238:1236 1292 0
1239:1231 1241 1315 0
1240:1231 1246 1457 1458 1459 0
1241:1231 1239 1854 0
1242:1231 2011 0
1243:1231 2037 0
1244:1225 1231 2225 0
1245:1159 1251 0
1246:1159 1195 1240 1250 1406 1410 1460 1461 1462 1463 0
1247:896 1159 1267 1360 1590 1729 1730 0
1248:399 1159 1797 0
1249:1158 1159 0
1250:1159 1246 1551 0
1251:1245 1513 1562 1599 0
1252:1253 1254 1255 1256 0
1253:1252 1257 1258 0
1254:1218 1252 1259 1260 1261 1262 0
1255:1252 1256 1259 2246 0
1256:1252 1255 0
1257:373 1253 1479 1480 0
1258:1218 1253 1343 1673 1727 0
1259:1254 1255 1262 1480 0
1260:1254 2237 2238 0
1261:1254 2246 0
1262:1254 1259 2256 2257 0
1263:1230 1264 1265 0
1264:1263 1638 0
1265:1263 1763 0
1266:1230 1592 1721 0
1267:1230 1247 1761 0
1268:1221 0
1269:1221 1498 0
1270:1221 1746 0
1271:1221 1703 2074 0
1272:1221 1560 2108 0
1273:1221 1875 0
1274:1221 2021 0
1275:1276 1277 1278 1279 1280 1281 0
1276:1275 1282 1283 0
1277:1275 1282 1421 1623 1624 1625 0
1278:1275 1379 1417 1419 1420 1531 1532 1835 1878 0
1279:1275 1830 0
1280:1275 1531 0
1281:1275 1421 0
1282:1276 1277 1626 0
1283:1276 1421 1424 0
1284:1285 1286 1287 1288 1289 0
1285:1284 1290 1291 0
1286:1284 1362 1561 0
1287:1284 1309 1716 0
1288:1284 1583 1681 1759 1795 0
1289:1284 1929 1930 0
1290:1285 1299 1398 1399 0
1291:1285 1488 1526 1677 1807 1808 1809 0
1292:1238 1293 1294 1295 1296 1297 0
1293:1292 1340 1817 1818 1819 1820 1821 1822 1823 1824 0
1294:1292 2114 0
1295:1292 1454 0
1296:1292 2230 0
1297:1292 2206 0
1298:1299 1300 1301 1302 1303 0
1299:1290 1298 1304 1305 1306 1307 1308 1309 1310 1311 0
1300:1298 1402 1403 0
1301:1298 0
1302:1298 2017 0
1303:1298 1845 0
1304:1299 1312 1313 1314 0
1305:1299 1312 1383 1384 0
1306:1299 0
1307:1299 1588 0
1308:1299 1681 1682 0
1309:1287 1299 1374 1692 1693 1694 1695 0
1310:1299 1572 0
1311:1299 1335 0
1312:1304 1305 0
1313:1192 1203 1205 1304 1354 1605 0
1314:1203 1304 1611 1692 1745 0
1315:1239 0
1316:1317 1318 1319 0
1317:1316 1530 1531 1532 0
1318:1316 1738 1833 1835 0
1319:1316 1744 1753 0
1320:1321 0
1321:1205 1320 0
1322:1323 1324 0
1323:1322 1437 1937 0
1324:1322 1938 0
1325:1326 0
1326:1325 1333 1334 1335 1336 0
1327:1328 1329 0
1328:1327 2171 0
1329:1327 2197 0
1330:1167 1331 1332 0
1331:1330 1881 0
1332:1330 1966 0
1333:1168 1326 1813 0
1334:1168 1326 1814 0
1335:1311 1326 1581 1648 1745 0
1336:1326 1706 0
1337:1338 1339 1340 1341 1342 1343 0
1338:1337 1493 1494 0
1339:1337 1453 1719 0
1340:1293 1337 1494 1720 1727 1825 1826 0
1341:1337 1627 1719 1827 0
1342:1337 1944 1945 1946 1947 1948 1949 0
1343:1258 1337 0
1344:399 1345 0
1345:1344 1347 0
1346:399 4477 4478 0
1347:1345 1348 0
1348:1153 1347 0
1349:1350 0
1350:1349 1351 1352 0
1351:1350 1447 1451 0
1352:1350 1414 1622 0
1353:1192 1205 1354 0
1354:1313 1353 1366 1367 1582 1583 0
1355:905 1762 0
1356:905 1761 0
1357:504 1367 1582 0
1358:1359 1360 0
1359:1358 1361 0
1360:1235 1247 1358 0
1361:1359 2176 0
1362:1286 1363 0
1363:1189 1362 0
1364:1211 1365 0
1365:1364 1850 0
1366:1354 1367 1368 1369 0
1367:1354 1357 1366 1622 1666 0
1368:1191 1366 1575 0
1369:1366 2608 2778 0
1370:1371 1372 1373 0
1371:1370 1381 1382 0
1372:1370 1848 0
1373:1370 1980 1981 1982 0
1374:1309 1375 1376 0
1375:1374 1578 1579 1580 1581 0
1376:1374 1579 1989 1990 0
1377:1378 1379 1380 0
1378:1195 1377 1444 1500 1786 1787 1789 0
1379:1278 1377 1423 1471 1473 0
1380:1377 0
1381:1371 1608 1693 1757 1811 1812 0
1382:1371 0
1383:1305 0
1384:1305 0
1385:1386 1387 1388 1389 1390 1391 1392 1393 0
1386:1173 1385 0
1387:1385 1388 1684 0
1388:1385 1387 1470 1725 0
1389:1150 1385 1473 1541 1616 1737 1742 1743 0
1390:1385 1684 1816 0
1391:1385 1423 1471 0
1392:1385 2002 0
1393:1385 2000 2001 0
1394:1395 0
1395:1394 1396 1397 0
1396:1395 1635 1839 1840 0
1397:1395 1787 0
1398:1290 1801 0
1399:1290 1898 1959 2003 2004 0
1400:1401 0
1401:1400 1550 0
1402:1300 1845 1846 1847 0
1403:1300 2115 0
1404:1405 0
1405:1404 1406 1410 1411 1412 0
1406:1246 1405 1407 1408 1409 0
1407:1406 1520 0
1408:1406 1825 0
1409:1406 1826 0
1410:1203 1246 1405 1464 0
1411:373 1405 1672 1717 0
1412:1405 1464 1500 0
1413:1414 1415 0
1414:1352 1413 1416 0
1415:1413 2053 0
1416:1414 1632 1634 0
1417:1278 1418 1419 1420 1421 0
1418:1417 1419 1711 0
1419:1278 1417 1418 1421 1424 1628 1711 1731 0
1420:1278 1417 1838 0
1421:1277 1281 1283 1417 1419 1623 1628 1670 0
1422:1423 1424 1425 0
1423:553 1195 1379 1391 1422 1425 1465 1467 1468 0
1424:1283 1419 1422 0
1425:1422 1423 1471 1472 1778 1844 0
1426:1427 1428 0
1427:1426 1681 0
1428:1426 1587 0
1429:1430 1431 1432 0
1430:1429 1433 1434 1435 0
1431:891 1429 0
1432:1429 2215 0
1433:1430 1435 1446 0
1434:1430 1549 0
1435:1430 1433 1601 0
1436:1437 1438 1439 0
1437:498 1323 1436 1552 1588 1696 1699 1700 1701 1702 0
1438:1436 1863 0
1439:1436 1697 2137 0
1440:1195 1199 1441 1442 1443 0
1441:1440 1585 1688 1689 0
1442:1440 1635 0
1443:1440 1533 0
1444:1195 1378 0
1445:1153 2023 0
1446:1433 1589 0
1447:1351 1448 1449 1450 0
1448:1447 1577 0
1449:1447 1477 0
1450:1447 0
1451:1351 1575 1655 1658 0
1452:1453 1454 1455 1456 0
1453:1339 1452 1455 1623 1624 0
1454:1295 1452 0
1455:1452 1453 0
1456:1452 1624 0
1457:1240 2116 0
1458:1240 1522 0
1459:1240 2036 0
1460:1246 0
1461:1246 1707 1785 0
1462:1246 1805 0
1463:1246 1743 0
1464:1410 1412 1466 1584 0
1465:1423 1466 0
1466:1178 1464 1465 1467 1672 1778 0
1467:1423 1466 0
1468:553 1423 1478 0
1469:1470 0
1470:1388 1469 2264 0
1471:1379 1391 1425 1472 1473 1474 0
1472:1425 1471 1831 1832 1833 0
1473:1379 1389 1471 0
1474:1471 1832 2034 2035 0
1475:1476 1477 0
1476:1475 1487 0
1477:1449 1475 0
1478:552 1468 1528 1668 1670 0
1479:1257 0
1480:1257 1259 0
1481:1482 1483 0
1482:1481 1732 0
1483:1481 1834 0
1484:1485 1486 0
1485:1185 1484 1495 0
1486:1484 1656 0
1487:1476 2571 2572 2573 2574 0
1488:1291 0
1489:1490 1491 1492 0
1490:1489 1551 0
1491:1228 1489 0
1492:1489 2007 0
1493:1338 0
1494:1338 1340 1566 0
1495:1485 0
1496:1185 1564 0
1497:1185 1543 0
1498:1269 1596 1874 1875 1876 1877 0
1499:1500 1501 0
1500:1378 1412 1499 1502 0
1501:1499 1585 0
1502:1500 1868 1869 0
1503:1504 1505 0
1504:1503 1508 1592 0
1505:479 1196 1503 1863 1864 0
1506:1507 1508 1509 0
1507:1506 1510 0
1508:1504 1506 1518 1653 1654 0
1509:1506 1861 0
1510:1507 2054 0
1511:1512 1513 0
1512:1511 1514 0
1513:1251 1511 1515 0
1514:1512 1652 1721 0
1515:1513 1592 1593 0
1516:1517 1518 1519 0
1517:1516 1646 0
1518:1508 1516 1722 0
1519:1228 1516 0
1520:1407 1521 1522 1523 1524 1525 0
1521:1520 1734 1735 1736 0
1522:1458 1520 0
1523:1520 0
1524:1520 0
1525:1520 2078 0
1526:1186 1291 1527 0
1527:1186 1526 2159 0
1528:1478 1529 0
1529:1528 1954 0
1530:1317 0
1531:1278 1280 1317 0
1532:1278 1317 0
1533:1443 1534 0
1534:1533 1535 0
1535:1534 1703 1726 0
1536:479 0
1537:1198 1705 1771 0
1538:1539 1540 1541 1542 0
1539:1538 1586 0
1540:1538 1768 0
1541:1389 1538 1617 0
1542:1538 2049 2071 2084 2085 0
1543:1497 1544 1545 1546 1547 0
1544:1543 1790 0
1545:1543 1918 1920 2028 2086 0
1546:1543 2026 0
1547:1188 1543 0
1548:1227 1232 1591 0
1549:896 1434 0
1550:1401 1563 0
1551:1233 1250 1490 1563 1770 0
1552:1437 0
1553:0
1554:1603 1798 0
1555:1861 0
1556:2033 0
1557:2082 0
1558:0
1559:1604 0
1560:1272 0
1561:1286 2040 2103 2104 0
1562:832 906 907 1251 0
1563:1228 1550 1551 0
1564:1496 1565 0
1565:1564 1573 1575 1576 0
1566:1494 0
1567:1568 1569 1570 1571 0
1568:1567 1572 0
1569:1567 1704 0
1570:1567 1752 0
1571:1567 1925 0
1572:1310 1568 0
1573:1565 1574 0
1574:1573 1655 1659 0
1575:1368 1451 1565 1576 0
1576:1565 1575 0
1577:1448 1657 0
1578:1375 1647 1648 0
1579:1375 1376 2117 2118 0
1580:1375 2119 2120 0
1581:1335 1375 1902 0
1582:1354 1357 1760 0
1583:1288 1354 0
1584:1196 1203 1464 0
1585:1441 1501 0
1586:1539 1768 0
1587:482 1428 0
1588:1307 1437 1598 0
1589:1446 1590 0
1590:1247 1589 1642 1643 1645 0
1591:1228 1548 1770 0
1592:513 1266 1504 1515 0
1593:1515 1650 1661 0
1594:1595 1596 1597 0
1595:1594 1925 0
1596:1498 1594 0
1597:1594 1779 0
1598:1588 2143 0
1599:896 1251 0
1600:896 1730 0
1601:1435 0
1602:1603 0
1603:1554 1602 0
1604:1559 0
1605:1313 0
1606:1177 1607 1608 1609 1610 0
1607:1168 1175 1606 1783 0
1608:1174 1381 1606 1836 1837 0
1609:1606 1980 2089 2095 2150 2151 0
1610:1606 2265 0
1611:1177 1192 1314 1757 0
1612:1613 0
1613:1612 1614 0
1614:1154 1613 0
1615:1616 1617 1618 1619 1620 1621 0
1616:1389 1615 0
1617:1541 1615 0
1618:1615 1921 0
1619:1615 1621 1952 0
1620:1615 2008 0
1621:1615 1619 2008 2195 0
1622:1352 1367 1664 1665 0
1623:1277 1421 1453 1627 1628 0
1624:1277 1453 1456 1625 0
1625:1277 1624 1828 1829 1830 0
1626:1282 2270 0
1627:1341 1623 0
1628:1419 1421 1623 0
1629:1187 1192 0
1630:1187 1852 1871 1872 0
1631:1187 1928 2051 2092 2156 0
1632:1416 1633 0
1633:1632 1960 0
1634:1416 1681 1760 0
1635:1396 1442 1636 1637 0
1636:1635 1772 1873 0
1637:1635 0
1638:1264 1859 0
1639:1173 1640 1641 0
1640:1168 1639 1843 0
1641:1639 1660 1985 0
1642:1590 0
1643:1590 1644 0
1644:1643 2160 0
1645:1590 2176 0
1646:1517 1782 0
1647:1578 2076 0
1648:1335 1578 1902 0
1649:1650 0
1650:1204 1593 1649 0
1651:513 1652 1653 1654 0
1652:1514 1651 0
1653:1508 1651 1773 0
1654:1508 1651 0
1655:1451 1574 1656 1657 1658 1659 0
1656:1486 1655 0
1657:1577 1655 1659 0
1658:1451 1655 0
1659:1574 1655 1657 0
1660:1173 1641 1977 2059 0
1661:1593 0
1662:1204 0
1663:1204 1699 1799 0
1664:1622 2162 0
1665:1182 1622 2232 0
1666:1367 2923 2924 0
1667:1672 0
1668:1478 1680 0
1669:1789 0
1670:1421 1478 0
1671:2266 0
1672:1411 1466 1667 0
1673:1237 1258 0
1674:1237 0
1675:1237 1676 1810 0
1676:1237 1675 2260 2261 0
1677:1192 1291 0
1678:1188 1679 0
1679:1678 2068 2070 0
1680:1668 1955 2165 0
1681:1288 1308 1427 1634 0
1682:1308 1912 0
1683:1684 0
1684:1387 1390 1683 0
1685:1686 1687 0
1686:1685 1772 1805 0
1687:1685 1785 0
1688:1441 1689 1690 1691 0
1689:1441 1688 1784 0
1690:1688 1787 1788 0
1691:1688 1788 2114 0
1692:1309 1314 0
1693:1309 1381 1757 0
1694:1309 1967 1989 2087 0
1695:1309 1967 2088 2117 0
1696:1437 1697 1698 0
1697:1439 1696 0
1698:1696 1926 0
1699:1205 1437 1663 0
1700:1437 0
1701:1437 1809 0
1702:1437 1793 0
1703:1271 1535 1704 1705 0
1704:1569 1703 0
1705:1537 1703 0
1706:1336 1750 0
1707:1461 1771 0
1708:1777 0
1709:1764 1855 0
1710:1776 1857 0
1711:1418 1419 0
1712:1713 0
1713:1712 1714 1715 0
1714:1713 2010 0
1715:1713 2011 0
1716:1287 1970 2169 0
1717:1411 1718 1719 0
1718:1717 1720 0
1719:1339 1341 1717 0
1720:1340 1718 0
1721:1266 1514 1722 1723 1724 0
1722:1518 1721 0
1723:1721 1859 0
1724:1721 0
1725:1388 0
1726:1535 1855 0
1727:1258 1340 1728 0
1728:1727 2172 2173 2174 0
1729:1247 0
1730:1247 1600 0
1731:1419 2073 0
1732:1482 1733 0
1733:1732 1840 0
1734:1521 2116 0
1735:1521 1953 0
1736:1521 2227 0
1737:1389 1738 1739 1740 1741 0
1738:1318 1737 1744 0
1739:1737 1741 0
1740:1737 1880 2080 0
1741:1737 1739 1921 2049 0
1742:1178 1389 0
1743:1389 1463 0
1744:1319 1738 0
1745:1314 1335 0
1746:1270 1747 0
1747:1746 1772 1866 1867 0
1748:1226 1769 0
1749:1161 1226 1235 1761 1769 0
1750:1706 1751 1752 0
1751:1750 2190 0
1752:1570 1750 0
1753:1178 1319 0
1754:1150 1178 0
1755:1178 0
1756:1178 0
1757:1381 1611 1693 0
1758:1759 0
1759:1288 1758 0
1760:1582 1634 1766 0
1761:1267 1356 1749 1762 1763 0
1762:1355 1761 0
1763:1265 1761 0
1764:1196 1709 1765 0
1765:1764 2178 2186 0
1766:1760 1767 0
1767:1766 1774 0
1768:1540 1586 2187 0
1769:1748 1749 0
1770:1551 1591 0
1771:1537 1707 1772 0
1772:1636 1686 1747 1771 1806 0
1773:1653 0
1774:1767 1775 0
1775:1774 0
1776:1710 0
1777:1708 0
1778:1425 1466 0
1779:1597 1780 1781 0
1780:1213 1779 0
1781:1779 2214 0
1782:1646 1834 0
1783:1607 1897 2121 0
1784:1689 0
1785:1461 1687 0
1786:1378 0
1787:1378 1397 1690 1788 0
1788:1690 1691 1787 0
1789:1378 1669 0
1790:1544 1957 2105 0
1791:1166 1813 1814 1815 0
1792:1166 2167 0
1793:1168 1702 0
1794:1168 2151 0
1795:1288 0
1796:498 2137 0
1797:1163 1248 0
1798:1554 1799 1800 0
1799:1663 1798 0
1800:1798 0
1801:1398 1884 1891 1951 1959 2196 0
1802:1803 1804 0
1803:1802 2154 0
1804:1802 2176 0
1805:1462 1686 0
1806:1772 0
1807:1291 1852 0
1808:1291 1883 0
1809:1291 1701 0
1810:1218 1675 0
1811:1381 1975 2057 0
1812:1381 1969 2057 2228 0
1813:1333 1791 0
1814:1334 1791 0
1815:1791 1965 1966 0
1816:1390 2170 0
1817:1293 2239 0
1818:1293 2236 0
1819:1293 2229 0
1820:1293 2173 0
1821:1293 2230 0
1822:1293 2239 0
1823:1293 2245 0
1824:1293 2244 0
1825:1340 1408 0
1826:1340 1409 0
1827:1341 2205 2206 2207 2208 2209 2210 0
1828:1625 0
1829:1625 0
1830:1279 1625 0
1831:1472 2134 0
1832:1472 1474 1995 2047 0
1833:1318 1472 0
1834:1483 1782 0
1835:1278 1318 0
1836:1608 2182 2252 0
1837:1608 2181 2202 0
1838:1420 2185 0
1839:1396 0
1840:1396 1733 0
1841:1228 0
1842:1843 0
1843:1640 1842 0
1844:1425 1995 2034 2184 2250 0
1845:1303 1402 0
1846:1402 1881 2141 2142 0
1847:1402 0
1848:1372 1849 1850 1851 0
1849:1848 1922 0
1850:1365 1848 0
1851:1848 2096 0
1852:1630 1807 1853 0
1853:1852 0
1854:1241 2217 2223 0
1855:1709 1726 2177 2178 2201 2222 0
1856:1196 0
1857:1196 1710 0
1858:1196 2269 0
1859:1638 1723 0
1860:1213 0
1861:1509 1555 1862 0
1862:1861 1864 2101 2212 0
1863:1438 1505 1865 0
1864:1505 1862 2055 2166 2183 0
1865:1863 0
1866:1747 0
1867:1747 2193 0
1868:1502 0
1869:1502 1870 0
1870:1869 1953 0
1871:1630 2192 0
1872:1630 2094 2163 2219 0
1873:1636 2193 0
1874:1207 1498 0
1875:1273 1498 0
1876:1498 2093 0
1877:1498 2214 0
1878:1278 0
1879:1147 1149 2031 2032 0
1880:1147 1740 0
1881:1331 1846 0
1882:1883 1884 0
1883:1808 1882 1890 1891 1892 1893 1894 0
1884:1801 1882 0
1885:1886 1887 0
1886:1885 1928 1933 0
1887:1885 2046 0
1888:1180 1889 0
1889:1888 0
1890:1883 0
1891:1801 1883 0
1892:1883 2039 0
1893:1883 2123 0
1894:1883 2103 0
1895:1896 1897 0
1896:1895 2042 2124 2153 0
1897:1783 1895 0
1898:1399 1899 0
1899:1898 0
1900:1901 1902 0
1901:1900 2014 0
1902:1581 1648 1900 2043 0
1903:1190 1964 2044 2045 2046 0
1904:1190 1928 2065 0
1905:1190 0
1906:1190 1927 0
1907:1190 2064 2145 0
1908:1190 2063 0
1909:1190 0
1910:1190 2247 0
1911:1912 1913 0
1912:1682 1911 0
1913:1911 2018 0
1914:1915 1916 0
1915:1914 2107 0
1916:1914 2047 0
1917:1210 1991 0
1918:1545 1919 1920 0
1919:1918 2106 0
1920:1545 1918 0
1921:1618 1741 0
1922:1849 1950 0
1923:1176 0
1924:1176 0
1925:1571 1595 0
1926:1214 1698 0
1927:1906 1928 0
1928:1631 1886 1904 1927 2062 2083 0
1929:1289 1931 1932 0
1930:1289 2196 0
1931:1929 1970 2003 0
1932:1929 2003 0
1933:1886 2204 0
1934:1935 1936 0
1935:1934 1983 0
1936:1934 2220 2221 0
1937:1323 0
1938:1324 1939 0
1939:1938 0
1940:1941 1942 1943 0
1941:1940 1942 2087 0
1942:1940 1941 0
1943:1940 2139 0
1944:1342 1949 1954 0
1945:1342 1947 1948 0
1946:1342 1947 0
1947:1342 1945 1946 1949 0
1948:1342 1945 1954 0
1949:1342 1944 1947 0
1950:1922 1951 0
1951:1801 1950 2058 0
1952:1619 2008 2085 0
1953:1735 1870 0
1954:1529 1944 1948 1955 0
1955:1680 1954 2165 0
1956:1957 1958 0
1957:1790 1956 2113 0
1958:1956 2113 0
1959:1399 1801 0
1960:1633 1961 0
1961:1960 0
1962:1963 1964 0
1963:1962 2148 0
1964:1903 1962 2189 2220 0
1965:1815 0
1966:1332 1815 0
1967:1694 1695 1968 1969 0
1968:1967 1970 1971 0
1969:1812 1967 1975 0
1970:1716 1931 1968 0
1971:1968 2216 0
1972:1973 1974 1975 0
1973:1972 2125 2203 0
1974:1972 2121 2252 0
1975:1811 1969 1972 2203 2228 0
1976:1977 1978 1979 0
1977:1660 1976 0
1978:1976 1984 0
1979:1976 2015 0
1980:1373 1609 2029 0
1981:1373 1982 2056 0
1982:1373 1981 0
1983:1935 0
1984:1978 1985 0
1985:1641 1984 0
1986:1987 1988 0
1987:1167 1986 0
1988:1986 0
1989:1376 1694 0
1990:1376 2117 0
1991:1917 1992 1993 0
1992:1991 1994 0
1993:1991 2009 0
1994:1992 2140 2161 0
1995:1832 1844 1996 0
1996:1995 2034 2047 0
1997:1181 2053 0
1998:1148 1999 0
1999:1998 2080 0
2000:1393 2001 0
2001:1393 2000 0
2002:1392 2140 0
2003:1399 1931 1932 2005 2006 0
2004:1399 2089 0
2005:2003 2030 2056 2058 0
2006:2003 2224 0
2007:1155 1492 0
2008:1620 1621 1952 0
2009:1993 2059 0
2010:1156 1714 0
2011:1242 1715 0
2012:2013 2014 2015 0
2013:2012 2153 0
2014:1901 2012 0
2015:1979 2012 2151 0
2016:2017 2018 0
2017:1302 2016 0
2018:1913 2016 2097 0
2019:2020 2021 0
2020:2019 2022 2127 0
2021:1274 2019 0
2022:2020 0
2023:1445 2024 0
2024:2023 0
2025:2026 2027 0
2026:1546 2025 0
2027:2025 2028 0
2028:1545 2027 0
2029:1980 2030 0
2030:2005 2029 2180 0
2031:1879 0
2032:1879 2140 0
2033:1556 0
2034:1474 1844 1996 0
2035:1474 0
2036:1459 2037 0
2037:1243 2036 0
2038:2039 2040 0
2039:1892 2038 2099 2100 2159 0
2040:1561 2038 0
2041:2042 2043 0
2042:1896 2041 0
2043:1902 2041 0
2044:1903 2130 2133 0
2045:1903 2066 0
2046:1887 1903 2061 0
2047:1832 1916 1996 0
2048:2049 0
2049:1542 1741 2048 2050 2071 0
2050:2049 0
2051:1631 2052 0
2052:2051 2148 0
2053:1415 1997 0
2054:1510 2055 0
2055:1864 2054 2166 0
2056:1981 2005 2057 0
2057:1811 1812 2056 0
2058:1951 2005 0
2059:1660 2009 2112 0
2060:2061 2062 0
2061:2046 2060 0
2062:1928 2060 0
2063:1908 2064 0
2064:1907 2063 0
2065:1904 2066 0
2066:2045 2065 2138 0
2067:2068 2069 0
2068:1679 2067 0
2069:2067 0
2070:1679 0
2071:1542 2049 0
2072:2073 0
2073:1731 2072 0
2074:1271 2075 0
2075:2074 2191 0
2076:1647 2077 0
2077:2076 2124 2125 2126 0
2078:1525 2079 0
2079:2078 0
2080:1740 1999 0
2081:2082 0
2082:1557 2081 0
2083:1928 2149 0
2084:1542 0
2085:1542 1952 0
2086:1545 2109 0
2087:1694 1941 2088 0
2088:1695 2087 0
2089:1609 2004 2179 0
2090:2091 2092 0
2091:2090 2164 0
2092:1631 2090 0
2093:1876 0
2094:1872 0
2095:1609 2096 0
2096:1851 2095 0
2097:2018 2152 0
2098:2099 2100 0
2099:2039 2098 0
2100:2039 2098 0
2101:1862 2102 0
2102:2101 2168 0
2103:1561 1894 0
2104:1561 0
2105:1790 2106 0
2106:1919 2105 0
2107:1915 2134 0
2108:1272 2175 0
2109:2086 2128 0
2110:2111 2112 0
2111:2110 2122 2211 0
2112:2059 2110 0
2113:1957 1958 0
2114:1294 1691 0
2115:1403 0
2116:1457 1734 0
2117:1579 1695 1990 2202 2203 0
2118:1579 2119 2194 0
2119:1580 2118 2139 0
2120:1580 2126 2194 0
2121:1783 1974 2122 0
2122:2111 2121 0
2123:1893 2149 0
2124:1896 2077 0
2125:1973 2077 0
2126:2077 2120 0
2127:2020 0
2128:2109 2155 0
2129:2130 2131 2132 0
2130:2044 2129 0
2131:2129 2132 2157 2158 0
2132:2129 2131 2226 0
2133:2044 2255 2258 0
2134:1831 2107 2135 2136 0
2135:2134 0
2136:2134 2263 0
2137:1439 1796 2183 0
2138:2066 2146 0
2139:1943 2119 0
2140:1994 2002 2032 0
2141:1846 2142 0
2142:1846 2141 0
2143:1598 0
2144:2145 0
2145:1907 2144 0
2146:2138 2147 0
2147:2146 2156 2204 0
2148:1963 2052 2189 0
2149:2083 2123 0
2150:1609 0
2151:1609 1794 2015 2211 0
2152:2097 0
2153:1896 2013 0
2154:1162 1803 0
2155:2128 2192 0
2156:1631 2147 0
2157:2131 0
2158:2131 0
2159:1527 2039 0
2160:1644 2171 0
2161:1994 0
2162:1664 0
2163:1872 2164 0
2164:2091 2163 0
2165:1680 1955 0
2166:1864 2055 2183 0
2167:1792 0
2168:2102 2212 0
2169:1716 2248 0
2170:1816 0
2171:1328 2160 0
2172:1728 2236 0
2173:1728 1820 0
2174:1728 2236 0
2175:2108 0
2176:1361 1645 1804 2197 2198 0
2177:1855 2178 0
2178:1765 1855 2177 0
2179:2089 2234 2251 0
2180:2030 2181 2182 0
2181:1837 2180 0
2182:1836 2180 0
2183:1864 2137 2166 0
2184:1844 2185 0
2185:1838 2184 2250 2253 0
2186:1765 2201 0
2187:1768 2188 0
2188:2187 2199 0
2189:1964 2148 0
2190:1751 2222 0
2191:2075 0
2192:1871 2155 2219 0
2193:1867 1873 2200 0
2194:2118 2120 0
2195:1621 2263 0
2196:1801 1930 0
2197:1329 2176 0
2198:2176 0
2199:2188 0
2200:2193 0
2201:1855 2186 0
2202:1837 2117 2228 0
2203:1973 1975 2117 0
2204:1933 2147 0
2205:1827 2231 0
2206:1297 1827 2207 2240 0
2207:1827 2206 2235 0
2208:1827 2242 0
2209:1827 2235 0
2210:1827 2235 0
2211:2111 2151 0
2212:1862 2168 2213 0
2213:2212 0
2214:1781 1877 0
2215:1432 0
2216:1971 2249 2251 0
2217:1854 2218 0
2218:2217 0
2219:1872 2192 2262 0
2220:1936 1964 0
2221:1936 2258 0
2222:1855 2190 0
2223:1854 0
2224:2006 2248 0
2225:1244 0
2226:2132 0
2227:1736 0
2228:1812 1975 2202 0
2229:1819 2230 0
2230:1296 1821 2229 2243 0
2231:2205 2241 2242 0
2232:1665 2233 0
2233:2232 0
2234:2179 0
2235:2207 2209 2210 0
2236:1818 2172 2174 2239 0
2237:1260 0
2238:1260 0
2239:1817 1822 2236 0
2240:2206 2241 2242 0
2241:2231 2240 2243 0
2242:2208 2231 2240 0
2243:2230 2241 0
2244:1824 2245 0
2245:1823 2244 0
2246:1255 1261 2259 0
2247:1910 0
2248:2169 2224 2249 0
2249:2216 2248 2254 0
2250:1844 2185 0
2251:2179 2216 0
2252:1836 1974 0
2253:2185 0
2254:2249 0
2255:2133 0
2256:1262 0
2257:1262 0
2258:2133 2221 0
2259:2246 0
2260:1676 0
2261:1676 0
2262:2219 0
2263:2136 2195 0
2264:1470 0
2265:1610 0
2266:1671 0
2267:2268 2269 0
2268:2267 2270 0
2269:1858 2267 0
2270:1626 2268 0
2271:2272 2273 0
2272:2271 2281 0
2273:2271 2281 0
2274:0
2275:2276 2277 0
2276:2275 2297 2298 0
2277:2275 2478 0
2278:2279 2280 0
2279:2278 2354 0
2280:2278 2488 0
2281:457 2272 2273 0
2282:2283 2284 0
2283:2282 2340 2483 0
2284:2282 2396 4832 4847 0
2285:2286 2287 0
2286:464 2285 2327 2461 0
2287:2285 2356 0
2288:2289 2290 0
2289:2288 2328 2354 0
2290:2288 2356 2427 2480 0
2291:2292 2293 0
2292:2291 2428 0
2293:2291 2295 0
2294:2295 2296 0
2295:2293 2294 2378 0
2296:464 2294 0
2297:2276 2298 2299 2300 0
2298:2276 2297 2299 2415 2435 2447 0
2299:2297 2298 2300 0
2300:2297 2299 2479 2484 2485 0
2301:2302 0
2302:453 2301 2304 0
2303:453 2304 2305 2306 2307 2308 2309 2310 2311 0
2304:453 2302 2303 2312 2313 2314 0
2305:2303 2311 0
2306:2303 0
2307:2303 2311 0
2308:2303 2310 2471 0
2309:2303 2471 0
2310:2303 2308 0
2311:2303 2305 2307 2426 2444 0
2312:2304 2313 2317 0
2313:458 2304 2312 2319 2417 2448 2449 2450 2451 0
2314:2304 2476 2477 0
2315:453 605 2316 2334 2335 2336 2337 2338 0
2316:453 2315 2336 2337 0
2317:2312 2458 0
2318:2319 2320 0
2319:2313 2318 2325 0
2320:2318 2461 0
2321:2322 0
2322:2321 2326 0
2323:2324 2325 0
2324:2323 2327 0
2325:2319 2323 0
2326:2322 2333 0
2327:2286 2324 2392 0
2328:464 2289 2428 0
2329:2330 2331 2332 0
2330:2329 2355 0
2331:2329 2419 0
2332:2329 2486 2487 2488 2489 2490 2491 0
2333:2326 2472 0
2334:2315 2335 2388 2389 2390 2391 0
2335:2315 2334 2338 2436 2437 2438 0
2336:2315 2316 2364 0
2337:2315 2316 2384 2455 0
2338:2315 2335 2343 0
2339:2340 0
2340:2283 2339 2341 2342 2343 0
2341:2340 0
2342:2340 2360 0
2343:2338 2340 2414 2415 2431 0
2344:2345 2346 0
2345:2344 2394 2425 2426 0
2346:2344 0
2347:2348 2349 0
2348:2347 2357 2452 2453 0
2349:2347 2448 0
2350:2351 2352 2353 0
2351:2350 2354 2355 2356 0
2352:2350 2371 4500 0
2353:2350 2372 0
2354:2279 2289 2351 2369 2373 2374 2375 2376 2377 0
2355:2330 2351 0
2356:2287 2290 2351 2470 0
2357:2348 2358 0
2358:2357 2418 2458 0
2359:2360 2361 0
2360:2342 2359 0
2361:2359 2493 0
2362:2363 2364 2365 0
2363:2362 2364 2445 0
2364:2336 2362 2363 2456 2457 2462 2469 0
2365:2362 2384 0
2366:2367 2368 0
2367:2366 2385 0
2368:2366 2443 2475 0
2369:2354 2370 2371 2372 0
2370:2369 0
2371:2352 2369 4640 0
2372:2353 2369 0
2373:2354 0
2374:2354 0
2375:2354 2378 0
2376:2354 2377 4524 4699 0
2377:2354 2376 2487 4515 4638 4723 0
2378:2295 2375 0
2379:2380 2381 0
2380:2379 2422 0
2381:2379 2475 0
2382:2383 2384 0
2383:2382 2414 0
2384:2337 2365 2382 2447 2455 2456 2457 0
2385:2367 2433 2443 0
2386:2387 0
2387:2386 2410 2439 2440 0
2388:2334 0
2389:2334 0
2390:2334 0
2391:605 954 2334 2465 0
2392:2327 2395 0
2393:2394 0
2394:2345 2393 0
2395:2392 2396 0
2396:2284 2395 4870 0
2397:842 2398 0
2398:2397 2407 0
2399:2400 2401 2402 2403 2404 0
2400:2399 2405 2406 0
2401:2399 0
2402:2399 0
2403:2399 2404 0
2404:2399 2403 0
2405:2400 0
2406:2400 2445 0
2407:2398 2427 0
2408:2409 0
2409:2408 2410 0
2410:2387 2409 2411 0
2411:2410 2441 2442 0
2412:2413 2414 2415 0
2413:2412 0
2414:2343 2383 2412 2431 0
2415:2298 2343 2412 0
2416:2417 2418 0
2417:2313 2416 0
2418:2358 2416 2452 0
2419:842 2331 0
2420:2421 0
2421:465 2420 0
2422:2380 2434 2459 2460 0
2423:2442 0
2424:2460 0
2425:2345 2426 0
2426:458 2311 2345 2425 2482 0
2427:2290 2407 0
2428:2292 2328 0
2429:2430 0
2430:2429 0
2431:2343 2414 0
2432:2433 2434 0
2433:2385 2432 0
2434:2422 2432 0
2435:2298 0
2436:2335 0
2437:2335 0
2438:143 2335 0
2439:2387 2440 0
2440:2387 2439 0
2441:2411 0
2442:886 2411 2423 0
2443:2368 2385 0
2444:437 2311 0
2445:2363 2406 0
2446:605 4525 4847 0
2447:2298 2384 0
2448:2313 2349 0
2449:2313 0
2450:2313 0
2451:2313 0
2452:2348 2418 0
2453:2348 2458 0
2454:2455 0
2455:2337 2384 2454 0
2456:2364 2384 0
2457:2364 2384 0
2458:2317 2358 2453 0
2459:2422 0
2460:2422 2424 2475 0
2461:2286 2320 0
2462:2364 2463 0
2463:2462 0
2464:2465 2466 0
2465:2391 2464 2467 2472 2473 0
2466:2464 0
2467:2465 2468 0
2468:604 2467 0
2469:2364 0
2470:2356 4728 0
2471:2308 2309 0
2472:2333 2465 0
2473:2465 2474 0
2474:2473 4869 4871 4873 0
2475:2368 2381 2460 0
2476:2314 0
2477:2314 0
2478:2277 0
2479:2300 0
2480:2290 4535 4558 4584 4746 0
2481:2482 0
2482:458 2426 2481 0
2483:2283 4847 0
2484:2300 0
2485:2300 0
2486:2332 0
2487:2332 2377 4670 4671 0
2488:2280 2332 0
2489:2332 2491 4670 4744 4745 0
2490:2332 4796 4797 4799 0
2491:2332 2489 4796 0
2492:842 4709 4758 4759 0
2493:2361 0
2494:2495 2496 0
2495:2494 4553 4554 4555 4556 0
2496:2494 4685 0
2497:2498 0
2498:2497 2499 2500 0
2499:2498 2599 2605 2608 2609 2610 0
2500:2498 2608 2610 2642 2728 2740 2743 0
2501:554 556 2587 2663 2664 2665 2666 2667 0
2502:554 2695 2999 3000 3001 3002 0
2503:2504 2505 0
2504:2503 2678 3106 0
2505:2503 2533 3107 0
2506:2507 2508 2509 0
2507:2506 2508 2555 2670 2674 2675 2676 0
2508:2506 2507 2519 2521 2523 2565 2590 2612 2913 0
2509:2506 3003 3004 0
2510:2511 0
2511:2510 2575 2766 2812 2813 2814 2815 2816 2817 0
2512:2513 0
2513:2512 2696 2736 2737 2744 2745 2746 2784 2925 0
2514:2515 2516 0
2515:2514 2517 0
2516:2514 0
2517:2515 2612 2921 0
2518:2519 2520 0
2519:2508 2518 2903 0
2520:2518 0
2521:2508 2536 0
2522:2632 2633 0
2523:2508 2756 0
2524:2634 2635 2900 2918 0
2525:2633 2952 0
2526:2847 2957 0
2527:2847 2958 0
2528:3020 0
2529:3073 0
2530:2788 0
2531:2724 3076 0
2532:2533 2534 2535 0
2533:2505 2532 2677 2678 2679 2680 0
2534:2532 2724 2971 0
2535:2532 2735 2746 3024 3025 0
2536:2521 2907 3032 0
2537:0
2538:0
2539:2577 2578 0
2540:2766 2767 2768 2769 0
2541:2630 2766 2773 2906 2926 2927 2928 0
2542:2968 2969 0
2543:2848 0
2544:2630 0
2545:0
2546:0
2547:3237 0
2548:2614 3297 0
2549:2550 2551 0
2550:127 2549 4248 4249 0
2551:2549 4224 4271 0
2552:2553 0
2553:2552 2554 2555 2556 2557 0
2554:2553 0
2555:2507 2553 2569 2747 2748 0
2556:2553 2730 2947 2948 0
2557:2553 2569 2635 2730 2959 2960 0
2558:2559 2560 2561 2562 2563 0
2559:2558 0
2560:2558 2564 3042 0
2561:2558 0
2562:2558 2563 2565 2934 0
2563:2558 2562 0
2564:2560 2565 2566 0
2565:2508 2562 2564 2591 2716 2717 2933 2934 0
2566:2564 0
2567:2568 2569 2570 0
2568:2567 2644 2646 2687 2712 2713 2714 0
2569:2555 2557 2567 2641 2643 2853 2854 0
2570:2567 0
2571:1487 2572 2599 2600 2601 2602 0
2572:1487 2571 3078 0
2573:1487 2574 3078 3155 3180 0
2574:1487 2573 2602 3101 3151 0
2575:2511 2576 0
2576:2575 2768 0
2577:2539 2887 3045 3046 3047 3048 3049 0
2578:2539 2949 3346 0
2579:2580 2581 2582 2583 2584 0
2580:2579 0
2581:2579 2584 2670 2671 2898 2899 0
2582:2579 2583 2620 2625 2626 2909 2915 3090 3091 0
2583:2579 2582 0
2584:2579 2581 0
2585:2586 2587 2588 0
2586:2585 2702 2763 2794 2828 0
2587:2501 2585 2627 2628 2690 2794 2856 2857 2858 0
2588:2585 3060 3061 3062 3063 0
2589:2590 0
2590:2508 2589 2591 2592 0
2591:2565 2590 2855 0
2592:2590 3067 3068 3069 3070 3071 3072 0
2593:2594 2595 2596 2597 0
2594:2593 2598 3074 0
2595:2593 2597 3093 3096 3097 3098 0
2596:2593 3093 3321 0
2597:2593 2595 0
2598:2594 2599 0
2599:2499 2571 2598 2603 2604 2605 2606 2607 0
2600:2571 0
2601:2571 3026 3027 3301 0
2602:2571 2574 3027 0
2603:2599 2669 0
2604:2599 0
2605:2499 2599 2871 2874 2880 2922 2923 0
2606:2599 2866 3036 0
2607:2599 3065 3066 3077 3078 0
2608:1369 2499 2500 2642 0
2609:2499 2642 2653 0
2610:2499 2500 2929 0
2611:2612 0
2612:2508 2517 2611 0
2613:2614 0
2614:2548 2613 2615 0
2615:2614 2936 2998 0
2616:555 2617 2618 2619 0
2617:555 2616 2665 2668 0
2618:2616 0
2619:2616 0
2620:2582 2621 2622 2623 2624 0
2621:2620 2623 2624 0
2622:2620 3268 3269 3270 0
2623:2620 2621 2624 0
2624:2620 2621 2623 0
2625:2582 0
2626:2582 0
2627:2587 2628 2629 0
2628:2587 2627 2759 2760 2761 2762 0
2629:2627 0
2630:2541 2544 2631 0
2631:2630 2830 3046 0
2632:2522 0
2633:2522 2525 2943 0
2634:2524 2635 2636 0
2635:2524 2557 2634 2683 2686 2687 2688 2689 0
2636:2634 0
2637:2638 2639 2640 0
2638:2637 2641 2647 0
2639:2637 2641 2648 0
2640:2637 2712 2976 2979 2980 2981 0
2641:2569 2638 2639 2642 2643 2644 2645 0
2642:2500 2608 2609 2641 2646 0
2643:2569 2641 2657 0
2644:2568 2641 2829 0
2645:2641 0
2646:2568 2642 2715 0
2647:2638 2648 0
2648:2639 2647 0
2649:2650 2651 0
2650:2649 2651 2737 2738 2964 3080 3081 0
2651:2649 2650 3216 3217 3218 0
2652:2653 2654 2655 0
2653:2609 2652 2656 0
2654:2652 0
2655:2652 0
2656:2653 0
2657:2643 2967 0
2658:2659 2660 2661 2662 0
2659:2658 2719 2720 2721 2722 0
2660:2658 2751 3110 3113 3114 0
2661:2658 3050 3317 0
2662:2658 3051 3319 0
2663:2501 2680 2695 0
2664:2501 3116 3120 0
2665:2501 2617 3121 0
2666:2501 2680 2780 0
2667:556 2501 0
2668:555 2617 2761 2763 2764 2765 0
2669:2603 2970 0
2670:2507 2581 2671 2672 2673 0
2671:2581 2670 0
2672:2670 2673 0
2673:2670 2672 0
2674:2507 2800 2905 0
2675:2507 2847 0
2676:2507 2931 0
2677:2533 2692 2693 2694 0
2678:2504 2533 2698 2700 0
2679:2533 2789 0
2680:2533 2663 2666 2690 2700 2779 2856 0
2681:2682 0
2682:2681 2786 0
2683:2635 2684 2685 0
2684:2683 2712 2974 2975 0
2685:2683 2976 2982 0
2686:2635 2900 3309 0
2687:2568 2635 3310 0
2688:2635 0
2689:2635 0
2690:2587 2680 2691 0
2691:2690 2735 2857 2995 2999 3081 3118 3140 0
2692:2677 0
2693:2677 0
2694:2677 0
2695:2502 2663 2999 3141 0
2696:2513 2697 2698 2699 0
2697:2696 3142 0
2698:2678 2696 3143 0
2699:2696 0
2700:2678 2680 2735 0
2701:2702 2703 2704 0
2702:2586 2701 2703 2766 2793 2794 2795 2796 2797 0
2703:2701 2702 2795 2808 2809 2810 2811 0
2704:2701 0
2705:2706 2707 2708 2709 2710 2711 0
2706:2705 2707 2710 2770 2771 2772 2773 2774 0
2707:2705 2706 2710 2904 0
2708:2705 0
2709:2705 0
2710:2705 2706 2707 0
2711:2705 0
2712:2568 2640 2684 0
2713:2568 0
2714:2568 0
2715:2646 2755 2765 2936 2944 2945 0
2716:2565 2717 2718 0
2717:2565 2716 2941 0
2718:2716 0
2719:2659 2749 2750 2751 2752 2753 2754 0
2720:2659 2721 3152 3153 0
2721:2659 2720 3152 0
2722:2659 2749 3312 0
2723:2724 2725 2726 0
2724:2531 2534 2723 2956 0
2725:2723 0
2726:2723 0
2727:2728 0
2728:2500 2727 2729 0
2729:2728 0
2730:2556 2557 2731 2732 0
2731:2730 0
2732:2730 0
2733:2734 0
2734:2733 2948 0
2735:2535 2691 2700 2995 0
2736:2513 2737 0
2737:2513 2650 2736 2738 2739 0
2738:2650 2737 0
2739:2737 0
2740:2500 2741 2742 0
2741:2740 0
2742:2740 0
2743:2500 0
2744:2513 2745 2746 0
2745:2513 2744 2746 2779 2780 2781 2782 2783 2784 0
2746:2513 2535 2744 2745 2925 3024 3025 3302 0
2747:2555 2900 2973 0
2748:2555 0
2749:2719 2722 2887 2897 0
2750:2719 2946 0
2751:2660 2719 3114 3174 0
2752:2719 3175 0
2753:2719 3322 0
2754:2719 3261 3325 0
2755:2715 0
2756:2523 2952 3012 3177 3178 3179 0
2757:2758 0
2758:2757 2920 2948 0
2759:2628 2930 0
2760:2628 2860 0
2761:2628 2668 3173 0
2762:2628 3140 3181 3182 3183 0
2763:2586 2668 2793 2822 2823 0
2764:2668 2765 2793 2924 2935 2936 2937 0
2765:2668 2715 2764 2778 0
2766:2511 2540 2541 2702 2834 2835 2836 2847 2848 0
2767:2540 2768 2769 3227 0
2768:2540 2576 2767 2769 0
2769:2540 2767 2768 3329 3330 3331 3349 0
2770:2706 2775 2776 2777 0
2771:2706 2772 2808 3059 0
2772:2706 2771 2773 3005 3251 0
2773:2541 2706 2772 2774 2837 2926 2927 3005 3251 0
2774:2706 2773 0
2775:2770 2928 0
2776:2770 2777 3099 0
2777:2770 2776 3099 0
2778:1369 2765 0
2779:2680 2745 2781 2782 2785 2786 0
2780:2666 2745 2783 0
2781:2745 2779 3188 0
2782:2745 2779 3189 0
2783:2745 2780 0
2784:2513 2745 0
2785:2779 2864 2865 0
2786:2682 2779 0
2787:2788 0
2788:2530 2787 2789 0
2789:2679 2788 2964 2965 0
2790:556 2791 2792 0
2791:2790 3117 3197 0
2792:556 2790 0
2793:2702 2763 2764 0
2794:2586 2587 2702 2824 2825 2826 2827 0
2795:2702 2703 0
2796:2702 2843 0
2797:2702 2843 0
2798:2799 0
2799:2798 2800 3112 0
2800:2674 2799 0
2801:2802 2806 3104 3105 0
2802:2801 3000 3105 3164 3187 3275 0
2803:3161 3162 3166 3274 0
2804:0
2805:3117 3262 3343 3345 0
2806:2801 0
2807:555 646 4163 0
2808:2703 2771 2811 0
2809:2703 2832 2837 2842 0
2810:2703 0
2811:2703 2808 3247 0
2812:2511 0
2813:2511 0
2814:2511 3046 3213 0
2815:2511 3046 3214 0
2816:2511 3046 3215 0
2817:2511 0
2818:556 0
2819:556 0
2820:556 3117 0
2821:556 0
2822:2763 0
2823:2763 0
2824:2794 3203 0
2825:2794 3203 0
2826:2794 0
2827:2794 0
2828:2586 3203 3206 3207 3208 3209 3210 3211 0
2829:2644 0
2830:2631 0
2831:2838 2840 2846 0
2832:2809 0
2833:2839 0
2834:2766 3224 0
2835:2766 3225 0
2836:2766 3226 0
2837:2773 2809 2842 2906 3005 3006 0
2838:2831 3254 0
2839:2833 2953 3087 3088 0
2840:2831 0
2841:0
2842:2809 2837 0
2843:2796 2797 2845 2846 3314 3315 3328 3337 3338 0
2844:2846 0
2845:2843 0
2846:2831 2843 2844 3314 3315 0
2847:2526 2527 2675 2766 2861 2906 2931 2936 2937 2940 0
2848:2543 2766 3348 0
2849:2850 2851 2852 0
2850:2849 2852 2954 2955 0
2851:2849 2954 4156 4198 0
2852:2849 2850 4200 4221 4243 4247 4296 0
2853:2569 0
2854:2569 0
2855:2591 2911 3067 0
2856:2587 2680 0
2857:2587 2691 2858 2964 2999 3081 3118 3140 3228 0
2858:2587 2857 3245 0
2859:2860 2861 2862 2863 0
2860:2760 2859 2953 0
2861:2847 2859 0
2862:2859 3235 0
2863:2859 3235 0
2864:2785 3008 0
2865:2785 0
2866:2606 2867 2868 2869 0
2867:2866 3184 0
2868:2866 3239 0
2869:2866 2871 3271 0
2870:2871 0
2871:2605 2869 2870 0
2872:2873 0
2873:2872 2874 0
2874:2605 2873 2875 0
2875:2874 3023 0
2876:2877 0
2877:2876 2922 3243 0
2878:2879 0
2879:2878 2880 0
2880:2605 2879 2881 0
2881:2880 2882 0
2882:2881 0
2883:2884 2885 2886 2887 2888 2889 2890 0
2884:2883 2887 2888 3055 3056 3057 0
2885:2883 0
2886:2883 0
2887:2577 2749 2883 2884 2888 3046 3201 3263 3264 3265 0
2888:2883 2884 2887 0
2889:2883 2890 0
2890:2883 2889 3350 0
2891:0
2892:2936 3108 0
2893:2936 3157 0
2894:0
2895:0
2896:0
2897:2749 3284 0
2898:2581 2899 0
2899:2581 2898 0
2900:2524 2686 2747 2901 2902 0
2901:2900 3304 0
2902:2900 0
2903:2519 0
2904:2707 0
2905:2674 0
2906:2541 2837 2847 0
2907:2536 2908 2917 3033 0
2908:2907 2916 2917 0
2909:2582 0
2910:2911 2912 2950 3092 0
2911:2855 2910 2912 2914 3232 3233 3234 0
2912:2910 2911 3092 0
2913:2508 0
2914:2911 0
2915:2582 0
2916:2908 0
2917:2907 2908 0
2918:2524 0
2919:2920 0
2920:2758 2919 2948 0
2921:2517 0
2922:2605 2877 3079 0
2923:1666 2605 3246 0
2924:1666 2764 2933 2935 0
2925:2513 2746 0
2926:2541 2773 3259 0
2927:2541 2773 3260 0
2928:2541 2775 0
2929:2610 0
2930:2759 0
2931:2676 2847 2932 0
2932:2931 2958 0
2933:2565 2924 3276 0
2934:2562 2565 3083 0
2935:2764 2924 2951 0
2936:2615 2715 2764 2847 2892 2893 2938 2939 0
2937:2764 2847 3282 0
2938:2936 3014 3185 3277 3278 3279 3280 3281 0
2939:2936 2969 2996 3347 0
2940:2847 2994 0
2941:2717 3283 0
2942:2943 0
2943:2633 2942 2972 0
2944:2715 2993 3352 0
2945:2715 2993 3353 0
2946:2750 3285 0
2947:2556 0
2948:2556 2734 2758 2920 0
2949:2578 3238 0
2950:2910 3286 0
2951:2935 3287 0
2952:2525 2756 3177 3219 0
2953:2839 2860 3087 3289 3290 0
2954:2850 2851 4160 4161 4163 4227 4279 4284 0
2955:2850 4364 0
2956:2724 3299 3300 0
2957:2526 3064 3291 0
2958:2527 2932 0
2959:2557 0
2960:2557 0
2961:2962 2963 0
2962:2961 3172 0
2963:2961 3041 3296 0
2964:2650 2789 2857 3140 3228 3295 0
2965:2789 3218 0
2966:2967 0
2967:2657 2966 0
2968:2542 0
2969:2542 2939 0
2970:2669 0
2971:2534 0
2972:2943 3249 0
2973:2747 0
2974:2684 2976 2977 2978 0
2975:2684 0
2976:2640 2685 2974 2983 2990 0
2977:2974 0
2978:2974 0
2979:2640 2983 2984 2985 2986 2987 2988 2989 0
2980:2640 0
2981:2640 0
2982:2685 0
2983:2976 2979 2991 2992 0
2984:2979 0
2985:2979 0
2986:2979 0
2987:2979 0
2988:2979 0
2989:2979 0
2990:2976 0
2991:2983 0
2992:2983 0
2993:2944 2945 0
2994:2940 0
2995:2691 2735 0
2996:2939 2997 0
2997:2996 0
2998:2615 0
2999:2502 2691 2695 2857 3116 3117 3118 3119 0
3000:2502 2802 3002 3164 3187 3190 0
3001:2502 0
3002:2502 3000 0
3003:2509 0
3004:2509 0
3005:2772 2773 2837 3006 3007 0
3006:2837 3005 3007 3058 3059 0
3007:3005 3006 0
3008:2864 0
3009:3010 3011 0
3010:3009 3311 0
3011:3009 3311 0
3012:2756 0
3013:0
3014:2938 3015 3016 3019 3185 3186 0
3015:3014 3016 3017 3018 3053 3186 0
3016:3014 3015 3019 3186 3272 0
3017:3015 3018 0
3018:3015 3017 0
3019:3014 3016 0
3020:2528 0
3021:558 0
3022:558 0
3023:2875 0
3024:2535 2746 3025 3305 3306 0
3025:2535 2746 3024 0
3026:2601 3027 3028 3029 3030 3031 0
3027:2601 2602 3026 3101 3144 0
3028:3026 3030 3097 3158 3159 0
3029:3026 3031 3101 3147 0
3030:3026 3028 0
3031:3026 3029 0
3032:2536 0
3033:2907 0
3034:3035 0
3035:3034 3203 3205 3208 3209 3248 0
3036:2606 0
3037:3038 3039 0
3038:3037 3039 0
3039:3037 3038 3053 3054 0
3040:557 0
3041:557 2963 3294 0
3042:2560 3043 3044 0
3043:3042 3150 0
3044:3042 3148 3149 0
3045:2577 3049 0
3046:2577 2631 2814 2815 2816 2887 3200 3201 3202 0
3047:2577 3048 0
3048:2577 3047 0
3049:2577 3045 0
3050:2661 0
3051:2662 0
3052:3053 0
3053:3015 3039 3052 3054 0
3054:3039 3053 0
3055:2884 3056 0
3056:2884 3055 0
3057:2884 0
3058:3006 3059 0
3059:2771 3006 3058 3351 0
3060:2588 0
3061:2588 0
3062:2588 0
3063:2588 0
3064:2957 0
3065:2607 3066 0
3066:2607 3065 3154 3155 3156 0
3067:2592 2855 3071 3229 3230 3231 0
3068:2592 0
3069:2592 3070 3072 0
3070:2592 3069 3072 0
3071:2592 3067 0
3072:2592 3069 3070 0
3073:2529 0
3074:2594 3075 0
3075:3074 0
3076:2531 0
3077:2607 3078 0
3078:2572 2573 2607 3077 0
3079:2922 0
3080:2650 3081 0
3081:2650 2691 2857 3080 3140 3196 0
3082:3083 3084 3085 3086 0
3083:2934 3082 3086 0
3084:3082 0
3085:3082 0
3086:3082 3083 0
3087:2839 2953 3088 3089 0
3088:2839 3087 0
3089:3087 0
3090:2582 4065 0
3091:2582 4063 0
3092:2910 2912 0
3093:2595 2596 3094 3095 3096 3097 3098 0
3094:3093 0
3095:3093 3098 0
3096:2595 3093 3097 3098 3113 0
3097:2595 3028 3093 3096 3159 3195 0
3098:2595 3093 3095 3096 3212 0
3099:2776 2777 0
3100:3101 3102 3103 0
3101:2574 3027 3029 3100 3102 3144 3151 0
3102:3100 3101 3307 3308 0
3103:3100 0
3104:2801 0
3105:2801 2802 0
3106:2504 0
3107:2505 0
3108:2892 0
3109:3110 0
3110:2660 3109 3113 0
3111:3112 0
3112:2799 3111 0
3113:2660 3096 3110 3115 0
3114:2660 2751 3174 0
3115:3113 0
3116:2664 2999 0
3117:2791 2805 2820 2999 3118 3119 3197 3262 0
3118:2691 2857 2999 3117 3119 3320 0
3119:2999 3117 3118 0
3120:2664 0
3121:2665 0
3122:3123 0
3123:3122 3334 0
3124:3125 0
3125:3124 3317 0
3126:3127 0
3127:3126 3336 0
3128:3129 0
3129:3128 3332 0
3130:3131 0
3131:3130 3336 0
3132:3133 0
3133:3132 3311 0
3134:3135 0
3135:3134 3319 0
3136:3137 0
3137:3136 3323 0
3138:3139 0
3139:3138 3333 0
3140:2691 2762 2857 2964 3081 3183 3228 0
3141:2695 0
3142:2697 0
3143:2698 0
3144:3027 3101 3145 0
3145:3144 0
3146:3147 0
3147:3029 3146 0
3148:3044 3149 0
3149:3044 3148 3150 0
3150:3043 3149 3176 3198 3199 0
3151:2574 3101 0
3152:2720 2721 0
3153:2720 0
3154:3066 0
3155:2573 3066 3156 3180 3288 0
3156:3066 3155 0
3157:2893 0
3158:3028 0
3159:3028 3097 3195 0
3160:3161 3162 3163 0
3161:2803 3160 3162 3164 3165 3166 3167 3168 0
3162:558 2803 3160 3161 3164 3165 3166 3167 3168 3171 0
3163:3160 0
3164:2802 3000 3161 3162 3187 0
3165:3161 3162 0
3166:2803 3161 3162 0
3167:3161 3162 0
3168:3161 3162 0
3169:558 0
3170:558 0
3171:3162 0
3172:2962 0
3173:2761 0
3174:2751 3114 0
3175:2752 0
3176:3150 0
3177:2756 2952 0
3178:2756 3179 0
3179:2756 3178 0
3180:2573 3155 3292 3293 0
3181:2762 0
3182:2762 0
3183:2762 3140 0
3184:2867 0
3185:2938 3014 0
3186:3014 3015 3016 0
3187:2802 3000 3164 0
3188:2781 0
3189:2782 0
3190:3000 0
3191:560 0
3192:561 0
3193:562 0
3194:559 0
3195:3097 3159 0
3196:3081 0
3197:2791 3117 0
3198:3150 0
3199:3150 0
3200:3046 3201 3202 0
3201:2887 3046 3200 3202 0
3202:3046 3200 3201 0
3203:2824 2825 2828 3035 3204 3205 3206 3207 3208 3209 0
3204:3203 3208 3255 3257 0
3205:3035 3203 3209 0
3206:2828 3203 3207 0
3207:2828 3203 3206 0
3208:2828 3035 3203 3204 3342 0
3209:2828 3035 3203 3205 3210 0
3210:2828 3209 0
3211:2828 0
3212:3098 0
3213:2814 0
3214:2815 0
3215:2816 0
3216:2651 3218 0
3217:2651 0
3218:2651 2965 3216 3341 0
3219:2952 0
3220:3221 0
3221:3220 3325 0
3222:3223 0
3223:3222 3324 0
3224:2834 0
3225:2835 0
3226:2836 0
3227:2767 0
3228:2857 2964 3140 0
3229:3067 3230 3231 0
3230:3067 3229 3231 0
3231:3067 3229 3230 3339 3340 0
3232:2911 3233 3234 0
3233:2911 3232 3234 3298 3327 3344 0
3234:2911 3232 3233 0
3235:2862 2863 3236 0
3236:3235 0
3237:2547 0
3238:2949 0
3239:2868 3240 3241 3242 0
3240:3239 3242 0
3241:3239 0
3242:3239 3240 0
3243:2877 3244 0
3244:3243 0
3245:2858 0
3246:2923 0
3247:2811 0
3248:3035 0
3249:2972 3250 0
3250:3249 0
3251:2772 2773 3258 0
3252:3253 0
3253:3252 3332 0
3254:2838 0
3255:3204 3256 3257 0
3256:3255 0
3257:3204 3255 3266 3267 0
3258:3251 0
3259:2926 0
3260:2927 0
3261:2754 0
3262:2805 3117 0
3263:2887 3264 0
3264:2887 3263 0
3265:2887 0
3266:3257 0
3267:3257 0
3268:2622 0
3269:2622 0
3270:2622 4128 0
3271:2869 0
3272:3016 0
3273:563 0
3274:2803 0
3275:2802 0
3276:2933 0
3277:2938 3278 3280 0
3278:2938 3277 3280 0
3279:2938 3281 0
3280:2938 3277 3278 0
3281:2938 3279 0
3282:2937 0
3283:2941 0
3284:2897 0
3285:2946 0
3286:2950 0
3287:2951 0
3288:3155 0
3289:2953 0
3290:2953 0
3291:2957 0
3292:3180 3293 0
3293:3180 3292 0
3294:3041 0
3295:2964 0
3296:2963 0
3297:2548 0
3298:3233 0
3299:2956 3300 0
3300:2956 3299 0
3301:2601 0
3302:2746 0
3303:3304 0
3304:2901 3303 0
3305:3024 3306 0
3306:3024 3305 0
3307:3102 0
3308:3102 0
3309:2686 0
3310:2687 0
3311:3010 3011 3133 3324 0
3312:2722 3313 0
3313:3312 0
3314:2843 2846 3315 0
3315:2843 2846 3314 3328 3338 0
3316:3317 0
3317:2661 3125 3316 0
3318:3319 0
3319:2662 3135 3318 0
3320:3118 0
3321:2596 0
3322:2753 3323 3324 0
3323:3137 3322 3336 0
3324:3223 3311 3322 0
3325:2754 3221 3326 0
3326:3325 3333 3334 0
3327:3233 0
3328:2843 3315 0
3329:2769 3330 3331 0
3330:2769 3329 3331 0
3331:2769 3329 3330 0
3332:3129 3253 3333 0
3333:3139 3326 3332 0
3334:3123 3326 3335 0
3335:3334 0
3336:3127 3131 3323 0
3337:2843 3338 0
3338:2843 3315 3337 0
3339:3231 3340 0
3340:3231 3339 0
3341:3218 0
3342:3208 0
3343:2805 0
3344:3233 0
3345:2805 0
3346:2578 0
3347:2939 0
3348:2848 0
3349:2769 0
3350:2890 0
3351:3059 0
3352:2944 0
3353:2945 0
3354:3355 3356 3357 0
3355:3354 3638 3640 3641 3644 3645 3646 0
3356:3354 3485 0
3357:3354 3419 0
3358:3359 3360 3361 3362 0
3359:3358 3363 3364 0
3360:3358 3496 3497 0
3361:3358 0
3362:3358 3408 0
3363:3359 3375 3427 3429 0
3364:3359 4520 4645 0
3365:3366 3367 3368 3369 3370 0
3366:3365 3371 3372 3373 0
3367:3365 3475 0
3368:3365 3671 0
3369:3365 3493 3736 0
3370:3365 3783 3784 0
3371:3366 3373 3409 3413 3414 3415 3416 3417 0
3372:3366 3476 0
3373:3366 3371 3419 3492 3495 0
3374:3375 3376 0
3375:3363 3374 3377 3378 3379 3380 0
3376:3374 3761 3763 0
3377:7 8 3375 3380 3482 3483 3484 3485 3486 0
3378:3375 0
3379:3375 0
3380:3375 3377 0
3381:3382 0
3382:3381 3383 3686 0
3383:3382 3384 3385 0
3384:3383 3471 0
3385:3383 3771 3826 0
3386:3387 3388 3389 0
3387:3386 0
3388:3386 3494 3805 0
3389:3386 3500 0
3390:0
3391:0
3392:0
3393:3394 0
3394:3393 3441 3651 3677 3702 0
3395:3396 3397 3398 3399 3400 3401 3402 0
3396:3395 3484 3517 3518 0
3397:3395 3658 0
3398:3395 0
3399:3395 0
3400:3395 3446 0
3401:3395 3485 3657 0
3402:3395 3442 0
3403:3404 3405 3406 3407 3408 0
3404:3403 0
3405:3403 3487 3612 0
3406:3403 3795 0
3407:3403 3488 3764 0
3408:3362 3403 3824 0
3409:3371 3410 3411 3412 0
3410:3409 3701 0
3411:3409 3698 3700 0
3412:3409 3494 3815 0
3413:3371 3559 0
3414:3371 0
3415:3371 0
3416:3371 0
3417:3371 3419 3649 3674 0
3418:3419 3420 0
3419:3357 3373 3417 3418 3421 3422 3423 3424 3425 3426 0
3420:3418 3587 0
3421:3419 3425 3462 3463 3464 0
3422:3419 3423 3436 3498 3499 0
3423:3419 3422 3480 3533 3534 3538 3539 3540 3541 0
3424:3419 3483 3563 3565 0
3425:3419 3421 0
3426:3419 3470 3734 0
3427:3363 3428 0
3428:3427 3795 0
3429:3363 3470 0
3430:3431 3432 3433 3434 0
3431:3430 3515 3551 3552 3553 3554 3555 3556 3557 3558 0
3432:3430 3591 0
3433:11 3430 3620 0
3434:3430 3516 3618 3619 0
3435:3436 3437 3438 3439 3440 3441 0
3436:3422 3435 3442 3443 3444 3445 3446 0
3437:3435 0
3438:3435 3712 0
3439:3435 3711 3755 0
3440:3435 3749 0
3441:3394 3435 0
3442:3402 3436 3482 3542 3543 3544 3545 0
3443:3436 0
3444:3436 0
3445:3436 3539 0
3446:3400 3436 0
3447:3448 3449 0
3448:3447 3707 0
3449:3447 4858 4877 0
3450:3451 3452 3453 3454 3455 0
3451:3450 3622 3646 0
3452:3450 3648 3692 3723 3724 3726 3730 0
3453:3450 3514 0
3454:3450 3514 0
3455:3450 3638 0
3456:3457 3458 3459 3460 3461 0
3457:3456 3522 3542 3568 3569 0
3458:3456 3605 3760 0
3459:3456 0
3460:3456 0
3461:3456 3523 3802 0
3462:3421 3477 3480 3481 0
3463:3421 3538 0
3464:3421 3540 0
3465:3466 3467 3468 3469 0
3466:3465 3470 3471 0
3467:3465 3693 3695 0
3468:3465 3818 0
3469:3465 3491 3695 0
3470:3426 3429 3466 3487 3490 3491 0
3471:3384 3466 3520 3521 0
3472:3473 3474 0
3473:3472 3495 3509 3510 3513 0
3474:3472 3549 3550 3672 3743 0
3475:3367 3671 3786 0
3476:3372 3783 3784 3788 3789 0
3477:3462 3478 3479 0
3478:3477 3827 0
3479:3477 3603 3683 0
3480:3423 3462 0
3481:3462 3731 0
3482:3377 3442 3558 0
3483:3377 3424 0
3484:3377 3396 0
3485:3356 3377 3401 3731 0
3486:3377 3544 0
3487:3405 3470 3488 3489 0
3488:3407 3487 0
3489:3487 3669 3825 0
3490:3470 0
3491:3469 3470 4836 0
3492:3373 3493 3494 0
3493:3369 3492 0
3494:3388 3412 3492 3559 3561 3806 3808 0
3495:3373 3473 3512 3530 4530 0
3496:3360 3763 0
3497:3360 4627 0
3498:3422 0
3499:3422 4526 4528 4702 4721 0
3500:3389 3501 3502 3503 3504 0
3501:3500 3524 3531 0
3502:3500 3668 3669 0
3503:3500 3796 0
3504:3500 4845 0
3505:3506 0
3506:3505 3807 0
3507:3508 0
3508:3507 3814 0
3509:3473 0
3510:3473 3511 3512 0
3511:3510 3672 0
3512:3495 3510 3580 0
3513:3473 3649 0
3514:11 3453 3454 3515 3516 3517 3518 3519 0
3515:3431 3514 0
3516:3434 3514 0
3517:3396 3514 0
3518:3396 3514 0
3519:3514 3653 0
3520:3471 3630 3631 0
3521:3471 4838 4862 4892 0
3522:3457 3523 0
3523:3461 3522 3617 0
3524:3501 3525 3526 3527 3528 3529 0
3525:3524 3530 0
3526:3524 3625 0
3527:3524 3627 3634 3816 0
3528:3524 3811 0
3529:3524 3823 0
3530:3495 3525 4860 0
3531:3501 3633 3776 0
3532:3533 3534 3535 3536 3537 0
3533:3423 3532 0
3534:3423 3532 0
3535:3532 0
3536:3532 3745 0
3537:3532 3745 0
3538:3423 3463 0
3539:3423 3445 0
3540:3423 3464 0
3541:3423 3756 0
3542:3442 3457 3570 0
3543:3442 3571 0
3544:3442 3486 3774 0
3545:3442 4553 4599 0
3546:3547 3548 3549 3550 0
3547:3546 3661 3662 0
3548:3546 3665 3674 3713 3714 0
3549:3474 3546 3742 0
3550:3474 3546 0
3551:3431 0
3552:3431 3594 3670 0
3553:3431 3675 0
3554:3431 3678 0
3555:3431 3751 3785 0
3556:3431 0
3557:3431 0
3558:3431 3482 0
3559:3413 3494 3560 3561 3562 0
3560:3559 3679 3791 0
3561:3494 3559 3806 3821 0
3562:3559 3821 0
3563:3424 3564 3565 3566 3567 0
3564:3563 0
3565:3424 3563 0
3566:3563 3790 3793 3817 0
3567:3563 3718 3794 0
3568:3457 0
3569:3457 3570 4680 4685 0
3570:3542 3569 3571 0
3571:3543 3570 3814 4515 4522 4523 0
3572:3573 3574 0
3573:3572 0
3574:3572 4548 4590 0
3575:3576 3577 0
3576:3575 3779 0
3577:3575 4606 4696 4697 4698 0
3578:3579 0
3579:3578 3580 3581 0
3580:3512 3579 0
3581:3579 3582 0
3582:3581 3667 0
3583:3584 3585 3586 3587 0
3584:3583 0
3585:3583 3673 3674 0
3586:3583 3666 0
3587:3420 3583 3735 0
3588:3589 0
3589:3588 3611 3770 4843 4849 4877 4888 4889 4890 0
3590:3591 0
3591:3432 3590 3592 3593 3654 3655 3670 0
3592:3591 0
3593:3591 0
3594:3552 0
3595:3596 0
3596:3595 3709 3710 0
3597:3598 3599 3600 0
3598:3597 0
3599:3597 0
3600:3597 4496 4526 0
3601:3602 0
3602:3601 3608 4863 4864 4865 0
3603:3479 0
3604:3605 0
3605:3458 3604 3780 0
3606:3607 0
3607:3606 3691 0
3608:3602 0
3609:3610 0
3610:3609 3684 3685 3686 0
3611:3589 0
3612:3405 0
3613:3614 0
3614:3613 3824 0
3615:3616 0
3616:3615 3670 0
3617:3523 0
3618:3434 0
3619:3434 0
3620:3433 0
3621:3622 3623 0
3622:3451 3621 3623 0
3623:6 3621 3622 3710 3718 0
3624:3625 3626 3627 0
3625:3526 3624 3628 3629 0
3626:3624 0
3627:3527 3624 3777 0
3628:3625 3776 0
3629:3625 3636 0
3630:3520 3631 0
3631:3520 3630 0
3632:3633 3634 0
3633:3531 3632 3696 3697 0
3634:3527 3632 0
3635:3636 0
3636:3629 3635 0
3637:3638 0
3638:3355 3455 3637 3639 3642 3643 0
3639:3638 0
3640:3355 0
3641:3355 0
3642:3638 3748 0
3643:3638 3827 0
3644:3355 3746 3747 0
3645:3355 0
3646:3355 3451 0
3647:3648 0
3648:3452 3647 0
3649:3417 3513 0
3650:3651 3652 0
3651:3394 3650 0
3652:3650 3745 0
3653:3519 0
3654:3591 3655 3656 0
3655:3591 3654 0
3656:3654 0
3657:3401 0
3658:3397 3756 0
3659:6 3660 0
3660:3659 0
3661:3547 0
3662:3547 3663 3664 3665 0
3663:3662 0
3664:3662 3744 0
3665:3548 3662 0
3666:3586 3667 0
3667:3582 3666 0
3668:3502 0
3669:3489 3502 0
3670:3552 3591 3616 0
3671:3368 3475 0
3672:3474 3511 0
3673:3585 3674 0
3674:3417 3548 3585 3673 0
3675:3553 3704 0
3676:3677 3678 0
3677:3394 3676 0
3678:3554 3676 0
3679:3560 0
3680:3681 3682 0
3681:3680 0
3682:3680 0
3683:3479 0
3684:3610 0
3685:3610 0
3686:3382 3610 3716 3828 0
3687:3688 3689 0
3688:3687 3716 3772 3773 0
3689:3687 3708 0
3690:3691 0
3691:3607 3690 0
3692:3452 0
3693:3467 3694 0
3694:3693 0
3695:3467 3469 0
3696:3633 0
3697:3633 0
3698:3411 0
3699:3700 0
3700:3411 3699 3701 0
3701:3410 3700 0
3702:3394 3732 0
3703:0
3704:3675 0
3705:3792 0
3706:3792 0
3707:3448 3771 0
3708:3689 0
3709:3596 0
3710:3596 3623 0
3711:3439 0
3712:3438 3750 0
3713:3548 3715 0
3714:3548 3743 0
3715:3713 3819 3820 0
3716:3686 3688 0
3717:3718 0
3718:3567 3623 3717 0
3719:3720 0
3720:3719 3776 0
3721:3722 3723 3724 0
3722:3721 0
3723:3452 3721 3725 0
3724:3452 3721 3728 0
3725:3723 3726 3727 0
3726:3452 3725 3728 0
3727:3725 0
3728:3724 3726 3729 0
3729:3728 0
3730:9 3452 3752 0
3731:3481 3485 0
3732:3702 3745 0
3733:3734 3735 0
3734:3426 3733 0
3735:3587 3733 0
3736:3369 0
3737:3738 0
3738:3737 3743 0
3739:3740 0
3740:3739 3742 0
3741:3742 0
3742:3549 3740 3741 3743 3744 0
3743:3474 3714 3738 3742 0
3744:3664 3742 0
3745:3536 3537 3652 3732 0
3746:3644 0
3747:3644 3790 0
3748:3642 0
3749:3440 0
3750:3712 3751 0
3751:3555 3750 0
3752:3730 0
3753:3754 3755 0
3754:3753 0
3755:3439 3753 0
3756:3541 3658 0
3757:3758 0
3758:3757 3775 3826 0
3759:3760 0
3760:3458 3759 0
3761:3376 3762 0
3762:3761 0
3763:3376 3496 0
3764:3407 0
3765:3766 3767 3768 0
3766:3765 3800 0
3767:3765 0
3768:3765 3818 0
3769:3770 0
3770:3589 3769 4875 0
3771:3385 3707 0
3772:3688 0
3773:3688 3804 0
3774:3544 0
3775:3758 0
3776:3531 3628 3720 0
3777:3627 3778 0
3778:3777 3798 3801 0
3779:3576 0
3780:3605 0
3781:3782 0
3782:3781 3796 3797 0
3783:3370 3476 0
3784:3370 3476 0
3785:3555 0
3786:3475 3787 0
3787:3786 0
3788:3476 0
3789:3476 0
3790:3566 3747 0
3791:3560 0
3792:3705 3706 0
3793:3566 0
3794:3567 0
3795:3406 3428 0
3796:3503 3782 0
3797:3782 0
3798:3778 3799 0
3799:3798 0
3800:3766 3803 0
3801:3778 0
3802:3461 0
3803:3800 3804 0
3804:3773 3803 3813 0
3805:3388 0
3806:3494 3561 0
3807:3506 3808 0
3808:3494 3807 0
3809:9 0
3810:3811 0
3811:3528 3810 0
3812:3813 0
3813:3804 3812 4835 4876 4892 0
3814:3508 3571 4523 4696 0
3815:3412 0
3816:3527 0
3817:3566 0
3818:3468 3768 0
3819:3715 0
3820:3715 0
3821:3561 3562 0
3822:3823 0
3823:3529 3822 0
3824:3408 3614 0
3825:3489 0
3826:3385 3758 0
3827:3478 3643 0
3828:3686 0
3829:3830 3831 0
3830:3829 3843 3870 0
3831:3829 3833 0
3832:3833 3834 3835 0
3833:3831 3832 3836 3856 3857 3858 3859 0
3834:3832 3867 0
3835:3832 3836 3912 3913 0
3836:3833 3835 0
3837:3838 3839 3840 0
3838:3837 3877 0
3839:3837 3914 3929 0
3840:3837 3914 0
3841:3842 3843 3844 0
3842:3841 3845 0
3843:3830 3841 0
3844:3841 3878 3879 0
3845:3842 3855 3874 3878 3894 0
3846:3847 0
3847:3846 3848 3849 3850 0
3848:3847 3851 3880 3885 3910 3911 0
3849:3847 3850 3883 0
3850:3847 3849 0
3851:3848 3852 3853 0
3852:3851 0
3853:3851 4015 0
3854:3855 0
3855:3845 3854 3856 0
3856:3833 3855 3859 0
3857:3833 0
3858:3833 0
3859:3833 3856 0
3860:3861 3862 3863 3864 3865 0
3861:3860 0
3862:3860 3866 3867 3868 0
3863:3860 3902 0
3864:3860 0
3865:3860 3894 3903 3928 4204 4205 4239 4332 4333 0
3866:805 3862 3927 0
3867:3834 3862 3869 3933 3935 3946 3981 3982 3983 3984 0
3868:3862 3928 4011 0
3869:3867 3870 0
3870:3830 3869 4023 0
3871:202 3896 0
3872:3873 3874 3875 3876 0
3873:3872 0
3874:3845 3872 3894 3897 3898 3899 3900 3901 0
3875:3872 3964 3965 0
3876:3872 3989 3990 0
3877:3838 3912 3914 0
3878:3844 3845 3881 3882 3909 3915 3923 0
3879:3844 3888 3931 3932 3966 3977 3980 0
3880:3848 3881 3882 3883 3884 3885 0
3881:3878 3880 0
3882:3878 3880 0
3883:3849 3880 3884 3905 3940 0
3884:3880 3883 0
3885:3848 3880 3963 0
3886:805 3887 3888 3889 3890 3891 0
3887:3886 3954 0
3888:3879 3886 3979 0
3889:3886 3962 3977 0
3890:3886 3921 4006 0
3891:3886 3960 4006 0
3892:805 3893 0
3893:3892 3909 0
3894:805 3845 3865 3874 3895 3902 3903 0
3895:805 3894 3924 3925 3926 0
3896:805 3871 4005 0
3897:3874 3927 3980 0
3898:3874 0
3899:3874 3964 0
3900:3874 3990 0
3901:3874 3977 0
3902:3863 3894 3904 0
3903:3865 3894 3913 0
3904:3902 3905 3906 3907 3908 0
3905:3883 3904 0
3906:3904 0
3907:3904 4000 0
3908:3904 3959 0
3909:3878 3893 0
3910:3848 0
3911:3848 3960 3961 0
3912:3835 3877 0
3913:3835 3903 3939 4002 4003 4010 4016 4017 0
3914:3839 3840 3877 3928 3929 3930 0
3915:3878 3916 3917 3918 3919 3920 3921 3922 0
3916:3915 0
3917:3915 3997 0
3918:3915 3919 0
3919:3915 3918 3921 0
3920:3915 3956 3997 0
3921:3890 3915 3919 3961 4014 0
3922:3915 0
3923:3878 0
3924:3895 0
3925:3895 0
3926:3895 0
3927:3866 3897 3948 3966 4007 4020 0
3928:3865 3868 3914 0
3929:3839 3914 0
3930:3914 3967 0
3931:3879 3932 0
3932:3879 3931 3942 0
3933:3867 3934 0
3934:3933 3935 3936 0
3935:3867 3934 3947 0
3936:3934 3983 4012 0
3937:3938 3939 0
3938:3937 4010 4011 0
3939:3913 3937 0
3940:3883 0
3941:3942 3943 0
3942:3932 3941 3944 0
3943:3941 3951 0
3944:3942 3949 3953 0
3945:3946 3947 3948 0
3946:3867 3945 0
3947:3935 3945 3982 0
3948:3927 3945 4019 0
3949:3944 3950 0
3950:3949 3966 4012 0
3951:3943 3952 3953 0
3952:3951 0
3953:3944 3951 0
3954:3887 3955 3956 0
3955:3954 0
3956:3920 3954 4018 0
3957:3958 0
3958:3957 4012 0
3959:3908 0
3960:3891 3911 3962 3963 0
3961:3911 3921 4013 0
3962:3889 3960 0
3963:3885 3960 0
3964:3875 3899 0
3965:3875 3993 3999 4000 4008 0
3966:3879 3927 3950 0
3967:3930 3968 3969 0
3968:3967 0
3969:3967 3995 0
3970:3971 3972 3973 0
3971:3970 3974 0
3972:3970 0
3973:3970 4021 0
3974:3971 3975 0
3975:3974 3976 0
3976:3975 0
3977:3879 3889 3901 3978 3979 0
3978:3977 0
3979:3888 3977 0
3980:3879 3897 0
3981:3867 3985 0
3982:3867 3947 0
3983:3867 3936 0
3984:3867 4003 0
3985:3981 4019 4022 0
3986:3987 3988 0
3987:3986 4004 4007 0
3988:3986 4008 4009 0
3989:3876 0
3990:3876 3900 3998 0
3991:3992 3993 0
3992:3991 0
3993:3965 3991 0
3994:3995 0
3995:3969 3994 3996 0
3996:3995 4001 0
3997:3917 3920 4018 0
3998:3990 0
3999:3965 4000 0
4000:3907 3965 3999 0
4001:3996 4017 0
4002:3913 4003 0
4003:3913 3984 4002 0
4004:3987 0
4005:3896 0
4006:3890 3891 0
4007:3927 3987 0
4008:3965 3988 0
4009:3988 0
4010:3913 3938 0
4011:3868 3938 0
4012:3936 3950 3958 0
4013:3961 4014 0
4014:3921 4013 4015 0
4015:3853 4014 0
4016:3913 4017 0
4017:3913 4001 4016 0
4018:3956 3997 0
4019:3948 3985 4020 0
4020:3927 4019 0
4021:3973 0
4022:3985 0
4023:3870 0
4024:4025 0
4025:4024 4043 4084 0
4026:4027 4028 4029 0
4027:4026 4050 4051 0
4028:4026 4053 0
4029:4026 4082 4114 0
4030:4031 4032 0
4031:4030 4033 0
4032:4030 4110 0
4033:4031 4034 4087 0
4034:4033 4035 0
4035:4034 4053 0
4036:4037 0
4037:4036 4073 4116 0
4038:4039 4040 0
4039:4038 4040 4092 0
4040:4038 4039 4080 4090 4111 0
4041:4042 4043 4044 4045 0
4042:4041 4045 4072 4073 4074 0
4043:4025 4041 4108 0
4044:4041 4145 0
4045:4041 4042 0
4046:4047 4048 4049 0
4047:4046 4075 4076 4077 0
4048:4046 4142 0
4049:4046 4115 0
4050:4027 4052 4053 4054 4055 4056 0
4051:4027 4059 0
4052:4050 4070 4071 0
4053:4028 4035 4050 4058 4088 4089 4090 4091 0
4054:4050 0
4055:4050 4058 0
4056:4050 4080 4112 0
4057:4058 4059 4060 0
4058:4053 4055 4057 4061 4062 0
4059:4051 4057 0
4060:4057 4109 0
4061:4058 4109 0
4062:4058 4123 0
4063:3091 4064 4065 0
4064:4063 4066 4068 4069 0
4065:3090 4063 4102 4106 4132 0
4066:4064 4067 0
4067:4066 4120 4136 0
4068:4064 4113 0
4069:4064 4071 4122 4130 0
4070:4052 0
4071:4052 4069 4090 0
4072:503 4042 4084 4095 0
4073:4037 4042 4112 4133 4134 4135 0
4074:4042 4144 0
4075:4047 0
4076:4047 0
4077:4047 4078 4080 4081 0
4078:4077 4079 0
4079:4078 4082 4083 0
4080:4040 4056 4077 4114 4124 4129 4130 0
4081:4077 4148 0
4082:4029 4079 4103 4104 0
4083:4079 4114 0
4084:4025 4072 0
4085:4086 0
4086:4085 4095 4152 0
4087:4033 4107 0
4088:4053 0
4089:4053 0
4090:4040 4053 4071 4127 0
4091:4053 0
4092:4039 4093 0
4093:4092 4113 4119 4124 4130 0
4094:604 4107 0
4095:4072 4086 0
4096:4097 4098 0
4097:4096 4115 0
4098:4096 4116 0
4099:4100 4101 0
4100:4099 4102 0
4101:4099 4125 0
4102:4065 4100 0
4103:4082 0
4104:4082 0
4105:4106 0
4106:4065 4105 4125 4128 0
4107:4087 4094 0
4108:4043 4135 4144 0
4109:4060 4061 0
4110:4032 4137 0
4111:4040 4112 0
4112:4056 4073 4111 4131 0
4113:4068 4093 4122 4130 4131 0
4114:4029 4080 4083 0
4115:4049 4097 4116 0
4116:4037 4098 4115 0
4117:4118 4119 4120 4121 0
4118:4117 4119 0
4119:4093 4117 4118 0
4120:4067 4117 0
4121:4117 4130 0
4122:4069 4113 0
4123:4062 0
4124:4080 4093 0
4125:4101 4106 4126 0
4126:4125 4132 0
4127:4090 0
4128:3270 4106 0
4129:4080 0
4130:4069 4080 4093 4113 4121 0
4131:4112 4113 0
4132:4065 4126 0
4133:4073 0
4134:4073 0
4135:4073 4108 0
4136:4067 0
4137:4110 4138 0
4138:4137 4139 0
4139:4138 4140 4141 0
4140:4139 4147 0
4141:4139 4147 0
4142:4048 0
4143:4144 4145 0
4144:4074 4108 4143 4146 0
4145:4044 4143 0
4146:4144 0
4147:4140 4141 4184 4186 0
4148:4081 4149 4150 4151 0
4149:4148 0
4150:4148 0
4151:4148 0
4152:4086 0
4153:4154 0
4154:4153 4156 4158 4159 4160 0
4155:4156 0
4156:2851 4154 4155 4157 4158 0
4157:4156 0
4158:4154 4156 4170 4171 4172 0
4159:4154 0
4160:2954 4154 4217 4257 4279 4293 0
4161:2954 4162 4163 4164 0
4162:4161 4169 4177 4300 4301 0
4163:2807 2954 4161 4168 4284 4342 4353 0
4164:4161 0
4165:4166 4167 0
4166:4165 4168 4169 0
4167:4165 4376 4377 0
4168:644 4163 4166 4169 4227 4252 4310 4322 0
4169:4162 4166 4168 4323 0
4170:4158 4198 4237 4238 4239 0
4171:4158 4172 4204 4292 0
4172:4158 4171 4204 0
4173:4174 0
4174:4173 4175 4176 4177 0
4175:4174 0
4176:4174 4301 0
4177:4162 4174 0
4178:4179 4180 0
4179:4178 4206 4207 4208 0
4180:4178 4235 0
4181:4182 4183 0
4182:4181 4206 4209 4236 4276 0
4183:4181 4367 4368 4369 4370 0
4184:4147 0
4185:4186 0
4186:4147 4185 4194 4212 4213 4214 0
4187:4188 4189 4190 4191 4192 0
4188:4187 4190 0
4189:4187 0
4190:4187 4188 4221 0
4191:4187 0
4192:4187 4362 4363 0
4193:4194 4195 4196 4197 0
4194:4186 4193 4206 4269 4270 0
4195:4193 0
4196:4193 0
4197:4193 0
4198:2851 4170 4217 4218 4219 0
4199:4200 4201 4202 4203 0
4200:2852 4199 4204 4205 0
4201:4199 0
4202:4199 0
4203:4199 0
4204:3865 4171 4172 4200 4297 0
4205:3865 4200 0
4206:4179 4182 4194 4263 4273 4274 4275 0
4207:4179 4274 4380 0
4208:4179 0
4209:4182 4210 4211 0
4210:4209 0
4211:4209 0
4212:4186 4215 0
4213:4186 4216 0
4214:4186 4268 0
4215:4212 4320 0
4216:4213 0
4217:4160 4198 4233 4255 4258 4262 0
4218:4198 4233 4253 4280 4284 0
4219:4198 4361 0
4220:540 4221 4243 0
4221:540 2852 4190 4220 4243 4354 0
4222:540 0
4223:216 4297 0
4224:529 2551 4225 4226 0
4225:527 4224 4272 0
4226:4224 0
4227:644 2954 4168 0
4228:4229 4230 4231 0
4229:4228 4232 4233 4234 0
4230:4228 0
4231:4228 0
4232:4229 4240 4241 0
4233:4217 4218 4229 4234 4277 4279 0
4234:4229 4233 0
4235:198 4180 4236 0
4236:646 4182 4235 4295 0
4237:4170 4265 4266 4267 0
4238:4170 4239 0
4239:3865 4170 4238 4334 0
4240:4232 0
4241:4232 0
4242:4243 0
4243:2852 4220 4221 4242 4244 4245 4247 0
4244:4243 0
4245:4243 4246 0
4246:4245 0
4247:2852 4243 4321 0
4248:2550 0
4249:2550 0
4250:4251 0
4251:4250 4252 0
4252:4168 4251 4302 4310 4328 0
4253:4218 4254 0
4254:644 4253 0
4255:4217 4256 4257 0
4256:4255 0
4257:4160 4255 4289 4290 4291 0
4258:4217 4259 4260 4261 0
4259:4258 4285 4286 4287 4288 0
4260:4258 0
4261:4258 0
4262:4217 4355 4356 4357 4358 4359 4360 0
4263:4206 4264 0
4264:4263 4306 4307 0
4265:4237 0
4266:4237 0
4267:4237 0
4268:616 4214 0
4269:4194 4270 4305 0
4270:4194 4269 4340 4341 0
4271:2551 0
4272:4225 0
4273:4206 4343 4344 4345 4346 4347 0
4274:4206 4207 0
4275:4206 4295 0
4276:4182 4298 4299 0
4277:4233 4278 0
4278:4277 0
4279:2954 4160 4233 4324 4325 4326 4327 0
4280:4218 4281 4282 4283 0
4281:4280 0
4282:4280 0
4283:4280 0
4284:2954 4163 4218 0
4285:4259 0
4286:4259 0
4287:4259 0
4288:4259 0
4289:4257 0
4290:4257 0
4291:4257 0
4292:4171 0
4293:4160 4294 0
4294:4293 0
4295:4236 4275 0
4296:646 2852 4297 0
4297:646 4204 4223 4296 0
4298:4276 0
4299:4276 0
4300:4162 4313 4314 4315 4316 4317 0
4301:4162 4176 4352 0
4302:4252 4303 4304 0
4303:4302 0
4304:4302 0
4305:4269 0
4306:4264 0
4307:4264 0
4308:957 0
4309:957 0
4310:4168 4252 4311 4312 0
4311:4310 4318 4319 0
4312:4310 0
4313:4300 4348 4349 4350 4351 0
4314:4300 0
4315:4300 0
4316:4300 0
4317:4300 0
4318:4311 0
4319:4311 0
4320:4215 0
4321:4247 0
4322:4168 4335 4336 4337 4338 4339 0
4323:4169 4371 4372 0
4324:4279 0
4325:4279 0
4326:4279 0
4327:4279 0
4328:4252 4329 4330 4331 0
4329:4328 0
4330:4328 0
4331:4328 0
4332:3865 0
4333:3865 0
4334:4239 0
4335:4322 0
4336:4322 0
4337:4322 0
4338:4322 0
4339:4322 0
4340:4270 0
4341:4270 0
4342:4163 0
4343:4273 0
4344:4273 0
4345:4273 0
4346:4273 0
4347:4273 0
4348:4313 0
4349:4313 0
4350:4313 0
4351:4313 0
4352:4301 4365 4366 0
4353:4163 4378 4379 0
4354:4221 0
4355:4262 0
4356:4262 0
4357:4262 0
4358:4262 0
4359:4262 0
4360:4262 0
4361:4219 0
4362:4192 0
4363:4192 0
4364:2955 0
4365:4352 0
4366:4352 0
4367:4183 0
4368:4183 0
4369:4183 0
4370:4183 4373 4374 4375 0
4371:4323 0
4372:4323 0
4373:4370 0
4374:4370 0
4375:4370 0
4376:4167 0
4377:4167 0
4378:4353 0
4379:4353 0
4380:4207 0
4381:4382 4383 4384 4385 4386 0
4382:4381 4383 4396 4414 4418 4419 4420 4421 0
4383:4381 4382 4419 0
4384:4381 0
4385:4381 4386 4393 4416 4417 4451 4452 4454 0
4386:4381 4385 4420 4441 0
4387:4388 4389 0
4388:4387 4390 4394 0
4389:4387 4391 4394 4396 4407 4429 4430 4431 0
4390:4388 4391 0
4391:4389 4390 4407 4438 0
4392:4393 0
4393:4385 4392 4403 4404 4424 4425 0
4394:4388 4389 4407 0
4395:4398 4401 4403 4410 0
4396:4382 4389 4398 4411 0
4397:4402 4405 4407 4415 0
4398:4395 4396 4401 4403 0
4399:4404 4424 0
4400:4405 4406 4409 4439 4447 4459 4460 0
4401:4395 4398 4403 0
4402:4397 0
4403:4393 4395 4398 4401 4412 4413 4433 0
4404:4393 4399 4424 4425 0
4405:4397 4400 4406 4407 4408 4409 0
4406:4400 4405 4442 0
4407:4389 4391 4394 4397 4405 4430 4443 0
4408:4405 4409 4435 4436 4444 4445 4446 4447 4448 4449 0
4409:4400 4405 4408 4442 4445 0
4410:4395 0
4411:4396 4422 4426 4428 4431 4447 4450 0
4412:4403 4413 0
4413:344 4403 4412 0
4414:4382 0
4415:4397 0
4416:401 4385 4417 4451 4452 4454 0
4417:401 4385 4416 4454 0
4418:4382 4419 4423 4447 0
4419:4382 4383 4418 4420 4421 4454 0
4420:4382 4386 4419 4441 4454 4463 0
4421:4382 4419 0
4422:4411 4423 0
4423:4418 4422 4458 0
4424:4393 4399 4404 4425 0
4425:4393 4404 4424 0
4426:4411 0
4427:4429 0
4428:4411 0
4429:4389 4427 0
4430:4389 4407 4432 0
4431:4389 4411 0
4432:4430 0
4433:4403 0
4434:4435 0
4435:4408 4434 4436 0
4436:4408 4435 4444 4446 4448 0
4437:317 4451 4452 0
4438:4391 4439 4440 0
4439:4400 4438 4462 0
4440:4438 0
4441:4386 4420 0
4442:4406 4409 0
4443:4407 0
4444:4408 4436 4445 0
4445:4408 4409 4444 4446 4447 0
4446:4408 4436 4445 4447 4448 4455 0
4447:4400 4408 4411 4418 4445 4446 0
4448:4408 4436 4446 4457 0
4449:4408 0
4450:4411 0
4451:4385 4416 4437 0
4452:4385 4416 4437 0
4453:4454 0
4454:4385 4416 4417 4419 4420 4453 0
4455:4446 4458 0
4456:344 0
4457:4448 0
4458:4423 4455 0
4459:4400 0
4460:4400 0
4461:0
4462:4439 0
4463:4420 0
4464:4465 0
4465:377 4464 4466 4467 0
4466:377 4465 4467 4477 0
4467:4465 4466 4474 4478 0
4468:4469 4470 0
4469:4468 0
4470:377 4468 0
4471:420 0
4472:4473 4474 0
4473:4472 0
4474:4467 4472 0
4475:394 0
4476:377 0
4477:1346 4466 4478 4479 0
4478:1346 4467 4477 4480 0
4479:4477 0
4480:4478 0
4481:110 0
4482:916 0
4483:916 0
4484:4485 0
4485:4484 4486 0
4486:4485 0
4487:4488 0
4488:4487 4489 0
4489:4488 0
4490:0
4491:0
4492:0
4493:0
4494:55 0
4495:4496 4497 0
4496:3600 4495 4498 4527 4536 4537 4538 0
4497:4495 4565 4672 0
4498:4496 4499 0
4499:4498 4593 0
4500:2352 4501 4502 4503 4504 0
4501:4500 4629 4630 0
4502:4500 4635 4686 4687 4703 4718 0
4503:4500 4559 4733 0
4504:4500 0
4505:4506 4507 4508 0
4506:4505 4739 0
4507:4505 4632 4737 0
4508:4505 0
4509:4510 4511 0
4510:4509 4521 0
4511:4509 4529 4711 0
4512:4513 0
4513:4512 4574 0
4514:4515 4516 4517 4518 4519 0
4515:2377 3571 4514 4520 0
4516:4514 4587 4588 4589 0
4517:4514 4719 4720 0
4518:4514 4578 0
4519:4514 4659 0
4520:3364 4515 4647 4854 4878 4879 4880 0
4521:4510 0
4522:3571 4524 4525 0
4523:3571 3814 4557 4607 0
4524:2376 4522 4700 4701 4702 0
4525:2446 4522 4837 4838 0
4526:3499 3600 0
4527:4496 4528 0
4528:3499 4527 0
4529:4511 4530 4531 0
4530:3495 4529 4532 0
4531:4529 0
4532:4530 4551 0
4533:4534 4535 0
4534:4533 4543 4657 0
4535:2480 4533 0
4536:4496 4567 0
4537:4496 4633 0
4538:4496 4624 0
4539:4540 4541 4542 0
4540:4539 4543 4544 0
4541:4539 4569 0
4542:4539 4667 0
4543:4534 4540 4709 4710 0
4544:4540 4570 4763 0
4545:4546 4547 0
4546:4545 4567 0
4547:4545 4681 4683 4684 0
4548:3574 4549 0
4549:4548 4589 0
4550:4551 4552 0
4551:4532 4550 4572 4575 4576 0
4552:4550 4664 4676 0
4553:2495 3545 4557 0
4554:2495 0
4555:2495 4668 0
4556:2495 4601 0
4557:4523 4553 0
4558:2480 4559 4560 4561 0
4559:4503 4558 0
4560:4558 4728 4729 0
4561:4558 0
4562:4563 4564 0
4563:4562 4637 0
4564:4562 4591 0
4565:4497 4566 0
4566:4565 4599 4625 0
4567:4536 4546 4817 0
4568:4569 4570 4571 0
4569:4541 4568 4570 0
4570:4544 4568 4569 0
4571:4568 4828 0
4572:4551 4573 0
4573:4572 4574 0
4574:4513 4573 4743 0
4575:4551 0
4576:4551 0
4577:4578 0
4578:4518 4577 4579 0
4579:4578 4678 4682 0
4580:4581 4582 0
4581:4580 4605 4616 4621 0
4582:4580 4602 4669 0
4583:4584 4585 0
4584:2480 4583 4586 0
4585:4583 4667 0
4586:4584 4662 0
4587:4516 4634 4659 4660 0
4588:4516 4703 0
4589:4516 4549 0
4590:3574 4732 4747 0
4591:4564 4592 0
4592:4591 4678 4723 4727 0
4593:4499 4594 4595 4596 0
4594:4593 4608 4609 4610 0
4595:4593 4721 4722 0
4596:4593 0
4597:4598 4599 4600 0
4598:4597 0
4599:3545 4566 4597 0
4600:4597 4626 0
4601:4556 4602 0
4602:4582 4601 4708 0
4603:4604 4605 4606 0
4604:4603 4607 0
4605:4581 4603 4673 4674 0
4606:3577 4603 0
4607:4523 4604 4704 0
4608:4594 4739 4756 0
4609:4594 0
4610:4594 4749 0
4611:4612 4613 0
4612:4611 4614 4615 4616 4617 4618 4619 4620 0
4613:4611 4648 0
4614:4612 0
4615:4612 4675 4715 0
4616:4581 4612 4731 0
4617:4612 4760 4762 0
4618:4612 0
4619:4612 0
4620:4612 0
4621:4581 4816 0
4622:4623 4624 0
4623:4622 4632 0
4624:4538 4622 4727 4736 0
4625:4566 4626 0
4626:4600 4625 4661 4675 0
4627:3497 4628 0
4628:4627 4645 4693 4725 4755 0
4629:4501 0
4630:4501 0
4631:4632 0
4632:4507 4623 4631 0
4633:4537 4711 0
4634:4587 4635 4636 0
4635:4502 4634 4716 0
4636:4634 0
4637:4563 4638 4639 0
4638:2377 4637 4639 4641 4694 4714 0
4639:4637 4638 4751 0
4640:2371 4641 4642 4643 4644 0
4641:4638 4640 4658 0
4642:4640 0
4643:4640 4750 0
4644:4640 4705 4714 0
4645:3364 4628 4646 4647 0
4646:4645 4692 4693 0
4647:4520 4645 4832 4834 0
4648:4613 4649 4650 4651 4652 0
4649:4648 4752 4755 0
4650:4648 0
4651:4648 0
4652:4648 0
4653:4654 4655 4656 0
4654:4653 4692 0
4655:4653 0
4656:4653 0
4657:4534 0
4658:4641 4830 0
4659:4519 4587 4660 0
4660:4587 4659 0
4661:4626 0
4662:4586 4679 4746 0
4663:4664 4665 0
4664:4552 4663 4666 0
4665:4663 0
4666:4664 0
4667:4542 4585 0
4668:4555 4669 0
4669:4582 4668 0
4670:2487 2489 4734 0
4671:2487 4770 4784 0
4672:4497 4684 0
4673:4605 0
4674:4605 0
4675:4615 4626 0
4676:4552 4677 0
4677:4676 4739 4749 0
4678:4579 4592 0
4679:4662 0
4680:3569 4681 0
4681:4547 4680 4706 0
4682:4579 0
4683:4547 0
4684:4547 4672 0
4685:2496 3569 0
4686:4502 4687 4688 4689 4690 0
4687:4502 4686 4691 0
4688:4686 0
4689:4686 0
4690:4686 0
4691:4687 4718 4740 0
4692:4646 4654 0
4693:4628 4646 4748 0
4694:4638 4695 0
4695:4694 4720 4738 0
4696:3577 3814 0
4697:3577 4704 4732 0
4698:3577 4814 4815 0
4699:2376 0
4700:4524 0
4701:4524 0
4702:3499 4524 0
4703:4502 4588 4717 4831 0
4704:4607 4697 0
4705:4644 0
4706:4681 4707 0
4707:4706 0
4708:4602 0
4709:2492 4543 4757 0
4710:4543 4825 0
4711:4511 4633 0
4712:4713 4714 0
4713:4712 0
4714:4638 4644 4712 0
4715:4615 0
4716:4635 0
4717:4703 0
4718:4502 4691 4741 0
4719:4517 0
4720:4517 4695 4730 0
4721:3499 4595 4723 4724 0
4722:4595 4737 0
4723:2377 4592 4721 0
4724:4721 4739 0
4725:4628 4726 0
4726:4725 0
4727:4592 4624 0
4728:2470 4560 4754 0
4729:4560 4826 0
4730:4720 0
4731:4616 0
4732:4590 4697 0
4733:4503 4822 0
4734:4670 4769 4774 4805 4806 0
4735:4736 0
4736:4624 4735 0
4737:4507 4722 0
4738:4695 0
4739:4506 4608 4677 4724 0
4740:4691 0
4741:4718 4742 0
4742:4741 0
4743:4574 0
4744:2489 4791 4793 4809 0
4745:2489 4786 0
4746:2480 4662 0
4747:4590 0
4748:4693 4819 0
4749:4610 4677 0
4750:4643 4829 0
4751:4639 0
4752:4649 4753 0
4753:4752 0
4754:4728 0
4755:4628 4649 0
4756:4608 0
4757:4709 0
4758:2492 0
4759:876 2492 0
4760:4617 4761 0
4761:4760 0
4762:4617 0
4763:4544 4824 4825 0
4764:4765 4766 0
4765:4764 4781 0
4766:4764 4774 0
4767:4768 4769 0
4768:4767 4779 0
4769:4734 4767 0
4770:4671 4771 0
4771:4770 4772 0
4772:4771 4773 0
4773:4772 4784 0
4774:4734 4766 4775 4776 4777 0
4775:4774 4778 4782 4787 4802 0
4776:4774 4778 0
4777:4774 0
4778:4775 4776 0
4779:4768 4780 0
4780:4779 4781 0
4781:4765 4780 0
4782:4775 4783 0
4783:4782 4785 4792 4795 4800 4801 0
4784:4671 4773 0
4785:4783 4786 0
4786:4745 4785 4793 4803 4808 0
4787:4775 4788 0
4788:4787 4792 0
4789:4790 4791 0
4790:4789 4804 0
4791:4744 4789 0
4792:4783 4788 0
4793:4744 4786 4794 0
4794:4793 4812 4813 0
4795:4783 4796 0
4796:2490 2491 4795 0
4797:2490 4798 4799 0
4798:4797 0
4799:2490 4797 4821 0
4800:4783 0
4801:4783 0
4802:4775 4803 0
4803:4786 4802 0
4804:4790 4807 0
4805:4734 4810 0
4806:4734 0
4807:4804 4808 0
4808:4786 4807 0
4809:4744 4811 0
4810:4805 4811 0
4811:4809 4810 0
4812:4794 0
4813:4794 0
4814:4698 0
4815:4698 0
4816:4621 0
4817:4567 4818 0
4818:4817 0
4819:4748 4820 0
4820:4819 0
4821:4799 0
4822:4733 0
4823:4824 0
4824:4763 4823 0
4825:4710 4763 4827 0
4826:4729 0
4827:4825 0
4828:4571 0
4829:4750 0
4830:4658 0
4831:4703 0
4832:2284 4647 4833 0
4833:4832 4835 4847 0
4834:4647 4835 0
4835:3813 4833 4834 0
4836:3491 4841 4880 0
4837:4525 4854 4857 4858 0
4838:3521 4525 4858 0
4839:4840 4841 0
4840:4839 4894 0
4841:4836 4839 4894 0
4842:4843 4844 4845 0
4843:3589 4842 4860 0
4844:4842 0
4845:3504 4842 4902 0
4846:4847 0
4847:2284 2446 2483 4833 4846 0
4848:4849 4850 4851 0
4849:3589 4848 0
4850:4848 4884 0
4851:4848 4852 0
4852:4851 4853 0
4853:4852 4885 0
4854:4520 4837 4855 4856 0
4855:4854 0
4856:4854 0
4857:4837 0
4858:3449 4837 4838 4892 0
4859:4860 0
4860:3530 4843 4859 4861 4862 0
4861:4860 4884 4887 0
4862:3521 4860 4882 0
4863:3602 4898 4899 0
4864:3602 4895 0
4865:3602 4886 0
4866:1107 4867 0
4867:141 4866 0
4868:228 4869 0
4869:2474 4868 4874 0
4870:2396 0
4871:2474 4872 0
4872:141 4871 0
4873:2474 0
4874:4869 0
4875:3770 4876 0
4876:3813 4875 0
4877:1140 3449 3589 0
4878:4520 0
4879:4520 0
4880:4520 4836 4893 0
4881:4882 4883 0
4882:4862 4881 4891 0
4883:4881 4903 0
4884:4850 4861 4885 4886 0
4885:4853 4884 0
4886:4865 4884 0
4887:141 4861 0
4888:3589 4900 0
4889:3589 0
4890:3589 4900 4903 0
4891:4882 0
4892:3521 3813 4858 0
4893:4880 0
4894:4840 4841 0
4895:1140 4864 4896 4897 0
4896:4895 4898 0
4897:4895 4901 0
4898:4863 4896 0
4899:4863 0
4900:4888 4890 0
4901:4897 0
4902:4845 0
4903:4883 4890 0
4904:876 4905 0
4905:4904 4912 0
4906:13 0
4907:13 4909 0
4908:882 4909 0
4909:4907 4908 0
4910:882 4911 0
4911:911 4910 0
4912:4905 0
