N=4902 V=6154
1:2 3 4 0
2:1 427 434 435 436 437 0
3:1 431 456 457 458 0
4:1 476 521 0
5:6 7 8 9 0
6:5 3613 3649 0
7:5 3367 0
8:5 3367 0
9:5 3720 3799 0
10:11 0
11:10 3423 3504 0
12:13 0
13:12 4896 4897 0
14:15 0
15:14 115 119 125 170 172 173 174 0
16:17 18 0
17:16 32 33 34 35 0
18:16 47 0
19:20 0
20:19 21 22 0
21:20 0
22:20 23 24 25 26 27 0
23:22 28 0
24:22 131 132 0
25:22 106 0
26:22 28 67 131 197 204 225 0
27:22 31 0
28:23 26 61 0
29:30 31 0
30:29 59 60 99 176 177 178 0
31:27 29 67 0
32:17 0
33:17 36 37 38 39 0
34:17 0
35:17 96 166 0
36:33 0
37:33 0
38:33 44 68 0
39:33 117 0
40:41 42 0
41:40 43 44 0
42:40 189 0
43:41 45 0
44:38 41 0
45:43 162 244 254 0
46:47 48 0
47:18 46 111 0
48:46 65 0
49:50 0
50:49 110 127 0
51:52 0
52:51 55 152 167 528 538 0
53:54 55 0
54:53 116 0
55:52 53 127 167 217 4484 0
56:57 58 0
57:56 93 95 128 0
58:56 221 0
59:30 60 61 62 0
60:30 59 61 0
61:28 59 60 71 225 0
62:59 0
63:64 65 0
64:63 230 0
65:48 63 0
66:67 0
67:26 31 66 94 126 153 165 183 184 0
68:38 0
69:70 71 0
70:69 71 107 176 209 0
71:61 69 70 84 188 195 225 0
72:73 74 0
73:72 130 0
74:72 77 192 0
75:76 77 0
76:75 130 0
77:74 75 176 234 0
78:79 0
79:78 80 81 0
80:79 82 83 84 85 0
81:79 91 0
82:80 86 87 88 89 90 0
83:80 134 137 139 142 143 0
84:71 80 85 0
85:80 84 0
86:82 0
87:82 0
88:82 0
89:82 101 102 103 105 0
90:82 130 191 235 0
91:81 92 0
92:91 226 0
93:57 94 95 96 97 0
94:67 93 98 0
95:57 93 0
96:35 93 262 0
97:93 210 0
98:94 227 0
99:30 100 0
100:99 159 236 238 0
101:89 0
102:89 0
103:89 104 0
104:103 162 193 247 248 249 250 0
105:89 158 178 0
106:25 107 108 0
107:70 106 187 0
108:106 195 0
109:110 0
110:50 109 127 168 606 4471 0
111:47 190 210 0
112:113 114 115 0
113:112 182 199 200 0
114:112 121 124 182 0
115:15 112 0
116:54 149 0
117:39 118 0
118:117 160 0
119:15 120 0
120:119 173 0
121:114 122 123 124 125 0
122:121 125 0
123:121 125 0
124:114 121 0
125:15 121 122 123 249 254 0
126:67 127 0
127:50 55 110 126 164 218 2543 0
128:57 129 0
129:128 130 0
130:73 76 90 129 191 211 233 0
131:24 26 0
132:24 0
133:134 0
134:83 133 135 136 140 141 0
135:134 0
136:134 0
137:83 0
138:139 0
139:83 138 144 0
140:134 1040 1106 0
141:134 1138 4857 4862 4877 0
142:83 1053 1070 1139 0
143:83 2432 0
144:139 196 197 198 0
145:146 147 0
146:145 154 156 0
147:145 222 263 0
148:149 150 151 0
149:116 148 152 0
150:148 151 201 0
151:148 150 258 0
152:52 149 175 0
153:67 0
154:146 155 156 157 0
155:154 158 159 0
156:146 154 0
157:154 241 0
158:105 155 239 240 0
159:100 155 227 0
160:118 161 0
161:160 162 0
162:45 104 161 163 0
163:162 250 1086 0
164:127 165 0
165:67 164 0
166:35 261 264 0
167:52 55 0
168:110 169 0
169:168 226 0
170:15 171 0
171:170 0
172:15 0
173:15 120 243 0
174:15 200 0
175:152 259 533 545 0
176:30 70 77 0
177:30 0
178:30 105 179 0
179:178 197 201 212 213 214 215 216 0
180:181 182 0
181:180 199 0
182:113 114 180 0
183:67 185 0
184:67 220 0
185:183 186 0
186:185 0
187:107 255 256 257 0
188:71 0
189:42 190 191 0
190:111 189 230 0
191:90 130 189 210 221 231 232 0
192:74 219 0
193:104 194 0
194:193 1037 1108 0
195:71 108 0
196:144 197 205 206 207 0
197:26 144 179 196 246 0
198:144 207 646 957 4225 0
199:113 181 235 0
200:113 174 0
201:150 179 202 0
202:201 547 3861 0
203:204 0
204:26 203 0
205:196 0
206:196 0
207:196 198 567 606 0
208:209 0
209:70 208 0
210:97 111 191 211 0
211:130 210 0
212:179 0
213:179 0
214:179 0
215:179 0
216:179 540 4213 0
217:55 0
218:127 0
219:192 220 0
220:184 219 267 0
221:58 191 0
222:147 223 224 0
223:222 242 0
224:222 239 265 0
225:26 61 71 226 227 228 0
226:92 169 225 229 0
227:98 159 225 0
228:225 4858 0
229:226 266 0
230:64 190 0
231:191 234 0
232:191 0
233:130 0
234:77 231 0
235:90 199 0
236:100 237 0
237:236 0
238:100 0
239:158 224 0
240:158 241 242 0
241:157 240 251 252 0
242:223 240 0
243:173 244 245 0
244:45 243 246 0
245:243 0
246:197 244 0
247:104 0
248:104 0
249:104 125 0
250:104 163 1052 1091 1096 0
251:241 260 0
252:241 265 0
253:254 0
254:45 125 253 0
255:187 0
256:187 0
257:187 0
258:151 259 0
259:175 258 0
260:251 261 0
261:166 260 0
262:96 0
263:147 0
264:166 0
265:224 252 0
266:229 0
267:220 0
268:269 270 271 0
269:268 309 310 314 315 316 0
270:268 376 398 0
271:268 0
272:273 274 275 0
273:272 276 277 278 0
274:272 409 0
275:272 392 420 0
276:273 278 321 322 329 387 395 0
277:273 404 405 0
278:273 276 314 376 0
279:280 281 0
280:279 282 283 284 285 286 0
281:279 333 362 410 0
282:280 286 305 318 321 368 371 372 0
283:280 0
284:280 0
285:280 372 0
286:280 282 0
287:288 289 0
288:287 289 364 385 0
289:287 288 392 397 409 0
290:291 292 0
291:290 297 366 411 0
292:290 353 422 0
293:294 0
294:293 295 300 0
295:294 296 297 298 299 0
296:295 308 324 325 326 327 0
297:291 295 322 366 380 385 0
298:295 299 0
299:295 298 366 423 0
300:294 320 406 0
301:302 0
302:301 303 0
303:302 304 305 306 307 308 0
304:303 305 306 307 308 367 0
305:282 303 304 307 329 389 0
306:303 304 307 0
307:303 304 305 306 367 368 369 370 0
308:296 303 304 327 0
309:269 310 311 312 313 0
310:269 309 0
311:309 313 315 400 0
312:309 313 0
313:309 311 312 0
314:269 278 317 0
315:269 311 0
316:269 0
317:314 4427 0
318:282 319 320 0
319:318 321 322 0
320:300 318 0
321:276 282 319 329 373 0
322:276 297 319 328 353 0
323:324 0
324:296 323 0
325:296 326 330 0
326:296 325 0
327:296 308 0
328:322 329 330 0
329:276 305 321 328 0
330:325 328 340 341 0
331:332 333 334 335 336 0
332:331 337 338 339 0
333:281 331 0
334:331 335 349 417 0
335:331 334 0
336:331 0
337:332 340 341 0
338:332 349 0
339:332 345 346 410 0
340:330 337 0
341:330 337 0
342:343 344 0
343:342 400 401 0
344:342 4403 4446 0
345:339 346 0
346:339 345 0
347:348 0
348:347 383 384 390 0
349:334 338 0
350:351 0
351:350 352 353 0
352:351 414 0
353:292 322 351 355 379 0
354:355 0
355:353 354 356 357 359 360 361 0
356:355 0
357:355 358 0
358:357 0
359:355 0
360:355 0
361:355 379 402 0
362:281 363 0
363:362 0
364:288 365 0
365:364 395 396 0
366:291 297 299 0
367:304 307 368 369 370 0
368:282 307 367 369 370 0
369:307 367 368 370 372 0
370:307 367 368 369 386 0
371:282 0
372:282 285 369 0
373:321 1255 1407 0
374:375 0
375:374 376 377 0
376:270 278 375 412 0
377:375 4455 4456 4460 4466 0
378:379 0
379:353 361 378 0
380:297 0
381:382 0
382:381 383 0
383:348 382 384 0
384:348 383 407 414 0
385:288 297 0
386:370 0
387:276 388 0
388:387 0
389:305 0
390:348 0
391:392 393 394 0
392:275 289 391 409 418 419 0
393:391 0
394:391 4465 0
395:276 365 397 0
396:365 403 0
397:289 395 0
398:270 399 0
399:398 1152 1158 1246 1340 1342 0
400:311 343 0
401:343 4406 4407 0
402:361 0
403:396 0
404:277 0
405:277 0
406:300 421 0
407:384 408 0
408:407 0
409:274 289 392 0
410:281 339 415 416 0
411:291 0
412:376 413 0
413:412 0
414:352 384 0
415:410 0
416:410 0
417:334 0
418:392 0
419:392 0
420:275 4461 0
421:406 0
422:292 0
423:299 0
424:425 426 427 428 429 430 0
425:424 431 432 433 0
426:424 436 506 0
427:2 424 0
428:424 429 506 0
429:424 428 487 0
430:424 483 0
431:3 425 433 452 453 0
432:425 433 450 463 502 503 0
433:425 431 432 0
434:2 0
435:2 0
436:2 426 0
437:2 2438 0
438:439 0
439:438 447 490 494 507 0
440:441 0
441:440 476 0
442:443 0
443:442 444 445 446 447 0
444:443 448 449 450 451 0
445:443 454 455 0
446:443 473 0
447:439 443 0
448:444 451 466 467 468 469 470 0
449:444 472 0
450:432 444 484 500 0
451:444 448 508 0
452:431 459 460 461 462 463 464 465 0
453:431 2296 2297 2298 2309 2310 0
454:445 507 516 0
455:445 472 474 0
456:3 477 496 0
457:3 897 2275 0
458:3 2307 2420 2476 0
459:452 0
460:452 0
461:452 0
462:452 0
463:432 452 465 496 0
464:452 2280 2290 2322 0
465:452 463 2415 0
466:448 0
467:448 0
468:448 478 479 0
469:448 511 512 513 0
470:448 497 514 0
471:472 0
472:449 455 471 473 474 0
473:446 472 508 509 510 0
474:455 472 0
475:476 0
476:4 441 475 477 0
477:456 476 519 0
478:468 0
479:468 1499 1530 0
480:481 482 0
481:480 514 0
482:480 1581 0
483:430 484 485 486 487 488 489 0
484:450 483 0
485:483 0
486:483 505 0
487:429 483 505 0
488:483 494 501 0
489:483 493 501 0
490:439 491 492 493 494 0
491:490 0
492:490 500 0
493:489 490 0
494:439 488 490 0
495:496 0
496:456 463 495 0
497:470 498 499 0
498:497 1790 0
499:497 0
500:450 492 501 0
501:488 489 500 0
502:432 504 0
503:432 4062 0
504:502 1353 0
505:486 487 0
506:426 428 0
507:439 454 515 0
508:451 473 0
509:473 0
510:473 514 524 0
511:469 0
512:469 523 0
513:469 1586 1645 0
514:470 481 510 0
515:507 0
516:454 0
517:518 0
518:517 519 520 0
519:477 518 0
520:518 522 0
521:4 522 0
522:520 521 0
523:512 0
524:510 0
525:526 527 0
526:525 535 539 540 0
527:525 540 4215 0
528:52 529 0
529:528 4214 0
530:531 0
531:530 532 533 0
532:531 535 538 0
533:175 531 538 542 546 0
534:535 536 537 0
535:526 532 534 0
536:534 538 549 0
537:534 542 0
538:52 532 533 536 0
539:526 550 0
540:216 526 527 4210 4211 4212 0
541:542 543 544 545 0
542:533 537 541 543 548 549 0
543:541 542 0
544:541 548 0
545:175 541 0
546:533 547 0
547:202 546 689 0
548:542 544 0
549:536 542 0
550:539 0
551:552 553 0
552:551 1472 0
553:551 1462 0
554:2495 2496 0
555:559 2608 2609 2660 2797 0
556:2495 2659 2780 2782 2808 2809 2810 2811 0
557:3030 3031 0
558:3011 3012 3152 3159 3160 0
559:555 3184 0
560:3181 0
561:3182 0
562:3183 0
563:3263 0
564:565 0
565:564 566 567 568 0
566:565 576 0
567:207 565 619 632 646 0
568:565 611 0
569:570 0
570:569 571 572 573 574 0
571:570 0
572:570 609 610 611 0
573:570 611 639 0
574:570 611 642 643 644 0
575:576 577 0
576:566 575 577 611 620 636 638 0
577:575 576 591 595 596 0
578:579 580 581 0
579:578 582 627 628 629 630 631 0
580:578 582 623 633 634 635 0
581:578 584 630 0
582:579 580 583 0
583:582 584 631 0
584:581 583 0
585:586 587 588 0
586:585 630 631 0
587:585 0
588:585 0
589:590 0
590:589 630 631 641 0
591:577 592 593 594 595 596 0
592:591 0
593:591 0
594:591 595 596 0
595:577 591 594 0
596:577 591 594 629 0
597:0
598:599 0
599:598 601 0
600:601 0
601:599 600 602 603 605 0
602:601 0
603:601 604 0
604:603 2462 4084 0
605:601 2309 2385 2440 0
606:110 207 607 608 0
607:606 917 921 0
608:606 0
609:572 612 0
610:572 613 0
611:568 572 573 574 576 614 619 620 0
612:609 613 617 0
613:610 612 618 0
614:611 615 616 0
615:614 0
616:614 4258 0
617:612 0
618:613 0
619:567 611 0
620:576 611 645 0
621:622 623 624 0
622:621 625 626 0
623:580 621 0
624:621 0
625:622 0
626:622 635 639 0
627:579 632 0
628:579 632 0
629:579 596 0
630:579 581 586 590 0
631:579 583 586 590 0
632:567 627 628 0
633:580 637 0
634:580 637 0
635:580 626 640 0
636:576 637 0
637:633 634 636 638 0
638:576 637 0
639:573 626 640 0
640:635 639 0
641:590 0
642:574 0
643:574 0
644:574 4158 4217 4244 0
645:620 0
646:198 567 957 2797 4226 4286 4287 0
647:648 649 650 651 0
648:647 685 704 708 712 735 0
649:647 0
650:647 0
651:647 0
652:653 654 655 0
653:652 668 669 670 671 0
654:652 0
655:652 670 752 0
656:657 0
657:656 658 659 0
658:657 686 693 694 695 696 0
659:657 710 712 715 0
660:661 662 0
661:660 769 0
662:660 717 750 774 790 791 0
663:664 0
664:663 775 798 800 801 0
665:666 667 0
666:665 669 676 0
667:665 718 0
668:653 0
669:653 666 672 673 674 675 0
670:653 655 716 717 0
671:653 757 758 0
672:669 675 728 763 0
673:669 675 725 763 0
674:669 745 772 773 0
675:669 672 673 750 763 777 778 779 0
676:666 716 718 719 720 0
677:678 0
678:677 679 680 681 682 683 0
679:678 724 725 0
680:678 725 730 731 732 0
681:678 731 0
682:678 750 776 0
683:678 0
684:685 0
685:648 684 690 697 698 699 700 701 702 0
686:658 687 688 689 0
687:686 0
688:686 0
689:547 686 709 763 767 785 0
690:685 691 692 0
691:690 0
692:690 734 735 0
693:658 0
694:658 0
695:658 708 733 0
696:658 0
697:685 0
698:685 0
699:685 0
700:685 0
701:685 0
702:685 0
703:704 0
704:648 703 705 706 707 0
705:704 708 709 0
706:704 0
707:704 714 784 0
708:648 695 705 753 765 766 767 0
709:689 705 770 0
710:659 0
711:712 0
712:648 659 711 713 714 0
713:712 0
714:707 712 768 0
715:659 766 802 803 0
716:670 676 0
717:662 670 0
718:667 676 0
719:676 742 743 0
720:676 774 0
721:722 0
722:721 723 0
723:722 728 737 749 750 751 0
724:679 0
725:673 679 680 737 740 0
726:727 0
727:726 728 729 0
728:672 723 727 751 762 0
729:727 791 809 0
730:680 0
731:680 681 739 764 0
732:680 750 0
733:695 0
734:692 0
735:648 692 787 0
736:737 0
737:723 725 736 738 739 740 0
738:737 741 0
739:731 737 782 783 0
740:725 737 799 0
741:738 0
742:719 0
743:719 755 759 0
744:745 746 747 748 0
745:674 744 747 0
746:744 792 794 0
747:744 745 758 796 0
748:744 788 806 0
749:723 0
750:662 675 682 723 732 751 756 0
751:723 728 750 780 0
752:655 0
753:708 0
754:755 0
755:743 754 756 0
756:750 755 781 0
757:671 0
758:671 747 771 0
759:743 0
760:761 0
761:760 0
762:728 0
763:672 673 675 689 785 805 0
764:731 0
765:708 0
766:708 715 795 0
767:689 708 810 0
768:714 0
769:661 0
770:709 0
771:758 0
772:674 0
773:674 0
774:662 720 0
775:664 0
776:682 0
777:675 0
778:675 0
779:675 0
780:751 0
781:756 0
782:739 0
783:739 807 0
784:707 0
785:689 763 786 0
786:785 0
787:735 0
788:748 789 0
789:788 0
790:662 0
791:662 729 808 0
792:746 793 0
793:792 0
794:746 0
795:766 0
796:747 0
797:798 0
798:664 797 0
799:740 0
800:664 0
801:664 0
802:715 0
803:715 0
804:0
805:763 3856 3876 3882 3884 3885 3886 0
806:748 0
807:783 0
808:791 0
809:729 0
810:767 0
811:812 813 814 0
812:811 815 816 817 818 0
813:811 837 838 0
814:811 818 828 857 0
815:812 816 835 836 837 0
816:812 815 817 839 840 0
817:812 816 847 848 850 851 0
818:812 814 820 908 0
819:820 0
820:818 819 822 830 831 832 0
821:822 823 824 825 0
822:820 821 826 827 828 829 0
823:821 824 827 856 0
824:821 823 834 856 858 859 0
825:821 859 878 0
826:822 0
827:822 823 857 0
828:814 822 877 0
829:822 878 889 900 0
830:820 0
831:820 897 0
832:820 883 900 1556 0
833:834 0
834:824 833 845 846 859 874 879 880 0
835:815 0
836:815 0
837:813 815 0
838:813 841 0
839:816 842 0
840:816 873 876 0
841:838 842 0
842:839 841 2391 2413 2486 0
843:844 845 846 0
844:843 860 861 0
845:834 843 851 883 0
846:834 843 849 851 863 881 898 899 0
847:817 0
848:817 849 0
849:846 848 851 0
850:817 852 853 854 855 0
851:817 845 846 849 0
852:850 906 0
853:850 907 0
854:850 867 0
855:850 867 0
856:823 824 857 0
857:814 827 856 0
858:824 0
859:824 825 834 884 0
860:844 874 875 0
861:844 910 0
862:863 0
863:846 862 0
864:865 0
865:864 867 869 872 873 0
866:867 0
867:854 855 865 866 868 0
868:867 0
869:865 870 871 0
870:869 873 0
871:869 0
872:865 0
873:840 865 870 0
874:834 860 0
875:860 909 0
876:840 4749 4894 0
877:828 885 0
878:825 829 892 893 0
879:834 0
880:834 894 0
881:846 882 0
882:881 4898 4900 0
883:832 845 895 896 0
884:859 0
885:877 886 0
886:885 2436 0
887:888 0
888:887 889 890 891 0
889:829 888 0
890:888 903 904 905 0
891:888 1426 0
892:878 0
893:878 902 0
894:880 0
895:883 0
896:883 900 1245 1543 1593 1594 0
897:457 831 0
898:846 901 0
899:846 0
900:829 832 896 0
901:898 0
902:893 903 0
903:890 902 905 0
904:890 0
905:890 903 1351 1352 0
906:852 1556 0
907:853 1556 0
908:818 0
909:875 910 0
910:861 909 911 0
911:910 4901 0
912:913 914 0
913:912 915 916 0
914:912 962 963 0
915:913 922 923 0
916:913 925 4472 4473 0
917:607 918 919 920 0
918:917 920 931 0
919:917 995 0
920:917 918 0
921:607 948 949 950 0
922:915 939 0
923:915 945 0
924:925 0
925:916 924 0
926:940 965 979 991 0
927:0
928:0
929:930 999 0
930:929 947 1003 1006 0
931:918 0
932:0
933:0
934:0
935:0
936:0
937:0
938:0
939:922 940 941 942 943 944 0
940:926 939 944 959 960 983 985 989 990 0
941:939 958 0
942:939 0
943:939 995 1003 1004 0
944:939 940 996 0
945:923 946 947 0
946:945 947 1007 0
947:930 945 946 0
948:921 951 986 0
949:921 995 1000 0
950:921 1001 0
951:948 952 0
952:951 953 0
953:952 954 0
954:953 2385 0
955:956 0
956:955 957 0
957:198 646 956 4298 4299 0
958:941 959 960 961 0
959:940 958 0
960:940 958 0
961:958 0
962:914 964 965 966 967 968 969 970 971 0
963:914 986 0
964:962 972 973 0
965:926 962 989 0
966:962 0
967:962 970 0
968:962 997 0
969:962 994 1006 0
970:962 967 986 0
971:962 1010 1011 0
972:964 974 975 976 977 978 0
973:964 0
974:972 0
975:972 0
976:972 0
977:972 0
978:972 0
979:926 980 981 982 0
980:979 0
981:979 0
982:979 0
983:940 984 0
984:983 0
985:940 0
986:948 963 970 987 988 0
987:986 1002 0
988:986 992 1000 1001 1008 1009 0
989:940 965 990 996 997 0
990:940 989 997 998 0
991:926 0
992:988 993 994 0
993:992 997 1008 0
994:969 992 1005 0
995:919 943 949 1000 0
996:944 989 1005 0
997:968 989 990 993 0
998:990 1016 1017 0
999:929 1002 0
1000:949 988 995 1001 1004 1007 0
1001:950 988 1000 1007 1009 0
1002:987 999 1007 0
1003:930 943 0
1004:943 1000 0
1005:994 996 1006 1007 0
1006:930 969 1005 0
1007:946 1000 1001 1002 1005 0
1008:988 993 0
1009:988 1001 0
1010:971 1012 1013 0
1011:971 1014 1015 0
1012:1010 0
1013:1010 0
1014:1011 0
1015:1011 0
1016:998 1018 1019 0
1017:998 1020 1021 0
1018:1016 0
1019:1016 0
1020:1017 0
1021:1017 0
1022:1023 1024 0
1023:1022 1029 0
1024:1022 0
1025:1026 1027 1028 0
1026:1025 1028 0
1027:1025 1029 0
1028:1025 1026 1051 1092 0
1029:1023 1027 1042 1043 0
1030:1031 1032 1033 0
1031:1030 0
1032:1030 1077 0
1033:1030 1071 1074 1076 1111 0
1034:1035 1036 1037 1038 0
1035:1034 1039 1040 1041 0
1036:1034 1079 1080 0
1037:194 1034 0
1038:1034 1110 0
1039:1035 1080 1125 0
1040:140 1035 0
1041:1035 0
1042:1029 1044 1045 0
1043:1029 1115 1117 0
1044:1042 1054 0
1045:1042 1052 1081 0
1046:1047 1048 1049 0
1047:1046 1049 1050 1051 0
1048:1046 1120 0
1049:1046 1047 1051 1121 0
1050:1047 1052 1053 0
1051:1028 1047 1049 0
1052:250 1045 1050 1094 1096 0
1053:142 1050 0
1054:1044 0
1055:1056 1057 1058 1059 1060 0
1056:1055 1061 1062 1063 0
1057:1055 1061 1064 1065 0
1058:1055 1090 0
1059:1055 1104 1105 0
1060:1055 1103 0
1061:1056 1057 1066 1067 1068 0
1062:1056 1082 0
1063:1056 1095 0
1064:1057 1066 1097 0
1065:1057 1103 1116 1141 0
1066:1061 1064 1095 1098 0
1067:1061 0
1068:1061 1095 0
1069:1070 1071 1072 1073 1074 0
1070:142 1069 1075 1076 0
1071:1033 1069 1102 0
1072:1069 1100 1131 0
1073:1069 1100 1131 0
1074:1033 1069 1142 0
1075:1070 1078 0
1076:1033 1070 1088 0
1077:1032 1085 1092 1099 0
1078:1075 0
1079:1036 0
1080:1036 1039 1108 0
1081:1045 1082 1083 0
1082:1062 1081 1083 1105 0
1083:1081 1082 1141 0
1084:1085 1086 0
1085:1077 1084 1091 1092 0
1086:163 1084 1114 0
1087:1088 1089 0
1088:1076 1087 1102 0
1089:1087 1112 0
1090:1058 1095 0
1091:250 1085 0
1092:1028 1077 1085 1121 1130 0
1093:1094 1095 0
1094:1052 1093 1096 0
1095:1063 1066 1068 1090 1093 1120 1132 0
1096:250 1052 1094 0
1097:1064 1118 0
1098:1066 0
1099:1077 0
1100:1072 1073 1101 0
1101:1100 1127 1129 1139 0
1102:1071 1088 0
1103:1060 1065 0
1104:1059 1105 0
1105:1059 1082 1104 1116 0
1106:140 1107 0
1107:1106 4856 0
1108:194 1080 1109 0
1109:1108 0
1110:1038 0
1111:1033 1112 1113 0
1112:1089 1111 1113 0
1113:1111 1112 1142 0
1114:1086 0
1115:1043 0
1116:1065 1105 0
1117:1043 0
1118:1097 1119 0
1119:1118 0
1120:1048 1095 0
1121:1049 1092 0
1122:0
1123:0
1124:0
1125:1039 0
1126:1127 1128 0
1127:1101 1126 1129 0
1128:1126 1129 1131 0
1129:1101 1127 1128 1131 0
1130:1092 0
1131:1072 1073 1128 1129 0
1132:1095 0
1133:0
1134:1140 0
1135:0
1136:0
1137:0
1138:141 0
1139:142 1101 0
1140:1134 4867 4885 0
1141:1065 1083 0
1142:1074 1113 1143 0
1143:1142 0
1144:1145 1146 1147 1148 1149 0
1145:1144 1150 0
1146:1144 1150 0
1147:1144 1873 1874 0
1148:1144 1992 0
1149:1144 1873 0
1150:1145 1146 1385 1748 0
1151:1152 1153 1154 1155 1156 0
1152:399 1151 0
1153:1151 1344 1439 0
1154:1151 1608 0
1155:1151 2001 0
1156:1151 2004 0
1157:1158 0
1158:399 1157 1247 0
1159:1160 1161 1162 0
1160:1159 1743 0
1161:1159 2148 0
1162:1159 1791 0
1163:1164 1165 1166 0
1164:1163 1167 0
1165:1163 1167 1785 1786 0
1166:1163 1326 1981 0
1167:1164 1165 1329 1330 1601 1634 1787 1788 0
1168:1169 1170 1171 1172 1173 1174 1175 0
1169:1168 1176 1177 0
1170:1168 1171 0
1171:1168 1170 1208 0
1172:1168 1382 1633 1654 0
1173:1168 1602 0
1174:1168 1601 0
1175:1168 1917 1918 0
1176:1169 1600 1605 0
1177:1169 1460 1736 1747 1748 1749 1750 0
1178:1179 1180 1181 0
1179:1178 1882 0
1180:1178 1991 0
1181:1178 1659 0
1182:1183 1184 1185 1186 1187 1188 1189 0
1183:1182 1190 1191 0
1184:1182 1190 1479 1490 1491 0
1185:1182 1520 1521 0
1186:1182 1623 1624 1625 0
1187:1182 1541 1672 0
1188:1182 1359 0
1189:1182 1897 1898 1899 1900 1901 1902 1903 1904 0
1190:1183 1184 1364 0
1191:1183 1200 1309 1349 1605 1623 1671 0
1192:1193 1194 1195 0
1193:1192 1196 0
1194:1192 1195 1374 1434 1438 0
1195:1192 1194 1499 1578 1758 1850 1851 1852 0
1196:1193 1197 1198 0
1197:1196 1531 0
1198:1196 1434 0
1199:0
1200:1191 1201 1202 1203 1204 0
1201:1200 0
1202:1200 1203 1309 1310 1406 1578 0
1203:1200 1202 1644 1656 1657 0
1204:1200 1309 1317 1349 1693 0
1205:1206 0
1206:1205 1868 0
1207:1208 1209 1210 0
1208:1171 1207 0
1209:1207 1911 0
1210:1207 1360 0
1211:1212 1213 1214 0
1212:1211 1774 1854 0
1213:1211 1920 0
1214:1211 0
1215:1216 1217 1218 0
1216:1215 0
1217:1215 1235 1236 1252 1256 1804 0
1218:1215 0
1219:1220 0
1220:1219 1266 1267 1268 1269 1270 1271 1272 0
1221:1222 1223 1224 1225 1226 1227 0
1222:1221 1228 1229 0
1223:1221 1228 1230 1231 1232 1233 0
1224:1221 1243 0
1225:1221 1233 1742 1743 0
1226:1221 1542 0
1227:1221 1485 1513 1557 1585 1835 0
1228:1222 1223 1234 0
1229:1222 1261 1264 1265 0
1230:1223 1238 1239 1240 1241 1242 1243 0
1231:1223 1542 0
1232:1223 1545 0
1233:1223 1225 0
1234:1228 1356 1743 0
1235:1217 1236 1237 0
1236:1217 1235 1667 1668 1669 1670 0
1237:1235 1290 0
1238:1230 1240 1311 0
1239:1230 1451 1452 1453 0
1240:1230 1238 1848 0
1241:1230 2005 0
1242:1230 2031 0
1243:1224 1230 2219 0
1244:1249 0
1245:896 1265 1356 1584 1723 1724 0
1246:399 1791 0
1247:1158 0
1248:1545 0
1249:1244 1507 1556 1593 0
1250:1251 1252 1253 1254 0
1251:1250 1255 1256 0
1252:1217 1250 1257 1258 1259 1260 0
1253:1250 1254 1257 2240 0
1254:1250 1253 0
1255:373 1251 1473 1474 0
1256:1217 1251 1339 1667 1721 0
1257:1252 1253 1260 1474 0
1258:1252 2231 2232 0
1259:1252 2240 0
1260:1252 1257 2250 2251 0
1261:1229 1262 1263 0
1262:1261 1632 0
1263:1261 1757 0
1264:1229 1586 1715 0
1265:1229 1245 1755 0
1266:1220 0
1267:1220 1492 0
1268:1220 1740 0
1269:1220 1697 2068 0
1270:1220 1554 2102 0
1271:1220 1869 0
1272:1220 2015 0
1273:1274 1275 1276 1277 1278 1279 0
1274:1273 1280 1281 0
1275:1273 1280 1417 1617 1618 1619 0
1276:1273 1375 1413 1415 1416 1525 1526 1829 1872 0
1277:1273 1824 0
1278:1273 1525 0
1279:1273 1417 0
1280:1274 1275 1620 0
1281:1274 1417 1419 0
1282:1283 1284 1285 1286 1287 0
1283:1282 1288 1289 0
1284:1282 1358 1555 0
1285:1282 1305 1710 0
1286:1282 1577 1675 1753 1789 0
1287:1282 1923 1924 0
1288:1283 1394 1395 0
1289:1283 1482 1520 1671 1801 1802 1803 0
1290:1237 1291 1292 1293 1294 0
1291:1290 2108 0
1292:1290 1448 0
1293:1290 2224 0
1294:1290 2200 0
1295:1296 1297 1298 1299 0
1296:1295 1398 1399 0
1297:1295 0
1298:1295 2011 0
1299:1295 1839 0
1300:1308 1309 1310 0
1301:1308 1379 1380 0
1302:0
1303:1582 0
1304:1675 1676 0
1305:1285 1370 1686 1687 1688 1689 0
1306:1566 0
1307:1331 0
1308:1300 1301 0
1309:1191 1202 1204 1300 1350 1599 0
1310:1202 1300 1605 1686 1739 0
1311:1238 0
1312:1313 1314 1315 0
1313:1312 1524 1525 1526 0
1314:1312 1732 1827 1829 0
1315:1312 1738 1747 0
1316:1317 0
1317:1204 1316 0
1318:1319 1320 0
1319:1318 1931 0
1320:1318 1932 0
1321:1322 0
1322:1321 1329 1330 1331 1332 0
1323:1324 1325 0
1324:1323 2165 0
1325:1323 2191 0
1326:1166 1327 1328 0
1327:1326 1875 0
1328:1326 1960 0
1329:1167 1322 1807 0
1330:1167 1322 1808 0
1331:1307 1322 1575 1642 1739 0
1332:1322 1700 0
1333:1334 1335 1336 1337 1338 1339 0
1334:1333 1487 1488 0
1335:1333 1447 1713 0
1336:1333 1488 1714 1721 1819 1820 0
1337:1333 1621 1713 1821 0
1338:1333 1938 1939 1940 1941 1942 1943 0
1339:1256 1333 0
1340:399 1341 0
1341:1340 1343 0
1342:399 4467 4468 0
1343:1341 1344 0
1344:1153 1343 0
1345:1346 0
1346:1345 1347 1348 0
1347:1346 1441 1445 0
1348:1346 1410 1616 0
1349:1191 1204 1350 0
1350:1309 1349 1362 1363 1576 1577 0
1351:905 1756 0
1352:905 1755 0
1353:504 1363 1576 0
1354:1355 1356 0
1355:1354 1357 0
1356:1234 1245 1354 0
1357:1355 2170 0
1358:1284 1359 0
1359:1188 1358 0
1360:1210 1361 0
1361:1360 1844 0
1362:1350 1363 1364 1365 0
1363:1350 1353 1362 1616 1660 0
1364:1190 1362 1569 0
1365:1362 2600 2768 0
1366:1367 1368 1369 0
1367:1366 1377 1378 0
1368:1366 1842 0
1369:1366 1974 1975 1976 0
1370:1305 1371 1372 0
1371:1370 1572 1573 1574 1575 0
1372:1370 1573 1983 1984 0
1373:1374 1375 1376 0
1374:1194 1373 1438 1494 1780 1781 1783 0
1375:1276 1373 1465 1467 0
1376:1373 0
1377:1367 1602 1687 1751 1805 1806 0
1378:1367 0
1379:1301 0
1380:1301 0
1381:1382 1383 1384 1385 1386 1387 1388 1389 0
1382:1172 1381 0
1383:1381 1384 1678 0
1384:1381 1383 1464 1719 0
1385:1150 1381 1467 1535 1610 1731 1736 1737 0
1386:1381 1678 1810 0
1387:1381 1465 0
1388:1381 1996 0
1389:1381 1994 1995 0
1390:1391 0
1391:1390 1392 1393 0
1392:1391 1629 1833 1834 0
1393:1391 1781 0
1394:1288 1795 0
1395:1288 1892 1953 1997 1998 0
1396:1397 0
1397:1396 1544 0
1398:1296 1839 1840 1841 0
1399:1296 2109 0
1400:1401 0
1401:1400 1402 1406 1407 1408 0
1402:1401 1403 1404 1405 0
1403:1402 1514 0
1404:1402 1819 0
1405:1402 1820 0
1406:1202 1401 1458 0
1407:373 1401 1666 1711 0
1408:1401 1458 1494 0
1409:1410 1411 0
1410:1348 1409 1412 0
1411:1409 2047 0
1412:1410 1626 1628 0
1413:1276 1414 1415 1416 1417 0
1414:1413 1415 1705 0
1415:1276 1413 1414 1417 1419 1622 1705 1725 0
1416:1276 1413 1832 0
1417:1275 1279 1281 1413 1415 1617 1622 1664 0
1418:1419 1420 0
1419:1281 1415 1418 0
1420:1418 1465 1466 1772 1838 0
1421:1422 1423 0
1422:1421 1675 0
1423:1421 1581 0
1424:1425 1426 1427 0
1425:1424 1428 1429 1430 0
1426:891 1424 0
1427:1424 2209 0
1428:1425 1430 1440 0
1429:1425 1543 0
1430:1425 1428 1595 0
1431:1432 1433 0
1432:1431 1857 0
1433:1431 1691 2131 0
1434:1194 1198 1435 1436 1437 0
1435:1434 1579 1682 1683 0
1436:1434 1629 0
1437:1434 1527 0
1438:1194 1374 0
1439:1153 2017 0
1440:1428 1583 0
1441:1347 1442 1443 1444 0
1442:1441 1571 0
1443:1441 1471 0
1444:1441 0
1445:1347 1569 1649 1652 0
1446:1447 1448 1449 1450 0
1447:1335 1446 1449 1617 1618 0
1448:1292 1446 0
1449:1446 1447 0
1450:1446 1618 0
1451:1239 2110 0
1452:1239 1516 0
1453:1239 2030 0
1454:0
1455:1701 1779 0
1456:1799 0
1457:1737 0
1458:1406 1408 1460 1578 0
1459:1460 0
1460:1177 1458 1459 1461 1666 1772 0
1461:1460 0
1462:553 1472 0
1463:1464 0
1464:1384 1463 2258 0
1465:1375 1387 1420 1466 1467 1468 0
1466:1420 1465 1825 1826 1827 0
1467:1375 1385 1465 0
1468:1465 1826 2028 2029 0
1469:1470 1471 0
1470:1469 1481 0
1471:1443 1469 0
1472:552 1462 1522 1662 1664 0
1473:1255 0
1474:1255 1257 0
1475:1476 1477 0
1476:1475 1726 0
1477:1475 1828 0
1478:1479 1480 0
1479:1184 1478 1489 0
1480:1478 1650 0
1481:1470 2564 2565 2566 2567 0
1482:1289 0
1483:1484 1485 1486 0
1484:1483 1545 0
1485:1227 1483 0
1486:1483 2001 0
1487:1334 0
1488:1334 1336 1560 0
1489:1479 0
1490:1184 1558 0
1491:1184 1537 0
1492:1267 1590 1868 1869 1870 1871 0
1493:1494 1495 0
1494:1374 1408 1493 1496 0
1495:1493 1579 0
1496:1494 1862 1863 0
1497:1498 1499 0
1498:1497 1502 1586 0
1499:479 1195 1497 1857 1858 0
1500:1501 1502 1503 0
1501:1500 1504 0
1502:1498 1500 1512 1647 1648 0
1503:1500 1855 0
1504:1501 2048 0
1505:1506 1507 0
1506:1505 1508 0
1507:1249 1505 1509 0
1508:1506 1646 1715 0
1509:1507 1586 1587 0
1510:1511 1512 1513 0
1511:1510 1640 0
1512:1502 1510 1716 0
1513:1227 1510 0
1514:1403 1515 1516 1517 1518 1519 0
1515:1514 1728 1729 1730 0
1516:1452 1514 0
1517:1514 0
1518:1514 0
1519:1514 2072 0
1520:1185 1289 1521 0
1521:1185 1520 2153 0
1522:1472 1523 0
1523:1522 1948 0
1524:1313 0
1525:1276 1278 1313 0
1526:1276 1313 0
1527:1437 1528 0
1528:1527 1529 0
1529:1528 1697 1720 0
1530:479 0
1531:1197 1699 1765 0
1532:1533 1534 1535 1536 0
1533:1532 1580 0
1534:1532 1762 0
1535:1385 1532 1611 0
1536:1532 2043 2065 2078 2079 0
1537:1491 1538 1539 1540 1541 0
1538:1537 1784 0
1539:1537 1912 1914 2022 2080 0
1540:1537 2020 0
1541:1187 1537 0
1542:1226 1231 1585 0
1543:896 1429 0
1544:1397 1557 0
1545:1232 1248 1484 1557 1764 0
1546:0
1547:0
1548:1597 1792 0
1549:1855 0
1550:2027 0
1551:2076 0
1552:0
1553:1598 0
1554:1270 0
1555:1284 2034 2097 2098 0
1556:832 906 907 1249 0
1557:1227 1544 1545 0
1558:1490 1559 0
1559:1558 1567 1569 1570 0
1560:1488 0
1561:1562 1563 1564 1565 0
1562:1561 1566 0
1563:1561 1698 0
1564:1561 1746 0
1565:1561 1919 0
1566:1306 1562 0
1567:1559 1568 0
1568:1567 1649 1653 0
1569:1364 1445 1559 1570 0
1570:1559 1569 0
1571:1442 1651 0
1572:1371 1641 1642 0
1573:1371 1372 2111 2112 0
1574:1371 2113 2114 0
1575:1331 1371 1896 0
1576:1350 1353 1754 0
1577:1286 1350 0
1578:1195 1202 1458 0
1579:1435 1495 0
1580:1533 1762 0
1581:482 1423 0
1582:1303 1592 0
1583:1440 1584 0
1584:1245 1583 1636 1637 1639 0
1585:1227 1542 1764 0
1586:513 1264 1498 1509 0
1587:1509 1644 1655 0
1588:1589 1590 1591 0
1589:1588 1919 0
1590:1492 1588 0
1591:1588 1773 0
1592:1582 2137 0
1593:896 1249 0
1594:896 1724 0
1595:1430 0
1596:1597 0
1597:1548 1596 0
1598:1553 0
1599:1309 0
1600:1176 1601 1602 1603 1604 0
1601:1167 1174 1600 1777 0
1602:1173 1377 1600 1830 1831 0
1603:1600 1974 2083 2089 2144 2145 0
1604:1600 2259 0
1605:1176 1191 1310 1751 0
1606:1607 0
1607:1606 1608 0
1608:1154 1607 0
1609:1610 1611 1612 1613 1614 1615 0
1610:1385 1609 0
1611:1535 1609 0
1612:1609 1915 0
1613:1609 1615 1946 0
1614:1609 2002 0
1615:1609 1613 2002 2189 0
1616:1348 1363 1658 1659 0
1617:1275 1417 1447 1621 1622 0
1618:1275 1447 1450 1619 0
1619:1275 1618 1822 1823 1824 0
1620:1280 2264 0
1621:1337 1617 0
1622:1415 1417 1617 0
1623:1186 1191 0
1624:1186 1846 1865 1866 0
1625:1186 1922 2045 2086 2150 0
1626:1412 1627 0
1627:1626 1954 0
1628:1412 1675 1754 0
1629:1392 1436 1630 1631 0
1630:1629 1766 1867 0
1631:1629 0
1632:1262 1853 0
1633:1172 1634 1635 0
1634:1167 1633 1837 0
1635:1633 1654 1979 0
1636:1584 0
1637:1584 1638 0
1638:1637 2154 0
1639:1584 2170 0
1640:1511 1776 0
1641:1572 2070 0
1642:1331 1572 1896 0
1643:1644 0
1644:1203 1587 1643 0
1645:513 1646 1647 1648 0
1646:1508 1645 0
1647:1502 1645 1767 0
1648:1502 1645 0
1649:1445 1568 1650 1651 1652 1653 0
1650:1480 1649 0
1651:1571 1649 1653 0
1652:1445 1649 0
1653:1568 1649 1651 0
1654:1172 1635 1971 2053 0
1655:1587 0
1656:1203 0
1657:1203 1693 1793 0
1658:1616 2156 0
1659:1181 1616 2226 0
1660:1363 2913 2914 0
1661:1666 0
1662:1472 1674 0
1663:1783 0
1664:1417 1472 0
1665:2260 0
1666:1407 1460 1661 0
1667:1236 1256 0
1668:1236 0
1669:1236 1670 1804 0
1670:1236 1669 2254 2255 0
1671:1191 1289 0
1672:1187 1673 0
1673:1672 2062 2064 0
1674:1662 1949 2159 0
1675:1286 1304 1422 1628 0
1676:1304 1906 0
1677:1678 0
1678:1383 1386 1677 0
1679:1680 1681 0
1680:1679 1766 1799 0
1681:1679 1779 0
1682:1435 1683 1684 1685 0
1683:1435 1682 1778 0
1684:1682 1781 1782 0
1685:1682 1782 2108 0
1686:1305 1310 0
1687:1305 1377 1751 0
1688:1305 1961 1983 2081 0
1689:1305 1961 2082 2111 0
1690:1691 1692 0
1691:1433 1690 0
1692:1690 1920 0
1693:1204 1657 0
1694:0
1695:1803 0
1696:1787 0
1697:1269 1529 1698 1699 0
1698:1563 1697 0
1699:1531 1697 0
1700:1332 1744 0
1701:1455 1765 0
1702:1771 0
1703:1758 1849 0
1704:1770 1851 0
1705:1414 1415 0
1706:1707 0
1707:1706 1708 1709 0
1708:1707 2004 0
1709:1707 2005 0
1710:1285 1964 2163 0
1711:1407 1712 1713 0
1712:1711 1714 0
1713:1335 1337 1711 0
1714:1336 1712 0
1715:1264 1508 1716 1717 1718 0
1716:1512 1715 0
1717:1715 1853 0
1718:1715 0
1719:1384 0
1720:1529 1849 0
1721:1256 1336 1722 0
1722:1721 2166 2167 2168 0
1723:1245 0
1724:1245 1594 0
1725:1415 2067 0
1726:1476 1727 0
1727:1726 1834 0
1728:1515 2110 0
1729:1515 1947 0
1730:1515 2221 0
1731:1385 1732 1733 1734 1735 0
1732:1314 1731 1738 0
1733:1731 1735 0
1734:1731 1874 2074 0
1735:1731 1733 1915 2043 0
1736:1177 1385 0
1737:1385 1457 0
1738:1315 1732 0
1739:1310 1331 0
1740:1268 1741 0
1741:1740 1766 1860 1861 0
1742:1225 1763 0
1743:1160 1225 1234 1755 1763 0
1744:1700 1745 1746 0
1745:1744 2184 0
1746:1564 1744 0
1747:1177 1315 0
1748:1150 1177 0
1749:1177 0
1750:1177 0
1751:1377 1605 1687 0
1752:1753 0
1753:1286 1752 0
1754:1576 1628 1760 0
1755:1265 1352 1743 1756 1757 0
1756:1351 1755 0
1757:1263 1755 0
1758:1195 1703 1759 0
1759:1758 2172 2180 0
1760:1754 1761 0
1761:1760 1768 0
1762:1534 1580 2181 0
1763:1742 1743 0
1764:1545 1585 0
1765:1531 1701 1766 0
1766:1630 1680 1741 1765 1800 0
1767:1647 0
1768:1761 1769 0
1769:1768 0
1770:1704 0
1771:1702 0
1772:1420 1460 0
1773:1591 1774 1775 0
1774:1212 1773 0
1775:1773 2208 0
1776:1640 1828 0
1777:1601 1891 2115 0
1778:1683 0
1779:1455 1681 0
1780:1374 0
1781:1374 1393 1684 1782 0
1782:1684 1685 1781 0
1783:1374 1663 0
1784:1538 1951 2099 0
1785:1165 1807 1808 1809 0
1786:1165 2161 0
1787:1167 1696 0
1788:1167 2145 0
1789:1286 0
1790:498 2131 0
1791:1162 1246 0
1792:1548 1793 1794 0
1793:1657 1792 0
1794:1792 0
1795:1394 1878 1885 1945 1953 2190 0
1796:1797 1798 0
1797:1796 2148 0
1798:1796 2170 0
1799:1456 1680 0
1800:1766 0
1801:1289 1846 0
1802:1289 1877 0
1803:1289 1695 0
1804:1217 1669 0
1805:1377 1969 2051 0
1806:1377 1963 2051 2222 0
1807:1329 1785 0
1808:1330 1785 0
1809:1785 1959 1960 0
1810:1386 2164 0
1811:2233 0
1812:2230 0
1813:2223 0
1814:2167 0
1815:2224 0
1816:2233 0
1817:2239 0
1818:2238 0
1819:1336 1404 0
1820:1336 1405 0
1821:1337 2199 2200 2201 2202 2203 2204 0
1822:1619 0
1823:1619 0
1824:1277 1619 0
1825:1466 2128 0
1826:1466 1468 1989 2041 0
1827:1314 1466 0
1828:1477 1776 0
1829:1276 1314 0
1830:1602 2176 2246 0
1831:1602 2175 2196 0
1832:1416 2179 0
1833:1392 0
1834:1392 1727 0
1835:1227 0
1836:1837 0
1837:1634 1836 0
1838:1420 1989 2028 2178 2244 0
1839:1299 1398 0
1840:1398 1875 2135 2136 0
1841:1398 0
1842:1368 1843 1844 1845 0
1843:1842 1916 0
1844:1361 1842 0
1845:1842 2090 0
1846:1624 1801 1847 0
1847:1846 0
1848:1240 2211 2217 0
1849:1703 1720 2171 2172 2195 2216 0
1850:1195 0
1851:1195 1704 0
1852:1195 2263 0
1853:1632 1717 0
1854:1212 0
1855:1503 1549 1856 0
1856:1855 1858 2095 2206 0
1857:1432 1499 1859 0
1858:1499 1856 2049 2160 2177 0
1859:1857 0
1860:1741 0
1861:1741 2187 0
1862:1496 0
1863:1496 1864 0
1864:1863 1947 0
1865:1624 2186 0
1866:1624 2088 2157 2213 0
1867:1630 2187 0
1868:1206 1492 0
1869:1271 1492 0
1870:1492 2087 0
1871:1492 2208 0
1872:1276 0
1873:1147 1149 2025 2026 0
1874:1147 1734 0
1875:1327 1840 0
1876:1877 1878 0
1877:1802 1876 1884 1885 1886 1887 1888 0
1878:1795 1876 0
1879:1880 1881 0
1880:1879 1922 1927 0
1881:1879 2040 0
1882:1179 1883 0
1883:1882 0
1884:1877 0
1885:1795 1877 0
1886:1877 2033 0
1887:1877 2117 0
1888:1877 2097 0
1889:1890 1891 0
1890:1889 2036 2118 2147 0
1891:1777 1889 0
1892:1395 1893 0
1893:1892 0
1894:1895 1896 0
1895:1894 2008 0
1896:1575 1642 1894 2037 0
1897:1189 1958 2038 2039 2040 0
1898:1189 1922 2059 0
1899:1189 0
1900:1189 1921 0
1901:1189 2058 2139 0
1902:1189 2057 0
1903:1189 0
1904:1189 2241 0
1905:1906 1907 0
1906:1676 1905 0
1907:1905 2012 0
1908:1909 1910 0
1909:1908 2101 0
1910:1908 2041 0
1911:1209 1985 0
1912:1539 1913 1914 0
1913:1912 2100 0
1914:1539 1912 0
1915:1612 1735 0
1916:1843 1944 0
1917:1175 0
1918:1175 0
1919:1565 1589 0
1920:1213 1692 0
1921:1900 1922 0
1922:1625 1880 1898 1921 2056 2077 0
1923:1287 1925 1926 0
1924:1287 2190 0
1925:1923 1964 1997 0
1926:1923 1997 0
1927:1880 2198 0
1928:1929 1930 0
1929:1928 1977 0
1930:1928 2214 2215 0
1931:1319 0
1932:1320 1933 0
1933:1932 0
1934:1935 1936 1937 0
1935:1934 1936 2081 0
1936:1934 1935 0
1937:1934 2133 0
1938:1338 1943 1948 0
1939:1338 1941 1942 0
1940:1338 1941 0
1941:1338 1939 1940 1943 0
1942:1338 1939 1948 0
1943:1338 1938 1941 0
1944:1916 1945 0
1945:1795 1944 2052 0
1946:1613 2002 2079 0
1947:1729 1864 0
1948:1523 1938 1942 1949 0
1949:1674 1948 2159 0
1950:1951 1952 0
1951:1784 1950 2107 0
1952:1950 2107 0
1953:1395 1795 0
1954:1627 1955 0
1955:1954 0
1956:1957 1958 0
1957:1956 2142 0
1958:1897 1956 2183 2214 0
1959:1809 0
1960:1328 1809 0
1961:1688 1689 1962 1963 0
1962:1961 1964 1965 0
1963:1806 1961 1969 0
1964:1710 1925 1962 0
1965:1962 2210 0
1966:1967 1968 1969 0
1967:1966 2119 2197 0
1968:1966 2115 2246 0
1969:1805 1963 1966 2197 2222 0
1970:1971 1972 1973 0
1971:1654 1970 0
1972:1970 1978 0
1973:1970 2009 0
1974:1369 1603 2023 0
1975:1369 1976 2050 0
1976:1369 1975 0
1977:1929 0
1978:1972 1979 0
1979:1635 1978 0
1980:1981 1982 0
1981:1166 1980 0
1982:1980 0
1983:1372 1688 0
1984:1372 2111 0
1985:1911 1986 1987 0
1986:1985 1988 0
1987:1985 2003 0
1988:1986 2134 2155 0
1989:1826 1838 1990 0
1990:1989 2028 2041 0
1991:1180 2047 0
1992:1148 1993 0
1993:1992 2074 0
1994:1389 1995 0
1995:1389 1994 0
1996:1388 2134 0
1997:1395 1925 1926 1999 2000 0
1998:1395 2083 0
1999:1997 2024 2050 2052 0
2000:1997 2218 0
2001:1155 1486 0
2002:1614 1615 1946 0
2003:1987 2053 0
2004:1156 1708 0
2005:1241 1709 0
2006:2007 2008 2009 0
2007:2006 2147 0
2008:1895 2006 0
2009:1973 2006 2145 0
2010:2011 2012 0
2011:1298 2010 0
2012:1907 2010 2091 0
2013:2014 2015 0
2014:2013 2016 2121 0
2015:1272 2013 0
2016:2014 0
2017:1439 2018 0
2018:2017 0
2019:2020 2021 0
2020:1540 2019 0
2021:2019 2022 0
2022:1539 2021 0
2023:1974 2024 0
2024:1999 2023 2174 0
2025:1873 0
2026:1873 2134 0
2027:1550 0
2028:1468 1838 1990 0
2029:1468 0
2030:1453 2031 0
2031:1242 2030 0
2032:2033 2034 0
2033:1886 2032 2093 2094 2153 0
2034:1555 2032 0
2035:2036 2037 0
2036:1890 2035 0
2037:1896 2035 0
2038:1897 2124 2127 0
2039:1897 2060 0
2040:1881 1897 2055 0
2041:1826 1910 1990 0
2042:2043 0
2043:1536 1735 2042 2044 2065 0
2044:2043 0
2045:1625 2046 0
2046:2045 2142 0
2047:1411 1991 0
2048:1504 2049 0
2049:1858 2048 2160 0
2050:1975 1999 2051 0
2051:1805 1806 2050 0
2052:1945 1999 0
2053:1654 2003 2106 0
2054:2055 2056 0
2055:2040 2054 0
2056:1922 2054 0
2057:1902 2058 0
2058:1901 2057 0
2059:1898 2060 0
2060:2039 2059 2132 0
2061:2062 2063 0
2062:1673 2061 0
2063:2061 0
2064:1673 0
2065:1536 2043 0
2066:2067 0
2067:1725 2066 0
2068:1269 2069 0
2069:2068 2185 0
2070:1641 2071 0
2071:2070 2118 2119 2120 0
2072:1519 2073 0
2073:2072 0
2074:1734 1993 0
2075:2076 0
2076:1551 2075 0
2077:1922 2143 0
2078:1536 0
2079:1536 1946 0
2080:1539 2103 0
2081:1688 1935 2082 0
2082:1689 2081 0
2083:1603 1998 2173 0
2084:2085 2086 0
2085:2084 2158 0
2086:1625 2084 0
2087:1870 0
2088:1866 0
2089:1603 2090 0
2090:1845 2089 0
2091:2012 2146 0
2092:2093 2094 0
2093:2033 2092 0
2094:2033 2092 0
2095:1856 2096 0
2096:2095 2162 0
2097:1555 1888 0
2098:1555 0
2099:1784 2100 0
2100:1913 2099 0
2101:1909 2128 0
2102:1270 2169 0
2103:2080 2122 0
2104:2105 2106 0
2105:2104 2116 2205 0
2106:2053 2104 0
2107:1951 1952 0
2108:1291 1685 0
2109:1399 0
2110:1451 1728 0
2111:1573 1689 1984 2196 2197 0
2112:1573 2113 2188 0
2113:1574 2112 2133 0
2114:1574 2120 2188 0
2115:1777 1968 2116 0
2116:2105 2115 0
2117:1887 2143 0
2118:1890 2071 0
2119:1967 2071 0
2120:2071 2114 0
2121:2014 0
2122:2103 2149 0
2123:2124 2125 2126 0
2124:2038 2123 0
2125:2123 2126 2151 2152 0
2126:2123 2125 2220 0
2127:2038 2249 2252 0
2128:1825 2101 2129 2130 0
2129:2128 0
2130:2128 2257 0
2131:1433 1790 2177 0
2132:2060 2140 0
2133:1937 2113 0
2134:1988 1996 2026 0
2135:1840 2136 0
2136:1840 2135 0
2137:1592 0
2138:2139 0
2139:1901 2138 0
2140:2132 2141 0
2141:2140 2150 2198 0
2142:1957 2046 2183 0
2143:2077 2117 0
2144:1603 0
2145:1603 1788 2009 2205 0
2146:2091 0
2147:1890 2007 0
2148:1161 1797 0
2149:2122 2186 0
2150:1625 2141 0
2151:2125 0
2152:2125 0
2153:1521 2033 0
2154:1638 2165 0
2155:1988 0
2156:1658 0
2157:1866 2158 0
2158:2085 2157 0
2159:1674 1949 0
2160:1858 2049 2177 0
2161:1786 0
2162:2096 2206 0
2163:1710 2242 0
2164:1810 0
2165:1324 2154 0
2166:1722 2230 0
2167:1722 1814 0
2168:1722 2230 0
2169:2102 0
2170:1357 1639 1798 2191 2192 0
2171:1849 2172 0
2172:1759 1849 2171 0
2173:2083 2228 2245 0
2174:2024 2175 2176 0
2175:1831 2174 0
2176:1830 2174 0
2177:1858 2131 2160 0
2178:1838 2179 0
2179:1832 2178 2244 2247 0
2180:1759 2195 0
2181:1762 2182 0
2182:2181 2193 0
2183:1958 2142 0
2184:1745 2216 0
2185:2069 0
2186:1865 2149 2213 0
2187:1861 1867 2194 0
2188:2112 2114 0
2189:1615 2257 0
2190:1795 1924 0
2191:1325 2170 0
2192:2170 0
2193:2182 0
2194:2187 0
2195:1849 2180 0
2196:1831 2111 2222 0
2197:1967 1969 2111 0
2198:1927 2141 0
2199:1821 2225 0
2200:1294 1821 2201 2234 0
2201:1821 2200 2229 0
2202:1821 2236 0
2203:1821 2229 0
2204:1821 2229 0
2205:2105 2145 0
2206:1856 2162 2207 0
2207:2206 0
2208:1775 1871 0
2209:1427 0
2210:1965 2243 2245 0
2211:1848 2212 0
2212:2211 0
2213:1866 2186 2256 0
2214:1930 1958 0
2215:1930 2252 0
2216:1849 2184 0
2217:1848 0
2218:2000 2242 0
2219:1243 0
2220:2126 0
2221:1730 0
2222:1806 1969 2196 0
2223:1813 2224 0
2224:1293 1815 2223 2237 0
2225:2199 2235 2236 0
2226:1659 2227 0
2227:2226 0
2228:2173 0
2229:2201 2203 2204 0
2230:1812 2166 2168 2233 0
2231:1258 0
2232:1258 0
2233:1811 1816 2230 0
2234:2200 2235 2236 0
2235:2225 2234 2237 0
2236:2202 2225 2234 0
2237:2224 2235 0
2238:1818 2239 0
2239:1817 2238 0
2240:1253 1259 2253 0
2241:1904 0
2242:2163 2218 2243 0
2243:2210 2242 2248 0
2244:1838 2179 0
2245:2173 2210 0
2246:1830 1968 0
2247:2179 0
2248:2243 0
2249:2127 0
2250:1260 0
2251:1260 0
2252:2127 2215 0
2253:2240 0
2254:1670 0
2255:1670 0
2256:2213 0
2257:2130 2189 0
2258:1464 0
2259:1604 0
2260:1665 0
2261:2262 2263 0
2262:2261 2264 0
2263:1852 2261 0
2264:1620 2262 0
2265:2266 2267 0
2266:2265 2275 0
2267:2265 2275 0
2268:0
2269:2270 2271 0
2270:2269 2291 2292 0
2271:2269 2472 0
2272:2273 2274 0
2273:2272 2348 0
2274:2272 2482 0
2275:457 2266 2267 0
2276:2277 2278 0
2277:2276 2334 2477 0
2278:2276 2390 4822 4837 0
2279:2280 2281 0
2280:464 2279 2321 2455 0
2281:2279 2350 0
2282:2283 2284 0
2283:2282 2322 2348 0
2284:2282 2350 2421 2474 0
2285:2286 2287 0
2286:2285 2422 0
2287:2285 2289 0
2288:2289 2290 0
2289:2287 2288 2372 0
2290:464 2288 0
2291:2270 2292 2293 2294 0
2292:2270 2291 2293 2409 2429 2441 0
2293:2291 2292 2294 0
2294:2291 2293 2473 2478 2479 0
2295:2296 0
2296:453 2295 2298 0
2297:453 2298 2299 2300 2301 2302 2303 2304 2305 0
2298:453 2296 2297 2306 2307 2308 0
2299:2297 2305 0
2300:2297 0
2301:2297 2305 0
2302:2297 2304 2465 0
2303:2297 2465 0
2304:2297 2302 0
2305:2297 2299 2301 2420 2438 0
2306:2298 2307 2311 0
2307:458 2298 2306 2313 2411 2442 2443 2444 2445 0
2308:2298 2470 2471 0
2309:453 605 2310 2328 2329 2330 2331 2332 0
2310:453 2309 2330 2331 0
2311:2306 2452 0
2312:2313 2314 0
2313:2307 2312 2319 0
2314:2312 2455 0
2315:2316 0
2316:2315 2320 0
2317:2318 2319 0
2318:2317 2321 0
2319:2313 2317 0
2320:2316 2327 0
2321:2280 2318 2386 0
2322:464 2283 2422 0
2323:2324 2325 2326 0
2324:2323 2349 0
2325:2323 2413 0
2326:2323 2480 2481 2482 2483 2484 2485 0
2327:2320 2466 0
2328:2309 2329 2382 2383 2384 2385 0
2329:2309 2328 2332 2430 2431 2432 0
2330:2309 2310 2358 0
2331:2309 2310 2378 2449 0
2332:2309 2329 2337 0
2333:2334 0
2334:2277 2333 2335 2336 2337 0
2335:2334 0
2336:2334 2354 0
2337:2332 2334 2408 2409 2425 0
2338:2339 2340 0
2339:2338 2388 2419 2420 0
2340:2338 0
2341:2342 2343 0
2342:2341 2351 2446 2447 0
2343:2341 2442 0
2344:2345 2346 2347 0
2345:2344 2348 2349 2350 0
2346:2344 2365 4490 0
2347:2344 2366 0
2348:2273 2283 2345 2363 2367 2368 2369 2370 2371 0
2349:2324 2345 0
2350:2281 2284 2345 2464 0
2351:2342 2352 0
2352:2351 2412 2452 0
2353:2354 2355 0
2354:2336 2353 0
2355:2353 2487 0
2356:2357 2358 2359 0
2357:2356 2358 2439 0
2358:2330 2356 2357 2450 2451 2456 2463 0
2359:2356 2378 0
2360:2361 2362 0
2361:2360 2379 0
2362:2360 2437 2469 0
2363:2348 2364 2365 2366 0
2364:2363 0
2365:2346 2363 4630 0
2366:2347 2363 0
2367:2348 0
2368:2348 0
2369:2348 2372 0
2370:2348 2371 4514 4689 0
2371:2348 2370 2481 4505 4628 4713 0
2372:2289 2369 0
2373:2374 2375 0
2374:2373 2416 0
2375:2373 2469 0
2376:2377 2378 0
2377:2376 2408 0
2378:2331 2359 2376 2441 2449 2450 2451 0
2379:2361 2427 2437 0
2380:2381 0
2381:2380 2404 2433 2434 0
2382:2328 0
2383:2328 0
2384:2328 0
2385:605 954 2328 2459 0
2386:2321 2389 0
2387:2388 0
2388:2339 2387 0
2389:2386 2390 0
2390:2278 2389 4860 0
2391:842 2392 0
2392:2391 2401 0
2393:2394 2395 2396 2397 2398 0
2394:2393 2399 2400 0
2395:2393 0
2396:2393 0
2397:2393 2398 0
2398:2393 2397 0
2399:2394 0
2400:2394 2439 0
2401:2392 2421 0
2402:2403 0
2403:2402 2404 0
2404:2381 2403 2405 0
2405:2404 2435 2436 0
2406:2407 2408 2409 0
2407:2406 0
2408:2337 2377 2406 2425 0
2409:2292 2337 2406 0
2410:2411 2412 0
2411:2307 2410 0
2412:2352 2410 2446 0
2413:842 2325 0
2414:2415 0
2415:465 2414 0
2416:2374 2428 2453 2454 0
2417:2436 0
2418:2454 0
2419:2339 2420 0
2420:458 2305 2339 2419 2476 0
2421:2284 2401 0
2422:2286 2322 0
2423:2424 0
2424:2423 0
2425:2337 2408 0
2426:2427 2428 0
2427:2379 2426 0
2428:2416 2426 0
2429:2292 0
2430:2329 0
2431:2329 0
2432:143 2329 0
2433:2381 2434 0
2434:2381 2433 0
2435:2405 0
2436:886 2405 2417 0
2437:2362 2379 0
2438:437 2305 0
2439:2357 2400 0
2440:605 4515 4837 0
2441:2292 2378 0
2442:2307 2343 0
2443:2307 0
2444:2307 0
2445:2307 0
2446:2342 2412 0
2447:2342 2452 0
2448:2449 0
2449:2331 2378 2448 0
2450:2358 2378 0
2451:2358 2378 0
2452:2311 2352 2447 0
2453:2416 0
2454:2416 2418 2469 0
2455:2280 2314 0
2456:2358 2457 0
2457:2456 0
2458:2459 2460 0
2459:2385 2458 2461 2466 2467 0
2460:2458 0
2461:2459 2462 0
2462:604 2461 0
2463:2358 0
2464:2350 4718 0
2465:2302 2303 0
2466:2327 2459 0
2467:2459 2468 0
2468:2467 4859 4861 4863 0
2469:2362 2375 2454 0
2470:2308 0
2471:2308 0
2472:2271 0
2473:2294 0
2474:2284 4525 4548 4574 4736 0
2475:2476 0
2476:458 2420 2475 0
2477:2277 4837 0
2478:2294 0
2479:2294 0
2480:2326 0
2481:2326 2371 4660 4661 0
2482:2274 2326 0
2483:2326 2485 4660 4734 4735 0
2484:2326 4786 4787 4789 0
2485:2326 2483 4786 0
2486:842 4699 4748 4749 0
2487:2355 0
2488:2489 2490 0
2489:2488 4543 4544 4545 4546 0
2490:2488 4675 0
2491:2492 0
2492:2491 2493 2494 0
2493:2492 2591 2597 2600 2601 2602 0
2494:2492 2600 2602 2634 2720 2732 2735 0
2495:554 556 2579 2655 2656 2657 2658 2659 0
2496:554 2687 2989 2990 2991 2992 0
2497:2498 2499 0
2498:2497 2670 3096 0
2499:2497 2526 3097 0
2500:2501 2502 0
2501:2500 2548 2662 2666 2667 2668 0
2502:2500 2993 2994 0
2503:2504 0
2504:2503 2568 2802 2803 2804 2805 2806 2807 0
2505:2506 0
2506:2505 2688 2728 2729 2736 2737 2774 2915 0
2507:2508 2509 0
2508:2507 2510 0
2509:2507 0
2510:2508 2604 2911 0
2511:2512 2513 0
2512:2511 2893 0
2513:2511 0
2514:2529 0
2515:2624 2625 0
2516:2747 0
2517:2626 2627 2890 2908 0
2518:2625 2942 0
2519:2837 2947 0
2520:2837 2948 0
2521:3010 0
2522:3063 0
2523:2778 0
2524:2716 3066 0
2525:2526 2527 2528 0
2526:2499 2525 2669 2670 2671 2672 0
2527:2525 2716 2961 0
2528:2525 2727 2737 3014 3015 0
2529:2514 2897 3022 0
2530:0
2531:0
2532:2570 2571 0
2533:2757 2758 2759 0
2534:2622 2763 2896 2916 2917 2918 0
2535:2958 2959 0
2536:2838 0
2537:2622 0
2538:0
2539:0
2540:3227 0
2541:2606 3287 0
2542:2543 2544 0
2543:127 2542 4238 4239 0
2544:2542 4214 4261 0
2545:2546 0
2546:2545 2547 2548 2549 2550 0
2547:2546 0
2548:2501 2546 2562 2738 2739 0
2549:2546 2722 2937 2938 0
2550:2546 2562 2627 2722 2949 2950 0
2551:2552 2553 2554 2555 2556 0
2552:2551 0
2553:2551 2557 3032 0
2554:2551 0
2555:2551 2556 2558 2924 0
2556:2551 2555 0
2557:2553 2558 2559 0
2558:2555 2557 2583 2708 2709 2923 2924 0
2559:2557 0
2560:2561 2562 2563 0
2561:2560 2636 2638 2679 2704 2705 2706 0
2562:2548 2550 2560 2633 2635 2843 2844 0
2563:2560 0
2564:1481 2565 2591 2592 2593 2594 0
2565:1481 2564 3068 0
2566:1481 2567 3068 3145 3170 0
2567:1481 2566 2594 3091 3141 0
2568:2504 2569 0
2569:2568 2758 0
2570:2532 2877 3035 3036 3037 3038 3039 0
2571:2532 2939 3336 0
2572:2573 2574 2575 2576 0
2573:2572 0
2574:2572 2576 2662 2663 2888 2889 0
2575:2572 0
2576:2572 2574 0
2577:2578 2579 2580 0
2578:2577 2694 2754 2784 2818 0
2579:2495 2577 2619 2620 2682 2784 2846 2847 2848 0
2580:2577 3050 3051 3052 3053 0
2581:2582 0
2582:2581 2583 2584 0
2583:2558 2582 2845 0
2584:2582 3057 3058 3059 3060 3061 3062 0
2585:2586 2587 2588 2589 0
2586:2585 2590 3064 0
2587:2585 2589 3083 3086 3087 3088 0
2588:2585 3083 3311 0
2589:2585 2587 0
2590:2586 2591 0
2591:2493 2564 2590 2595 2596 2597 2598 2599 0
2592:2564 0
2593:2564 3016 3017 3291 0
2594:2564 2567 3017 0
2595:2591 2661 0
2596:2591 0
2597:2493 2591 2861 2864 2870 2912 2913 0
2598:2591 2856 3026 0
2599:2591 3055 3056 3067 3068 0
2600:1365 2493 2494 2634 0
2601:2493 2634 2645 0
2602:2493 2494 2919 0
2603:2604 0
2604:2510 2603 0
2605:2606 0
2606:2541 2605 2607 0
2607:2606 2926 2988 0
2608:555 2609 2610 2611 0
2609:555 2608 2657 2660 0
2610:2608 0
2611:2608 0
2612:2613 2614 2615 2616 0
2613:2612 2615 2616 0
2614:2612 3258 3259 3260 0
2615:2612 2613 2616 0
2616:2612 2613 2615 0
2617:0
2618:0
2619:2579 2620 2621 0
2620:2579 2619 2750 2751 2752 2753 0
2621:2619 0
2622:2534 2537 2623 0
2623:2622 2820 3036 0
2624:2515 0
2625:2515 2518 2933 0
2626:2517 2627 2628 0
2627:2517 2550 2626 2675 2678 2679 2680 2681 0
2628:2626 0
2629:2630 2631 2632 0
2630:2629 2633 2639 0
2631:2629 2633 2640 0
2632:2629 2704 2966 2969 2970 2971 0
2633:2562 2630 2631 2634 2635 2636 2637 0
2634:2494 2600 2601 2633 2638 0
2635:2562 2633 2649 0
2636:2561 2633 2819 0
2637:2633 0
2638:2561 2634 2707 0
2639:2630 2640 0
2640:2631 2639 0
2641:2642 2643 0
2642:2641 2643 2729 2730 2954 3070 3071 0
2643:2641 2642 3206 3207 3208 0
2644:2645 2646 2647 0
2645:2601 2644 2648 0
2646:2644 0
2647:2644 0
2648:2645 0
2649:2635 2957 0
2650:2651 2652 2653 2654 0
2651:2650 2711 2712 2713 2714 0
2652:2650 2742 3100 3103 3104 0
2653:2650 3040 3307 0
2654:2650 3041 3309 0
2655:2495 2672 2687 0
2656:2495 3106 3110 0
2657:2495 2609 3111 0
2658:2495 2672 2770 0
2659:556 2495 0
2660:555 2609 2752 2754 2755 2756 0
2661:2595 2960 0
2662:2501 2574 2663 2664 2665 0
2663:2574 2662 0
2664:2662 2665 0
2665:2662 2664 0
2666:2501 2790 2895 0
2667:2501 2837 0
2668:2501 2921 0
2669:2526 2684 2685 2686 0
2670:2498 2526 2690 2692 0
2671:2526 2779 0
2672:2526 2655 2658 2682 2692 2769 2846 0
2673:2674 0
2674:2673 2776 0
2675:2627 2676 2677 0
2676:2675 2704 2964 2965 0
2677:2675 2966 2972 0
2678:2627 2890 3299 0
2679:2561 2627 3300 0
2680:2627 0
2681:2627 0
2682:2579 2672 2683 0
2683:2682 2727 2847 2985 2989 3071 3108 3130 0
2684:2669 0
2685:2669 0
2686:2669 0
2687:2496 2655 2989 3131 0
2688:2506 2689 2690 2691 0
2689:2688 3132 0
2690:2670 2688 3133 0
2691:2688 0
2692:2670 2672 2727 0
2693:2694 2695 2696 0
2694:2578 2693 2695 2783 2784 2785 2786 2787 0
2695:2693 2694 2785 2798 2799 2800 2801 0
2696:2693 0
2697:2698 2699 2700 2701 2702 2703 0
2698:2697 2699 2702 2760 2761 2762 2763 2764 0
2699:2697 2698 2702 2894 0
2700:2697 0
2701:2697 0
2702:2697 2698 2699 0
2703:2697 0
2704:2561 2632 2676 0
2705:2561 0
2706:2561 0
2707:2638 2746 2756 2926 2934 2935 0
2708:2558 2709 2710 0
2709:2558 2708 2931 0
2710:2708 0
2711:2651 2740 2741 2742 2743 2744 2745 0
2712:2651 2713 3142 3143 0
2713:2651 2712 3142 0
2714:2651 2740 3302 0
2715:2716 2717 2718 0
2716:2524 2527 2715 2946 0
2717:2715 0
2718:2715 0
2719:2720 0
2720:2494 2719 2721 0
2721:2720 0
2722:2549 2550 2723 2724 0
2723:2722 0
2724:2722 0
2725:2726 0
2726:2725 2938 0
2727:2528 2683 2692 2985 0
2728:2506 2729 0
2729:2506 2642 2728 2730 2731 0
2730:2642 2729 0
2731:2729 0
2732:2494 2733 2734 0
2733:2732 0
2734:2732 0
2735:2494 0
2736:2506 2737 0
2737:2506 2528 2736 2915 3014 3015 3292 0
2738:2548 2890 2963 0
2739:2548 0
2740:2711 2714 2877 2887 0
2741:2711 2936 0
2742:2652 2711 3104 3164 0
2743:2711 3165 0
2744:2711 3312 0
2745:2711 3251 3315 0
2746:2707 0
2747:2516 2942 3002 3167 3168 3169 0
2748:2749 0
2749:2748 2910 2938 0
2750:2620 2920 0
2751:2620 2850 0
2752:2620 2660 3163 0
2753:2620 3130 3171 3172 3173 0
2754:2578 2660 2783 2812 2813 0
2755:2660 2756 2783 2914 2925 2926 2927 0
2756:2660 2707 2755 2768 0
2757:2533 2758 2759 3217 0
2758:2533 2569 2757 2759 0
2759:2533 2757 2758 3319 3320 3321 3339 0
2760:2698 2765 2766 2767 0
2761:2698 2762 2798 3049 0
2762:2698 2761 2763 2995 3241 0
2763:2534 2698 2762 2764 2827 2916 2917 2995 3241 0
2764:2698 2763 0
2765:2760 2918 0
2766:2760 2767 3089 0
2767:2760 2766 3089 0
2768:1365 2756 0
2769:2672 2771 2772 2775 2776 0
2770:2658 2773 0
2771:2769 3178 0
2772:2769 3179 0
2773:2770 0
2774:2506 0
2775:2769 2854 2855 0
2776:2674 2769 0
2777:2778 0
2778:2523 2777 2779 0
2779:2671 2778 2954 2955 0
2780:556 2781 2782 0
2781:2780 3107 3187 0
2782:556 2780 0
2783:2694 2754 2755 0
2784:2578 2579 2694 2814 2815 2816 2817 0
2785:2694 2695 0
2786:2694 2833 0
2787:2694 2833 0
2788:2789 0
2789:2788 2790 3102 0
2790:2666 2789 0
2791:2792 2796 3094 3095 0
2792:2791 2990 3095 3154 3177 3265 0
2793:3151 3152 3156 3264 0
2794:0
2795:3107 3252 3333 3335 0
2796:2791 0
2797:555 646 4153 0
2798:2695 2761 2801 0
2799:2695 2822 2827 2832 0
2800:2695 0
2801:2695 2798 3237 0
2802:2504 0
2803:2504 0
2804:2504 3036 3203 0
2805:2504 3036 3204 0
2806:2504 3036 3205 0
2807:2504 0
2808:556 0
2809:556 0
2810:556 3107 0
2811:556 0
2812:2754 0
2813:2754 0
2814:2784 3193 0
2815:2784 3193 0
2816:2784 0
2817:2784 0
2818:2578 3193 3196 3197 3198 3199 3200 3201 0
2819:2636 0
2820:2623 0
2821:2828 2830 2836 0
2822:2799 0
2823:2829 0
2824:3214 0
2825:3215 0
2826:3216 0
2827:2763 2799 2832 2896 2995 2996 0
2828:2821 3244 0
2829:2823 2943 3077 3078 0
2830:2821 0
2831:0
2832:2799 2827 0
2833:2786 2787 2835 2836 3304 3305 3318 3327 3328 0
2834:2836 0
2835:2833 0
2836:2821 2833 2834 3304 3305 0
2837:2519 2520 2667 2851 2896 2921 2926 2927 2930 0
2838:2536 3338 0
2839:2840 2841 2842 0
2840:2839 2842 2944 2945 0
2841:2839 2944 4146 4188 0
2842:2839 2840 4190 4211 4233 4237 4286 0
2843:2562 0
2844:2562 0
2845:2583 2901 3057 0
2846:2579 2672 0
2847:2579 2683 2848 2954 2989 3071 3108 3130 3218 0
2848:2579 2847 3235 0
2849:2850 2851 2852 2853 0
2850:2751 2849 2943 0
2851:2837 2849 0
2852:2849 3225 0
2853:2849 3225 0
2854:2775 2998 0
2855:2775 0
2856:2598 2857 2858 2859 0
2857:2856 3174 0
2858:2856 3229 0
2859:2856 2861 3261 0
2860:2861 0
2861:2597 2859 2860 0
2862:2863 0
2863:2862 2864 0
2864:2597 2863 2865 0
2865:2864 3013 0
2866:2867 0
2867:2866 2912 3233 0
2868:2869 0
2869:2868 2870 0
2870:2597 2869 2871 0
2871:2870 2872 0
2872:2871 0
2873:2874 2875 2876 2877 2878 2879 2880 0
2874:2873 2877 2878 3045 3046 3047 0
2875:2873 0
2876:2873 0
2877:2570 2740 2873 2874 2878 3036 3191 3253 3254 3255 0
2878:2873 2874 2877 0
2879:2873 2880 0
2880:2873 2879 3340 0
2881:0
2882:2926 3098 0
2883:2926 3147 0
2884:0
2885:0
2886:0
2887:2740 3274 0
2888:2574 2889 0
2889:2574 2888 0
2890:2517 2678 2738 2891 2892 0
2891:2890 3294 0
2892:2890 0
2893:2512 0
2894:2699 0
2895:2666 0
2896:2534 2827 2837 0
2897:2529 2898 2907 3023 0
2898:2897 2906 2907 0
2899:0
2900:2901 2902 2940 3082 0
2901:2845 2900 2902 2904 3222 3223 3224 0
2902:2900 2901 3082 0
2903:0
2904:2901 0
2905:0
2906:2898 0
2907:2897 2898 0
2908:2517 0
2909:2910 0
2910:2749 2909 2938 0
2911:2510 0
2912:2597 2867 3069 0
2913:1660 2597 3236 0
2914:1660 2755 2923 2925 0
2915:2506 2737 0
2916:2534 2763 3249 0
2917:2534 2763 3250 0
2918:2534 2765 0
2919:2602 0
2920:2750 0
2921:2668 2837 2922 0
2922:2921 2948 0
2923:2558 2914 3266 0
2924:2555 2558 3073 0
2925:2755 2914 2941 0
2926:2607 2707 2755 2837 2882 2883 2928 2929 0
2927:2755 2837 3272 0
2928:2926 3004 3175 3267 3268 3269 3270 3271 0
2929:2926 2959 2986 3337 0
2930:2837 2984 0
2931:2709 3273 0
2932:2933 0
2933:2625 2932 2962 0
2934:2707 2983 3342 0
2935:2707 2983 3343 0
2936:2741 3275 0
2937:2549 0
2938:2549 2726 2749 2910 0
2939:2571 3228 0
2940:2900 3276 0
2941:2925 3277 0
2942:2518 2747 3167 3209 0
2943:2829 2850 3077 3279 3280 0
2944:2840 2841 4150 4151 4153 4217 4269 4274 0
2945:2840 4354 0
2946:2716 3289 3290 0
2947:2519 3054 3281 0
2948:2520 2922 0
2949:2550 0
2950:2550 0
2951:2952 2953 0
2952:2951 3162 0
2953:2951 3031 3286 0
2954:2642 2779 2847 3130 3218 3285 0
2955:2779 3208 0
2956:2957 0
2957:2649 2956 0
2958:2535 0
2959:2535 2929 0
2960:2661 0
2961:2527 0
2962:2933 3239 0
2963:2738 0
2964:2676 2966 2967 2968 0
2965:2676 0
2966:2632 2677 2964 2973 2980 0
2967:2964 0
2968:2964 0
2969:2632 2973 2974 2975 2976 2977 2978 2979 0
2970:2632 0
2971:2632 0
2972:2677 0
2973:2966 2969 2981 2982 0
2974:2969 0
2975:2969 0
2976:2969 0
2977:2969 0
2978:2969 0
2979:2969 0
2980:2966 0
2981:2973 0
2982:2973 0
2983:2934 2935 0
2984:2930 0
2985:2683 2727 0
2986:2929 2987 0
2987:2986 0
2988:2607 0
2989:2496 2683 2687 2847 3106 3107 3108 3109 0
2990:2496 2792 2992 3154 3177 3180 0
2991:2496 0
2992:2496 2990 0
2993:2502 0
2994:2502 0
2995:2762 2763 2827 2996 2997 0
2996:2827 2995 2997 3048 3049 0
2997:2995 2996 0
2998:2854 0
2999:3000 3001 0
3000:2999 3301 0
3001:2999 3301 0
3002:2747 0
3003:0
3004:2928 3005 3006 3009 3175 3176 0
3005:3004 3006 3007 3008 3043 3176 0
3006:3004 3005 3009 3176 3262 0
3007:3005 3008 0
3008:3005 3007 0
3009:3004 3006 0
3010:2521 0
3011:558 0
3012:558 0
3013:2865 0
3014:2528 2737 3015 3295 3296 0
3015:2528 2737 3014 0
3016:2593 3017 3018 3019 3020 3021 0
3017:2593 2594 3016 3091 3134 0
3018:3016 3020 3087 3148 3149 0
3019:3016 3021 3091 3137 0
3020:3016 3018 0
3021:3016 3019 0
3022:2529 0
3023:2897 0
3024:3025 0
3025:3024 3193 3195 3198 3199 3238 0
3026:2598 0
3027:3028 3029 0
3028:3027 3029 0
3029:3027 3028 3043 3044 0
3030:557 0
3031:557 2953 3284 0
3032:2553 3033 3034 0
3033:3032 3140 0
3034:3032 3138 3139 0
3035:2570 3039 0
3036:2570 2623 2804 2805 2806 2877 3190 3191 3192 0
3037:2570 3038 0
3038:2570 3037 0
3039:2570 3035 0
3040:2653 0
3041:2654 0
3042:3043 0
3043:3005 3029 3042 3044 0
3044:3029 3043 0
3045:2874 3046 0
3046:2874 3045 0
3047:2874 0
3048:2996 3049 0
3049:2761 2996 3048 3341 0
3050:2580 0
3051:2580 0
3052:2580 0
3053:2580 0
3054:2947 0
3055:2599 3056 0
3056:2599 3055 3144 3145 3146 0
3057:2584 2845 3061 3219 3220 3221 0
3058:2584 0
3059:2584 3060 3062 0
3060:2584 3059 3062 0
3061:2584 3057 0
3062:2584 3059 3060 0
3063:2522 0
3064:2586 3065 0
3065:3064 0
3066:2524 0
3067:2599 3068 0
3068:2565 2566 2599 3067 0
3069:2912 0
3070:2642 3071 0
3071:2642 2683 2847 3070 3130 3186 0
3072:3073 3074 3075 3076 0
3073:2924 3072 3076 0
3074:3072 0
3075:3072 0
3076:3072 3073 0
3077:2829 2943 3078 3079 0
3078:2829 3077 0
3079:3077 0
3080:4055 0
3081:4053 0
3082:2900 2902 0
3083:2587 2588 3084 3085 3086 3087 3088 0
3084:3083 0
3085:3083 3088 0
3086:2587 3083 3087 3088 3103 0
3087:2587 3018 3083 3086 3149 3185 0
3088:2587 3083 3085 3086 3202 0
3089:2766 2767 0
3090:3091 3092 3093 0
3091:2567 3017 3019 3090 3092 3134 3141 0
3092:3090 3091 3297 3298 0
3093:3090 0
3094:2791 0
3095:2791 2792 0
3096:2498 0
3097:2499 0
3098:2882 0
3099:3100 0
3100:2652 3099 3103 0
3101:3102 0
3102:2789 3101 0
3103:2652 3086 3100 3105 0
3104:2652 2742 3164 0
3105:3103 0
3106:2656 2989 0
3107:2781 2795 2810 2989 3108 3109 3187 3252 0
3108:2683 2847 2989 3107 3109 3310 0
3109:2989 3107 3108 0
3110:2656 0
3111:2657 0
3112:3113 0
3113:3112 3324 0
3114:3115 0
3115:3114 3307 0
3116:3117 0
3117:3116 3326 0
3118:3119 0
3119:3118 3322 0
3120:3121 0
3121:3120 3326 0
3122:3123 0
3123:3122 3301 0
3124:3125 0
3125:3124 3309 0
3126:3127 0
3127:3126 3313 0
3128:3129 0
3129:3128 3323 0
3130:2683 2753 2847 2954 3071 3173 3218 0
3131:2687 0
3132:2689 0
3133:2690 0
3134:3017 3091 3135 0
3135:3134 0
3136:3137 0
3137:3019 3136 0
3138:3034 3139 0
3139:3034 3138 3140 0
3140:3033 3139 3166 3188 3189 0
3141:2567 3091 0
3142:2712 2713 0
3143:2712 0
3144:3056 0
3145:2566 3056 3146 3170 3278 0
3146:3056 3145 0
3147:2883 0
3148:3018 0
3149:3018 3087 3185 0
3150:3151 3152 3153 0
3151:2793 3150 3152 3154 3155 3156 3157 3158 0
3152:558 2793 3150 3151 3154 3155 3156 3157 3158 3161 0
3153:3150 0
3154:2792 2990 3151 3152 3177 0
3155:3151 3152 0
3156:2793 3151 3152 0
3157:3151 3152 0
3158:3151 3152 0
3159:558 0
3160:558 0
3161:3152 0
3162:2952 0
3163:2752 0
3164:2742 3104 0
3165:2743 0
3166:3140 0
3167:2747 2942 0
3168:2747 3169 0
3169:2747 3168 0
3170:2566 3145 3282 3283 0
3171:2753 0
3172:2753 0
3173:2753 3130 0
3174:2857 0
3175:2928 3004 0
3176:3004 3005 3006 0
3177:2792 2990 3154 0
3178:2771 0
3179:2772 0
3180:2990 0
3181:560 0
3182:561 0
3183:562 0
3184:559 0
3185:3087 3149 0
3186:3071 0
3187:2781 3107 0
3188:3140 0
3189:3140 0
3190:3036 3191 3192 0
3191:2877 3036 3190 3192 0
3192:3036 3190 3191 0
3193:2814 2815 2818 3025 3194 3195 3196 3197 3198 3199 0
3194:3193 3198 3245 3247 0
3195:3025 3193 3199 0
3196:2818 3193 3197 0
3197:2818 3193 3196 0
3198:2818 3025 3193 3194 3332 0
3199:2818 3025 3193 3195 3200 0
3200:2818 3199 0
3201:2818 0
3202:3088 0
3203:2804 0
3204:2805 0
3205:2806 0
3206:2643 3208 0
3207:2643 0
3208:2643 2955 3206 3331 0
3209:2942 0
3210:3211 0
3211:3210 3315 0
3212:3213 0
3213:3212 3314 0
3214:2824 0
3215:2825 0
3216:2826 0
3217:2757 0
3218:2847 2954 3130 0
3219:3057 3220 3221 0
3220:3057 3219 3221 0
3221:3057 3219 3220 3329 3330 0
3222:2901 3223 3224 0
3223:2901 3222 3224 3288 3317 3334 0
3224:2901 3222 3223 0
3225:2852 2853 3226 0
3226:3225 0
3227:2540 0
3228:2939 0
3229:2858 3230 3231 3232 0
3230:3229 3232 0
3231:3229 0
3232:3229 3230 0
3233:2867 3234 0
3234:3233 0
3235:2848 0
3236:2913 0
3237:2801 0
3238:3025 0
3239:2962 3240 0
3240:3239 0
3241:2762 2763 3248 0
3242:3243 0
3243:3242 3322 0
3244:2828 0
3245:3194 3246 3247 0
3246:3245 0
3247:3194 3245 3256 3257 0
3248:3241 0
3249:2916 0
3250:2917 0
3251:2745 0
3252:2795 3107 0
3253:2877 3254 0
3254:2877 3253 0
3255:2877 0
3256:3247 0
3257:3247 0
3258:2614 0
3259:2614 0
3260:2614 4118 0
3261:2859 0
3262:3006 0
3263:563 0
3264:2793 0
3265:2792 0
3266:2923 0
3267:2928 3268 3270 0
3268:2928 3267 3270 0
3269:2928 3271 0
3270:2928 3267 3268 0
3271:2928 3269 0
3272:2927 0
3273:2931 0
3274:2887 0
3275:2936 0
3276:2940 0
3277:2941 0
3278:3145 0
3279:2943 0
3280:2943 0
3281:2947 0
3282:3170 3283 0
3283:3170 3282 0
3284:3031 0
3285:2954 0
3286:2953 0
3287:2541 0
3288:3223 0
3289:2946 3290 0
3290:2946 3289 0
3291:2593 0
3292:2737 0
3293:3294 0
3294:2891 3293 0
3295:3014 3296 0
3296:3014 3295 0
3297:3092 0
3298:3092 0
3299:2678 0
3300:2679 0
3301:3000 3001 3123 3314 0
3302:2714 3303 0
3303:3302 0
3304:2833 2836 3305 0
3305:2833 2836 3304 3318 3328 0
3306:3307 0
3307:2653 3115 3306 0
3308:3309 0
3309:2654 3125 3308 0
3310:3108 0
3311:2588 0
3312:2744 3313 3314 0
3313:3127 3312 3326 0
3314:3213 3301 3312 0
3315:2745 3211 3316 0
3316:3315 3323 3324 0
3317:3223 0
3318:2833 3305 0
3319:2759 3320 3321 0
3320:2759 3319 3321 0
3321:2759 3319 3320 0
3322:3119 3243 3323 0
3323:3129 3316 3322 0
3324:3113 3316 3325 0
3325:3324 0
3326:3117 3121 3313 0
3327:2833 3328 0
3328:2833 3305 3327 0
3329:3221 3330 0
3330:3221 3329 0
3331:3208 0
3332:3198 0
3333:2795 0
3334:3223 0
3335:2795 0
3336:2571 0
3337:2929 0
3338:2838 0
3339:2759 0
3340:2880 0
3341:3049 0
3342:2934 0
3343:2935 0
3344:3345 3346 3347 0
3345:3344 3628 3630 3631 3634 3635 3636 0
3346:3344 3475 0
3347:3344 3409 0
3348:3349 3350 3351 3352 0
3349:3348 3353 3354 0
3350:3348 3486 3487 0
3351:3348 0
3352:3348 3398 0
3353:3349 3365 3417 3419 0
3354:3349 4510 4635 0
3355:3356 3357 3358 3359 3360 0
3356:3355 3361 3362 3363 0
3357:3355 3465 0
3358:3355 3661 0
3359:3355 3483 3726 0
3360:3355 3773 3774 0
3361:3356 3363 3399 3403 3404 3405 3406 3407 0
3362:3356 3466 0
3363:3356 3361 3409 3482 3485 0
3364:3365 3366 0
3365:3353 3364 3367 3368 3369 3370 0
3366:3364 3751 3753 0
3367:7 8 3365 3370 3472 3473 3474 3475 3476 0
3368:3365 0
3369:3365 0
3370:3365 3367 0
3371:3372 0
3372:3371 3373 3676 0
3373:3372 3374 3375 0
3374:3373 3461 0
3375:3373 3761 3816 0
3376:3377 3378 3379 0
3377:3376 0
3378:3376 3484 3795 0
3379:3376 3490 0
3380:0
3381:0
3382:0
3383:3384 0
3384:3383 3431 3641 3667 3692 0
3385:3386 3387 3388 3389 3390 3391 3392 0
3386:3385 3474 3507 3508 0
3387:3385 3648 0
3388:3385 0
3389:3385 0
3390:3385 3436 0
3391:3385 3475 3647 0
3392:3385 3432 0
3393:3394 3395 3396 3397 3398 0
3394:3393 0
3395:3393 3477 3602 0
3396:3393 3785 0
3397:3393 3478 3754 0
3398:3352 3393 3814 0
3399:3361 3400 3401 3402 0
3400:3399 3691 0
3401:3399 3688 3690 0
3402:3399 3484 3805 0
3403:3361 3549 0
3404:3361 0
3405:3361 0
3406:3361 0
3407:3361 3409 3639 3664 0
3408:3409 3410 0
3409:3347 3363 3407 3408 3411 3412 3413 3414 3415 3416 0
3410:3408 3577 0
3411:3409 3415 3452 3453 3454 0
3412:3409 3413 3426 3488 3489 0
3413:3409 3412 3470 3523 3524 3528 3529 3530 3531 0
3414:3409 3473 3553 3555 0
3415:3409 3411 0
3416:3409 3460 3724 0
3417:3353 3418 0
3418:3417 3785 0
3419:3353 3460 0
3420:3421 3422 3423 3424 0
3421:3420 3505 3541 3542 3543 3544 3545 3546 3547 3548 0
3422:3420 3581 0
3423:11 3420 3610 0
3424:3420 3506 3608 3609 0
3425:3426 3427 3428 3429 3430 3431 0
3426:3412 3425 3432 3433 3434 3435 3436 0
3427:3425 0
3428:3425 3702 0
3429:3425 3701 3745 0
3430:3425 3739 0
3431:3384 3425 0
3432:3392 3426 3472 3532 3533 3534 3535 0
3433:3426 0
3434:3426 0
3435:3426 3529 0
3436:3390 3426 0
3437:3438 3439 0
3438:3437 3697 0
3439:3437 4848 4867 0
3440:3441 3442 3443 3444 3445 0
3441:3440 3612 3636 0
3442:3440 3638 3682 3713 3714 3716 3720 0
3443:3440 3504 0
3444:3440 3504 0
3445:3440 3628 0
3446:3447 3448 3449 3450 3451 0
3447:3446 3512 3532 3558 3559 0
3448:3446 3595 3750 0
3449:3446 0
3450:3446 0
3451:3446 3513 3792 0
3452:3411 3467 3470 3471 0
3453:3411 3528 0
3454:3411 3530 0
3455:3456 3457 3458 3459 0
3456:3455 3460 3461 0
3457:3455 3683 3685 0
3458:3455 3808 0
3459:3455 3481 3685 0
3460:3416 3419 3456 3477 3480 3481 0
3461:3374 3456 3510 3511 0
3462:3463 3464 0
3463:3462 3485 3499 3500 3503 0
3464:3462 3539 3540 3662 3733 0
3465:3357 3661 3776 0
3466:3362 3773 3774 3778 3779 0
3467:3452 3468 3469 0
3468:3467 3817 0
3469:3467 3593 3673 0
3470:3413 3452 0
3471:3452 3721 0
3472:3367 3432 3548 0
3473:3367 3414 0
3474:3367 3386 0
3475:3346 3367 3391 3721 0
3476:3367 3534 0
3477:3395 3460 3478 3479 0
3478:3397 3477 0
3479:3477 3659 3815 0
3480:3460 0
3481:3459 3460 4826 0
3482:3363 3483 3484 0
3483:3359 3482 0
3484:3378 3402 3482 3549 3551 3796 3798 0
3485:3363 3463 3502 3520 4520 0
3486:3350 3753 0
3487:3350 4617 0
3488:3412 0
3489:3412 4516 4518 4692 4711 0
3490:3379 3491 3492 3493 3494 0
3491:3490 3514 3521 0
3492:3490 3658 3659 0
3493:3490 3786 0
3494:3490 4835 0
3495:3496 0
3496:3495 3797 0
3497:3498 0
3498:3497 3804 0
3499:3463 0
3500:3463 3501 3502 0
3501:3500 3662 0
3502:3485 3500 3570 0
3503:3463 3639 0
3504:11 3443 3444 3505 3506 3507 3508 3509 0
3505:3421 3504 0
3506:3424 3504 0
3507:3386 3504 0
3508:3386 3504 0
3509:3504 3643 0
3510:3461 3620 3621 0
3511:3461 4828 4852 4882 0
3512:3447 3513 0
3513:3451 3512 3607 0
3514:3491 3515 3516 3517 3518 3519 0
3515:3514 3520 0
3516:3514 3615 0
3517:3514 3617 3624 3806 0
3518:3514 3801 0
3519:3514 3813 0
3520:3485 3515 4850 0
3521:3491 3623 3766 0
3522:3523 3524 3525 3526 3527 0
3523:3413 3522 0
3524:3413 3522 0
3525:3522 0
3526:3522 3735 0
3527:3522 3735 0
3528:3413 3453 0
3529:3413 3435 0
3530:3413 3454 0
3531:3413 3746 0
3532:3432 3447 3560 0
3533:3432 3561 0
3534:3432 3476 3764 0
3535:3432 4543 4589 0
3536:3537 3538 3539 3540 0
3537:3536 3651 3652 0
3538:3536 3655 3664 3703 3704 0
3539:3464 3536 3732 0
3540:3464 3536 0
3541:3421 0
3542:3421 3584 3660 0
3543:3421 3665 0
3544:3421 3668 0
3545:3421 3741 3775 0
3546:3421 0
3547:3421 0
3548:3421 3472 0
3549:3403 3484 3550 3551 3552 0
3550:3549 3669 3781 0
3551:3484 3549 3796 3811 0
3552:3549 3811 0
3553:3414 3554 3555 3556 3557 0
3554:3553 0
3555:3414 3553 0
3556:3553 3780 3783 3807 0
3557:3553 3708 3784 0
3558:3447 0
3559:3447 3560 4670 4675 0
3560:3532 3559 3561 0
3561:3533 3560 3804 4505 4512 4513 0
3562:3563 3564 0
3563:3562 0
3564:3562 4538 4580 0
3565:3566 3567 0
3566:3565 3769 0
3567:3565 4596 4686 4687 4688 0
3568:3569 0
3569:3568 3570 3571 0
3570:3502 3569 0
3571:3569 3572 0
3572:3571 3657 0
3573:3574 3575 3576 3577 0
3574:3573 0
3575:3573 3663 3664 0
3576:3573 3656 0
3577:3410 3573 3725 0
3578:3579 0
3579:3578 3601 3760 4833 4839 4867 4878 4879 4880 0
3580:3581 0
3581:3422 3580 3582 3583 3644 3645 3660 0
3582:3581 0
3583:3581 0
3584:3542 0
3585:3586 0
3586:3585 3699 3700 0
3587:3588 3589 3590 0
3588:3587 0
3589:3587 0
3590:3587 4486 4516 0
3591:3592 0
3592:3591 3598 4853 4854 4855 0
3593:3469 0
3594:3595 0
3595:3448 3594 3770 0
3596:3597 0
3597:3596 3681 0
3598:3592 0
3599:3600 0
3600:3599 3674 3675 3676 0
3601:3579 0
3602:3395 0
3603:3604 0
3604:3603 3814 0
3605:3606 0
3606:3605 3660 0
3607:3513 0
3608:3424 0
3609:3424 0
3610:3423 0
3611:3612 3613 0
3612:3441 3611 3613 0
3613:6 3611 3612 3700 3708 0
3614:3615 3616 3617 0
3615:3516 3614 3618 3619 0
3616:3614 0
3617:3517 3614 3767 0
3618:3615 3766 0
3619:3615 3626 0
3620:3510 3621 0
3621:3510 3620 0
3622:3623 3624 0
3623:3521 3622 3686 3687 0
3624:3517 3622 0
3625:3626 0
3626:3619 3625 0
3627:3628 0
3628:3345 3445 3627 3629 3632 3633 0
3629:3628 0
3630:3345 0
3631:3345 0
3632:3628 3738 0
3633:3628 3817 0
3634:3345 3736 3737 0
3635:3345 0
3636:3345 3441 0
3637:3638 0
3638:3442 3637 0
3639:3407 3503 0
3640:3641 3642 0
3641:3384 3640 0
3642:3640 3735 0
3643:3509 0
3644:3581 3645 3646 0
3645:3581 3644 0
3646:3644 0
3647:3391 0
3648:3387 3746 0
3649:6 3650 0
3650:3649 0
3651:3537 0
3652:3537 3653 3654 3655 0
3653:3652 0
3654:3652 3734 0
3655:3538 3652 0
3656:3576 3657 0
3657:3572 3656 0
3658:3492 0
3659:3479 3492 0
3660:3542 3581 3606 0
3661:3358 3465 0
3662:3464 3501 0
3663:3575 3664 0
3664:3407 3538 3575 3663 0
3665:3543 3694 0
3666:3667 3668 0
3667:3384 3666 0
3668:3544 3666 0
3669:3550 0
3670:3671 3672 0
3671:3670 0
3672:3670 0
3673:3469 0
3674:3600 0
3675:3600 0
3676:3372 3600 3706 3818 0
3677:3678 3679 0
3678:3677 3706 3762 3763 0
3679:3677 3698 0
3680:3681 0
3681:3597 3680 0
3682:3442 0
3683:3457 3684 0
3684:3683 0
3685:3457 3459 0
3686:3623 0
3687:3623 0
3688:3401 0
3689:3690 0
3690:3401 3689 3691 0
3691:3400 3690 0
3692:3384 3722 0
3693:0
3694:3665 0
3695:3782 0
3696:3782 0
3697:3438 3761 0
3698:3679 0
3699:3586 0
3700:3586 3613 0
3701:3429 0
3702:3428 3740 0
3703:3538 3705 0
3704:3538 3733 0
3705:3703 3809 3810 0
3706:3676 3678 0
3707:3708 0
3708:3557 3613 3707 0
3709:3710 0
3710:3709 3766 0
3711:3712 3713 3714 0
3712:3711 0
3713:3442 3711 3715 0
3714:3442 3711 3718 0
3715:3713 3716 3717 0
3716:3442 3715 3718 0
3717:3715 0
3718:3714 3716 3719 0
3719:3718 0
3720:9 3442 3742 0
3721:3471 3475 0
3722:3692 3735 0
3723:3724 3725 0
3724:3416 3723 0
3725:3577 3723 0
3726:3359 0
3727:3728 0
3728:3727 3733 0
3729:3730 0
3730:3729 3732 0
3731:3732 0
3732:3539 3730 3731 3733 3734 0
3733:3464 3704 3728 3732 0
3734:3654 3732 0
3735:3526 3527 3642 3722 0
3736:3634 0
3737:3634 3780 0
3738:3632 0
3739:3430 0
3740:3702 3741 0
3741:3545 3740 0
3742:3720 0
3743:3744 3745 0
3744:3743 0
3745:3429 3743 0
3746:3531 3648 0
3747:3748 0
3748:3747 3765 3816 0
3749:3750 0
3750:3448 3749 0
3751:3366 3752 0
3752:3751 0
3753:3366 3486 0
3754:3397 0
3755:3756 3757 3758 0
3756:3755 3790 0
3757:3755 0
3758:3755 3808 0
3759:3760 0
3760:3579 3759 4865 0
3761:3375 3697 0
3762:3678 0
3763:3678 3794 0
3764:3534 0
3765:3748 0
3766:3521 3618 3710 0
3767:3617 3768 0
3768:3767 3788 3791 0
3769:3566 0
3770:3595 0
3771:3772 0
3772:3771 3786 3787 0
3773:3360 3466 0
3774:3360 3466 0
3775:3545 0
3776:3465 3777 0
3777:3776 0
3778:3466 0
3779:3466 0
3780:3556 3737 0
3781:3550 0
3782:3695 3696 0
3783:3556 0
3784:3557 0
3785:3396 3418 0
3786:3493 3772 0
3787:3772 0
3788:3768 3789 0
3789:3788 0
3790:3756 3793 0
3791:3768 0
3792:3451 0
3793:3790 3794 0
3794:3763 3793 3803 0
3795:3378 0
3796:3484 3551 0
3797:3496 3798 0
3798:3484 3797 0
3799:9 0
3800:3801 0
3801:3518 3800 0
3802:3803 0
3803:3794 3802 4825 4866 4882 0
3804:3498 3561 4513 4686 0
3805:3402 0
3806:3517 0
3807:3556 0
3808:3458 3758 0
3809:3705 0
3810:3705 0
3811:3551 3552 0
3812:3813 0
3813:3519 3812 0
3814:3398 3604 0
3815:3479 0
3816:3375 3748 0
3817:3468 3633 0
3818:3676 0
3819:3820 3821 0
3820:3819 3833 3860 0
3821:3819 3823 0
3822:3823 3824 3825 0
3823:3821 3822 3826 3846 3847 3848 3849 0
3824:3822 3857 0
3825:3822 3826 3902 3903 0
3826:3823 3825 0
3827:3828 3829 3830 0
3828:3827 3867 0
3829:3827 3904 3919 0
3830:3827 3904 0
3831:3832 3833 3834 0
3832:3831 3835 0
3833:3820 3831 0
3834:3831 3868 3869 0
3835:3832 3845 3864 3868 3884 0
3836:3837 0
3837:3836 3838 3839 3840 0
3838:3837 3841 3870 3875 3900 3901 0
3839:3837 3840 3873 0
3840:3837 3839 0
3841:3838 3842 3843 0
3842:3841 0
3843:3841 4005 0
3844:3845 0
3845:3835 3844 3846 0
3846:3823 3845 3849 0
3847:3823 0
3848:3823 0
3849:3823 3846 0
3850:3851 3852 3853 3854 3855 0
3851:3850 0
3852:3850 3856 3857 3858 0
3853:3850 3892 0
3854:3850 0
3855:3850 3884 3893 3918 4194 4195 4229 4322 4323 0
3856:805 3852 3917 0
3857:3824 3852 3859 3923 3925 3936 3971 3972 3973 3974 0
3858:3852 3918 4001 0
3859:3857 3860 0
3860:3820 3859 4013 0
3861:202 3886 0
3862:3863 3864 3865 3866 0
3863:3862 0
3864:3835 3862 3884 3887 3888 3889 3890 3891 0
3865:3862 3954 3955 0
3866:3862 3979 3980 0
3867:3828 3902 3904 0
3868:3834 3835 3871 3872 3899 3905 3913 0
3869:3834 3878 3921 3922 3956 3967 3970 0
3870:3838 3871 3872 3873 3874 3875 0
3871:3868 3870 0
3872:3868 3870 0
3873:3839 3870 3874 3895 3930 0
3874:3870 3873 0
3875:3838 3870 3953 0
3876:805 3877 3878 3879 3880 3881 0
3877:3876 3944 0
3878:3869 3876 3969 0
3879:3876 3952 3967 0
3880:3876 3911 3996 0
3881:3876 3950 3996 0
3882:805 3883 0
3883:3882 3899 0
3884:805 3835 3855 3864 3885 3892 3893 0
3885:805 3884 3914 3915 3916 0
3886:805 3861 3995 0
3887:3864 3917 3970 0
3888:3864 0
3889:3864 3954 0
3890:3864 3980 0
3891:3864 3967 0
3892:3853 3884 3894 0
3893:3855 3884 3903 0
3894:3892 3895 3896 3897 3898 0
3895:3873 3894 0
3896:3894 0
3897:3894 3990 0
3898:3894 3949 0
3899:3868 3883 0
3900:3838 0
3901:3838 3950 3951 0
3902:3825 3867 0
3903:3825 3893 3929 3992 3993 4000 4006 4007 0
3904:3829 3830 3867 3918 3919 3920 0
3905:3868 3906 3907 3908 3909 3910 3911 3912 0
3906:3905 0
3907:3905 3987 0
3908:3905 3909 0
3909:3905 3908 3911 0
3910:3905 3946 3987 0
3911:3880 3905 3909 3951 4004 0
3912:3905 0
3913:3868 0
3914:3885 0
3915:3885 0
3916:3885 0
3917:3856 3887 3938 3956 3997 4010 0
3918:3855 3858 3904 0
3919:3829 3904 0
3920:3904 3957 0
3921:3869 3922 0
3922:3869 3921 3932 0
3923:3857 3924 0
3924:3923 3925 3926 0
3925:3857 3924 3937 0
3926:3924 3973 4002 0
3927:3928 3929 0
3928:3927 4000 4001 0
3929:3903 3927 0
3930:3873 0
3931:3932 3933 0
3932:3922 3931 3934 0
3933:3931 3941 0
3934:3932 3939 3943 0
3935:3936 3937 3938 0
3936:3857 3935 0
3937:3925 3935 3972 0
3938:3917 3935 4009 0
3939:3934 3940 0
3940:3939 3956 4002 0
3941:3933 3942 3943 0
3942:3941 0
3943:3934 3941 0
3944:3877 3945 3946 0
3945:3944 0
3946:3910 3944 4008 0
3947:3948 0
3948:3947 4002 0
3949:3898 0
3950:3881 3901 3952 3953 0
3951:3901 3911 4003 0
3952:3879 3950 0
3953:3875 3950 0
3954:3865 3889 0
3955:3865 3983 3989 3990 3998 0
3956:3869 3917 3940 0
3957:3920 3958 3959 0
3958:3957 0
3959:3957 3985 0
3960:3961 3962 3963 0
3961:3960 3964 0
3962:3960 0
3963:3960 4011 0
3964:3961 3965 0
3965:3964 3966 0
3966:3965 0
3967:3869 3879 3891 3968 3969 0
3968:3967 0
3969:3878 3967 0
3970:3869 3887 0
3971:3857 3975 0
3972:3857 3937 0
3973:3857 3926 0
3974:3857 3993 0
3975:3971 4009 4012 0
3976:3977 3978 0
3977:3976 3994 3997 0
3978:3976 3998 3999 0
3979:3866 0
3980:3866 3890 3988 0
3981:3982 3983 0
3982:3981 0
3983:3955 3981 0
3984:3985 0
3985:3959 3984 3986 0
3986:3985 3991 0
3987:3907 3910 4008 0
3988:3980 0
3989:3955 3990 0
3990:3897 3955 3989 0
3991:3986 4007 0
3992:3903 3993 0
3993:3903 3974 3992 0
3994:3977 0
3995:3886 0
3996:3880 3881 0
3997:3917 3977 0
3998:3955 3978 0
3999:3978 0
4000:3903 3928 0
4001:3858 3928 0
4002:3926 3940 3948 0
4003:3951 4004 0
4004:3911 4003 4005 0
4005:3843 4004 0
4006:3903 4007 0
4007:3903 3991 4006 0
4008:3946 3987 0
4009:3938 3975 4010 0
4010:3917 4009 0
4011:3963 0
4012:3975 0
4013:3860 0
4014:4015 0
4015:4014 4033 4074 0
4016:4017 4018 4019 0
4017:4016 4040 4041 0
4018:4016 4043 0
4019:4016 4072 4104 0
4020:4021 4022 0
4021:4020 4023 0
4022:4020 4100 0
4023:4021 4024 4077 0
4024:4023 4025 0
4025:4024 4043 0
4026:4027 0
4027:4026 4063 4106 0
4028:4029 4030 0
4029:4028 4030 4082 0
4030:4028 4029 4070 4080 4101 0
4031:4032 4033 4034 4035 0
4032:4031 4035 4062 4063 4064 0
4033:4015 4031 4098 0
4034:4031 4135 0
4035:4031 4032 0
4036:4037 4038 4039 0
4037:4036 4065 4066 4067 0
4038:4036 4132 0
4039:4036 4105 0
4040:4017 4042 4043 4044 4045 4046 0
4041:4017 4049 0
4042:4040 4060 4061 0
4043:4018 4025 4040 4048 4078 4079 4080 4081 0
4044:4040 0
4045:4040 4048 0
4046:4040 4070 4102 0
4047:4048 4049 4050 0
4048:4043 4045 4047 4051 4052 0
4049:4041 4047 0
4050:4047 4099 0
4051:4048 4099 0
4052:4048 4113 0
4053:3081 4054 4055 0
4054:4053 4056 4058 4059 0
4055:3080 4053 4092 4096 4122 0
4056:4054 4057 0
4057:4056 4110 4126 0
4058:4054 4103 0
4059:4054 4061 4112 4120 0
4060:4042 0
4061:4042 4059 4080 0
4062:503 4032 4074 4085 0
4063:4027 4032 4102 4123 4124 4125 0
4064:4032 4134 0
4065:4037 0
4066:4037 0
4067:4037 4068 4070 4071 0
4068:4067 4069 0
4069:4068 4072 4073 0
4070:4030 4046 4067 4104 4114 4119 4120 0
4071:4067 4138 0
4072:4019 4069 4093 4094 0
4073:4069 4104 0
4074:4015 4062 0
4075:4076 0
4076:4075 4085 4142 0
4077:4023 4097 0
4078:4043 0
4079:4043 0
4080:4030 4043 4061 4117 0
4081:4043 0
4082:4029 4083 0
4083:4082 4103 4109 4114 4120 0
4084:604 4097 0
4085:4062 4076 0
4086:4087 4088 0
4087:4086 4105 0
4088:4086 4106 0
4089:4090 4091 0
4090:4089 4092 0
4091:4089 4115 0
4092:4055 4090 0
4093:4072 0
4094:4072 0
4095:4096 0
4096:4055 4095 4115 4118 0
4097:4077 4084 0
4098:4033 4125 4134 0
4099:4050 4051 0
4100:4022 4127 0
4101:4030 4102 0
4102:4046 4063 4101 4121 0
4103:4058 4083 4112 4120 4121 0
4104:4019 4070 4073 0
4105:4039 4087 4106 0
4106:4027 4088 4105 0
4107:4108 4109 4110 4111 0
4108:4107 4109 0
4109:4083 4107 4108 0
4110:4057 4107 0
4111:4107 4120 0
4112:4059 4103 0
4113:4052 0
4114:4070 4083 0
4115:4091 4096 4116 0
4116:4115 4122 0
4117:4080 0
4118:3260 4096 0
4119:4070 0
4120:4059 4070 4083 4103 4111 0
4121:4102 4103 0
4122:4055 4116 0
4123:4063 0
4124:4063 0
4125:4063 4098 0
4126:4057 0
4127:4100 4128 0
4128:4127 4129 0
4129:4128 4130 4131 0
4130:4129 4137 0
4131:4129 4137 0
4132:4038 0
4133:4134 4135 0
4134:4064 4098 4133 4136 0
4135:4034 4133 0
4136:4134 0
4137:4130 4131 4174 4176 0
4138:4071 4139 4140 4141 0
4139:4138 0
4140:4138 0
4141:4138 0
4142:4076 0
4143:4144 0
4144:4143 4146 4148 4149 4150 0
4145:4146 0
4146:2841 4144 4145 4147 4148 0
4147:4146 0
4148:4144 4146 4160 4161 4162 0
4149:4144 0
4150:2944 4144 4207 4247 4269 4283 0
4151:2944 4152 4153 4154 0
4152:4151 4159 4167 4290 4291 0
4153:2797 2944 4151 4158 4274 4332 4343 0
4154:4151 0
4155:4156 4157 0
4156:4155 4158 4159 0
4157:4155 4366 4367 0
4158:644 4153 4156 4159 4217 4242 4300 4312 0
4159:4152 4156 4158 4313 0
4160:4148 4188 4227 4228 4229 0
4161:4148 4162 4194 4282 0
4162:4148 4161 4194 0
4163:4164 0
4164:4163 4165 4166 4167 0
4165:4164 0
4166:4164 4291 0
4167:4152 4164 0
4168:4169 4170 0
4169:4168 4196 4197 4198 0
4170:4168 4225 0
4171:4172 4173 0
4172:4171 4196 4199 4226 4266 0
4173:4171 4357 4358 4359 4360 0
4174:4137 0
4175:4176 0
4176:4137 4175 4184 4202 4203 4204 0
4177:4178 4179 4180 4181 4182 0
4178:4177 4180 0
4179:4177 0
4180:4177 4178 4211 0
4181:4177 0
4182:4177 4352 4353 0
4183:4184 4185 4186 4187 0
4184:4176 4183 4196 4259 4260 0
4185:4183 0
4186:4183 0
4187:4183 0
4188:2841 4160 4207 4208 4209 0
4189:4190 4191 4192 4193 0
4190:2842 4189 4194 4195 0
4191:4189 0
4192:4189 0
4193:4189 0
4194:3855 4161 4162 4190 4287 0
4195:3855 4190 0
4196:4169 4172 4184 4253 4263 4264 4265 0
4197:4169 4264 4370 0
4198:4169 0
4199:4172 4200 4201 0
4200:4199 0
4201:4199 0
4202:4176 4205 0
4203:4176 4206 0
4204:4176 4258 0
4205:4202 4310 0
4206:4203 0
4207:4150 4188 4223 4245 4248 4252 0
4208:4188 4223 4243 4270 4274 0
4209:4188 4351 0
4210:540 4211 4233 0
4211:540 2842 4180 4210 4233 4344 0
4212:540 0
4213:216 4287 0
4214:529 2544 4215 4216 0
4215:527 4214 4262 0
4216:4214 0
4217:644 2944 4158 0
4218:4219 4220 4221 0
4219:4218 4222 4223 4224 0
4220:4218 0
4221:4218 0
4222:4219 4230 4231 0
4223:4207 4208 4219 4224 4267 4269 0
4224:4219 4223 0
4225:198 4170 4226 0
4226:646 4172 4225 4285 0
4227:4160 4255 4256 4257 0
4228:4160 4229 0
4229:3855 4160 4228 4324 0
4230:4222 0
4231:4222 0
4232:4233 0
4233:2842 4210 4211 4232 4234 4235 4237 0
4234:4233 0
4235:4233 4236 0
4236:4235 0
4237:2842 4233 4311 0
4238:2543 0
4239:2543 0
4240:4241 0
4241:4240 4242 0
4242:4158 4241 4292 4300 4318 0
4243:4208 4244 0
4244:644 4243 0
4245:4207 4246 4247 0
4246:4245 0
4247:4150 4245 4279 4280 4281 0
4248:4207 4249 4250 4251 0
4249:4248 4275 4276 4277 4278 0
4250:4248 0
4251:4248 0
4252:4207 4345 4346 4347 4348 4349 4350 0
4253:4196 4254 0
4254:4253 4296 4297 0
4255:4227 0
4256:4227 0
4257:4227 0
4258:616 4204 0
4259:4184 4260 4295 0
4260:4184 4259 4330 4331 0
4261:2544 0
4262:4215 0
4263:4196 4333 4334 4335 4336 4337 0
4264:4196 4197 0
4265:4196 4285 0
4266:4172 4288 4289 0
4267:4223 4268 0
4268:4267 0
4269:2944 4150 4223 4314 4315 4316 4317 0
4270:4208 4271 4272 4273 0
4271:4270 0
4272:4270 0
4273:4270 0
4274:2944 4153 4208 0
4275:4249 0
4276:4249 0
4277:4249 0
4278:4249 0
4279:4247 0
4280:4247 0
4281:4247 0
4282:4161 0
4283:4150 4284 0
4284:4283 0
4285:4226 4265 0
4286:646 2842 4287 0
4287:646 4194 4213 4286 0
4288:4266 0
4289:4266 0
4290:4152 4303 4304 4305 4306 4307 0
4291:4152 4166 4342 0
4292:4242 4293 4294 0
4293:4292 0
4294:4292 0
4295:4259 0
4296:4254 0
4297:4254 0
4298:957 0
4299:957 0
4300:4158 4242 4301 4302 0
4301:4300 4308 4309 0
4302:4300 0
4303:4290 4338 4339 4340 4341 0
4304:4290 0
4305:4290 0
4306:4290 0
4307:4290 0
4308:4301 0
4309:4301 0
4310:4205 0
4311:4237 0
4312:4158 4325 4326 4327 4328 4329 0
4313:4159 4361 4362 0
4314:4269 0
4315:4269 0
4316:4269 0
4317:4269 0
4318:4242 4319 4320 4321 0
4319:4318 0
4320:4318 0
4321:4318 0
4322:3855 0
4323:3855 0
4324:4229 0
4325:4312 0
4326:4312 0
4327:4312 0
4328:4312 0
4329:4312 0
4330:4260 0
4331:4260 0
4332:4153 0
4333:4263 0
4334:4263 0
4335:4263 0
4336:4263 0
4337:4263 0
4338:4303 0
4339:4303 0
4340:4303 0
4341:4303 0
4342:4291 4355 4356 0
4343:4153 4368 4369 0
4344:4211 0
4345:4252 0
4346:4252 0
4347:4252 0
4348:4252 0
4349:4252 0
4350:4252 0
4351:4209 0
4352:4182 0
4353:4182 0
4354:2945 0
4355:4342 0
4356:4342 0
4357:4173 0
4358:4173 0
4359:4173 0
4360:4173 4363 4364 4365 0
4361:4313 0
4362:4313 0
4363:4360 0
4364:4360 0
4365:4360 0
4366:4157 0
4367:4157 0
4368:4343 0
4369:4343 0
4370:4197 0
4371:4372 4373 4374 4375 4376 0
4372:4371 4373 4386 4404 4408 4409 4410 4411 0
4373:4371 4372 4409 0
4374:4371 0
4375:4371 4376 4383 4406 4407 4441 4442 4444 0
4376:4371 4375 4410 4431 0
4377:4378 4379 0
4378:4377 4380 4384 0
4379:4377 4381 4384 4386 4397 4419 4420 4421 0
4380:4378 4381 0
4381:4379 4380 4397 4428 0
4382:4383 0
4383:4375 4382 4393 4394 4414 4415 0
4384:4378 4379 4397 0
4385:4388 4391 4393 4400 0
4386:4372 4379 4388 4401 0
4387:4392 4395 4397 4405 0
4388:4385 4386 4391 4393 0
4389:4394 4414 0
4390:4395 4396 4399 4429 4437 4449 4450 0
4391:4385 4388 4393 0
4392:4387 0
4393:4383 4385 4388 4391 4402 4403 4423 0
4394:4383 4389 4414 4415 0
4395:4387 4390 4396 4397 4398 4399 0
4396:4390 4395 4432 0
4397:4379 4381 4384 4387 4395 4420 4433 0
4398:4395 4399 4425 4426 4434 4435 4436 4437 4438 4439 0
4399:4390 4395 4398 4432 4435 0
4400:4385 0
4401:4386 4412 4416 4418 4421 4437 4440 0
4402:4393 4403 0
4403:344 4393 4402 0
4404:4372 0
4405:4387 0
4406:401 4375 4407 4441 4442 4444 0
4407:401 4375 4406 4444 0
4408:4372 4409 4413 4437 0
4409:4372 4373 4408 4410 4411 4444 0
4410:4372 4376 4409 4431 4444 4453 0
4411:4372 4409 0
4412:4401 4413 0
4413:4408 4412 4448 0
4414:4383 4389 4394 4415 0
4415:4383 4394 4414 0
4416:4401 0
4417:4419 0
4418:4401 0
4419:4379 4417 0
4420:4379 4397 4422 0
4421:4379 4401 0
4422:4420 0
4423:4393 0
4424:4425 0
4425:4398 4424 4426 0
4426:4398 4425 4434 4436 4438 0
4427:317 4441 4442 0
4428:4381 4429 4430 0
4429:4390 4428 4452 0
4430:4428 0
4431:4376 4410 0
4432:4396 4399 0
4433:4397 0
4434:4398 4426 4435 0
4435:4398 4399 4434 4436 4437 0
4436:4398 4426 4435 4437 4438 4445 0
4437:4390 4398 4401 4408 4435 4436 0
4438:4398 4426 4436 4447 0
4439:4398 0
4440:4401 0
4441:4375 4406 4427 0
4442:4375 4406 4427 0
4443:4444 0
4444:4375 4406 4407 4409 4410 4443 0
4445:4436 4448 0
4446:344 0
4447:4438 0
4448:4413 4445 0
4449:4390 0
4450:4390 0
4451:0
4452:4429 0
4453:4410 0
4454:4455 0
4455:377 4454 4456 4457 0
4456:377 4455 4457 4467 0
4457:4455 4456 4464 4468 0
4458:4459 4460 0
4459:4458 0
4460:377 4458 0
4461:420 0
4462:4463 4464 0
4463:4462 0
4464:4457 4462 0
4465:394 0
4466:377 0
4467:1342 4456 4468 4469 0
4468:1342 4457 4467 4470 0
4469:4467 0
4470:4468 0
4471:110 0
4472:916 0
4473:916 0
4474:4475 0
4475:4474 4476 0
4476:4475 0
4477:4478 0
4478:4477 4479 0
4479:4478 0
4480:0
4481:0
4482:0
4483:0
4484:55 0
4485:4486 4487 0
4486:3590 4485 4488 4517 4526 4527 4528 0
4487:4485 4555 4662 0
4488:4486 4489 0
4489:4488 4583 0
4490:2346 4491 4492 4493 4494 0
4491:4490 4619 4620 0
4492:4490 4625 4676 4677 4693 4708 0
4493:4490 4549 4723 0
4494:4490 0
4495:4496 4497 4498 0
4496:4495 4729 0
4497:4495 4622 4727 0
4498:4495 0
4499:4500 4501 0
4500:4499 4511 0
4501:4499 4519 4701 0
4502:4503 0
4503:4502 4564 0
4504:4505 4506 4507 4508 4509 0
4505:2371 3561 4504 4510 0
4506:4504 4577 4578 4579 0
4507:4504 4709 4710 0
4508:4504 4568 0
4509:4504 4649 0
4510:3354 4505 4637 4844 4868 4869 4870 0
4511:4500 0
4512:3561 4514 4515 0
4513:3561 3804 4547 4597 0
4514:2370 4512 4690 4691 4692 0
4515:2440 4512 4827 4828 0
4516:3489 3590 0
4517:4486 4518 0
4518:3489 4517 0
4519:4501 4520 4521 0
4520:3485 4519 4522 0
4521:4519 0
4522:4520 4541 0
4523:4524 4525 0
4524:4523 4533 4647 0
4525:2474 4523 0
4526:4486 4557 0
4527:4486 4623 0
4528:4486 4614 0
4529:4530 4531 4532 0
4530:4529 4533 4534 0
4531:4529 4559 0
4532:4529 4657 0
4533:4524 4530 4699 4700 0
4534:4530 4560 4753 0
4535:4536 4537 0
4536:4535 4557 0
4537:4535 4671 4673 4674 0
4538:3564 4539 0
4539:4538 4579 0
4540:4541 4542 0
4541:4522 4540 4562 4565 4566 0
4542:4540 4654 4666 0
4543:2489 3535 4547 0
4544:2489 0
4545:2489 4658 0
4546:2489 4591 0
4547:4513 4543 0
4548:2474 4549 4550 4551 0
4549:4493 4548 0
4550:4548 4718 4719 0
4551:4548 0
4552:4553 4554 0
4553:4552 4627 0
4554:4552 4581 0
4555:4487 4556 0
4556:4555 4589 4615 0
4557:4526 4536 4807 0
4558:4559 4560 4561 0
4559:4531 4558 4560 0
4560:4534 4558 4559 0
4561:4558 4818 0
4562:4541 4563 0
4563:4562 4564 0
4564:4503 4563 4733 0
4565:4541 0
4566:4541 0
4567:4568 0
4568:4508 4567 4569 0
4569:4568 4668 4672 0
4570:4571 4572 0
4571:4570 4595 4606 4611 0
4572:4570 4592 4659 0
4573:4574 4575 0
4574:2474 4573 4576 0
4575:4573 4657 0
4576:4574 4652 0
4577:4506 4624 4649 4650 0
4578:4506 4693 0
4579:4506 4539 0
4580:3564 4722 4737 0
4581:4554 4582 0
4582:4581 4668 4713 4717 0
4583:4489 4584 4585 4586 0
4584:4583 4598 4599 4600 0
4585:4583 4711 4712 0
4586:4583 0
4587:4588 4589 4590 0
4588:4587 0
4589:3535 4556 4587 0
4590:4587 4616 0
4591:4546 4592 0
4592:4572 4591 4698 0
4593:4594 4595 4596 0
4594:4593 4597 0
4595:4571 4593 4663 4664 0
4596:3567 4593 0
4597:4513 4594 4694 0
4598:4584 4729 4746 0
4599:4584 0
4600:4584 4739 0
4601:4602 4603 0
4602:4601 4604 4605 4606 4607 4608 4609 4610 0
4603:4601 4638 0
4604:4602 0
4605:4602 4665 4705 0
4606:4571 4602 4721 0
4607:4602 4750 4752 0
4608:4602 0
4609:4602 0
4610:4602 0
4611:4571 4806 0
4612:4613 4614 0
4613:4612 4622 0
4614:4528 4612 4717 4726 0
4615:4556 4616 0
4616:4590 4615 4651 4665 0
4617:3487 4618 0
4618:4617 4635 4683 4715 4745 0
4619:4491 0
4620:4491 0
4621:4622 0
4622:4497 4613 4621 0
4623:4527 4701 0
4624:4577 4625 4626 0
4625:4492 4624 4706 0
4626:4624 0
4627:4553 4628 4629 0
4628:2371 4627 4629 4631 4684 4704 0
4629:4627 4628 4741 0
4630:2365 4631 4632 4633 4634 0
4631:4628 4630 4648 0
4632:4630 0
4633:4630 4740 0
4634:4630 4695 4704 0
4635:3354 4618 4636 4637 0
4636:4635 4682 4683 0
4637:4510 4635 4822 4824 0
4638:4603 4639 4640 4641 4642 0
4639:4638 4742 4745 0
4640:4638 0
4641:4638 0
4642:4638 0
4643:4644 4645 4646 0
4644:4643 4682 0
4645:4643 0
4646:4643 0
4647:4524 0
4648:4631 4820 0
4649:4509 4577 4650 0
4650:4577 4649 0
4651:4616 0
4652:4576 4669 4736 0
4653:4654 4655 0
4654:4542 4653 4656 0
4655:4653 0
4656:4654 0
4657:4532 4575 0
4658:4545 4659 0
4659:4572 4658 0
4660:2481 2483 4724 0
4661:2481 4760 4774 0
4662:4487 4674 0
4663:4595 0
4664:4595 0
4665:4605 4616 0
4666:4542 4667 0
4667:4666 4729 4739 0
4668:4569 4582 0
4669:4652 0
4670:3559 4671 0
4671:4537 4670 4696 0
4672:4569 0
4673:4537 0
4674:4537 4662 0
4675:2490 3559 0
4676:4492 4677 4678 4679 4680 0
4677:4492 4676 4681 0
4678:4676 0
4679:4676 0
4680:4676 0
4681:4677 4708 4730 0
4682:4636 4644 0
4683:4618 4636 4738 0
4684:4628 4685 0
4685:4684 4710 4728 0
4686:3567 3804 0
4687:3567 4694 4722 0
4688:3567 4804 4805 0
4689:2370 0
4690:4514 0
4691:4514 0
4692:3489 4514 0
4693:4492 4578 4707 4821 0
4694:4597 4687 0
4695:4634 0
4696:4671 4697 0
4697:4696 0
4698:4592 0
4699:2486 4533 4747 0
4700:4533 4815 0
4701:4501 4623 0
4702:4703 4704 0
4703:4702 0
4704:4628 4634 4702 0
4705:4605 0
4706:4625 0
4707:4693 0
4708:4492 4681 4731 0
4709:4507 0
4710:4507 4685 4720 0
4711:3489 4585 4713 4714 0
4712:4585 4727 0
4713:2371 4582 4711 0
4714:4711 4729 0
4715:4618 4716 0
4716:4715 0
4717:4582 4614 0
4718:2464 4550 4744 0
4719:4550 4816 0
4720:4710 0
4721:4606 0
4722:4580 4687 0
4723:4493 4812 0
4724:4660 4759 4764 4795 4796 0
4725:4726 0
4726:4614 4725 0
4727:4497 4712 0
4728:4685 0
4729:4496 4598 4667 4714 0
4730:4681 0
4731:4708 4732 0
4732:4731 0
4733:4564 0
4734:2483 4781 4783 4799 0
4735:2483 4776 0
4736:2474 4652 0
4737:4580 0
4738:4683 4809 0
4739:4600 4667 0
4740:4633 4819 0
4741:4629 0
4742:4639 4743 0
4743:4742 0
4744:4718 0
4745:4618 4639 0
4746:4598 0
4747:4699 0
4748:2486 0
4749:876 2486 0
4750:4607 4751 0
4751:4750 0
4752:4607 0
4753:4534 4814 4815 0
4754:4755 4756 0
4755:4754 4771 0
4756:4754 4764 0
4757:4758 4759 0
4758:4757 4769 0
4759:4724 4757 0
4760:4661 4761 0
4761:4760 4762 0
4762:4761 4763 0
4763:4762 4774 0
4764:4724 4756 4765 4766 4767 0
4765:4764 4768 4772 4777 4792 0
4766:4764 4768 0
4767:4764 0
4768:4765 4766 0
4769:4758 4770 0
4770:4769 4771 0
4771:4755 4770 0
4772:4765 4773 0
4773:4772 4775 4782 4785 4790 4791 0
4774:4661 4763 0
4775:4773 4776 0
4776:4735 4775 4783 4793 4798 0
4777:4765 4778 0
4778:4777 4782 0
4779:4780 4781 0
4780:4779 4794 0
4781:4734 4779 0
4782:4773 4778 0
4783:4734 4776 4784 0
4784:4783 4802 4803 0
4785:4773 4786 0
4786:2484 2485 4785 0
4787:2484 4788 4789 0
4788:4787 0
4789:2484 4787 4811 0
4790:4773 0
4791:4773 0
4792:4765 4793 0
4793:4776 4792 0
4794:4780 4797 0
4795:4724 4800 0
4796:4724 0
4797:4794 4798 0
4798:4776 4797 0
4799:4734 4801 0
4800:4795 4801 0
4801:4799 4800 0
4802:4784 0
4803:4784 0
4804:4688 0
4805:4688 0
4806:4611 0
4807:4557 4808 0
4808:4807 0
4809:4738 4810 0
4810:4809 0
4811:4789 0
4812:4723 0
4813:4814 0
4814:4753 4813 0
4815:4700 4753 4817 0
4816:4719 0
4817:4815 0
4818:4561 0
4819:4740 0
4820:4648 0
4821:4693 0
4822:2278 4637 4823 0
4823:4822 4825 4837 0
4824:4637 4825 0
4825:3803 4823 4824 0
4826:3481 4831 4870 0
4827:4515 4844 4847 4848 0
4828:3511 4515 4848 0
4829:4830 4831 0
4830:4829 4884 0
4831:4826 4829 4884 0
4832:4833 4834 4835 0
4833:3579 4832 4850 0
4834:4832 0
4835:3494 4832 4892 0
4836:4837 0
4837:2278 2440 2477 4823 4836 0
4838:4839 4840 4841 0
4839:3579 4838 0
4840:4838 4874 0
4841:4838 4842 0
4842:4841 4843 0
4843:4842 4875 0
4844:4510 4827 4845 4846 0
4845:4844 0
4846:4844 0
4847:4827 0
4848:3439 4827 4828 4882 0
4849:4850 0
4850:3520 4833 4849 4851 4852 0
4851:4850 4874 4877 0
4852:3511 4850 4872 0
4853:3592 4888 4889 0
4854:3592 4885 0
4855:3592 4876 0
4856:1107 4857 0
4857:141 4856 0
4858:228 4859 0
4859:2468 4858 4864 0
4860:2390 0
4861:2468 4862 0
4862:141 4861 0
4863:2468 0
4864:4859 0
4865:3760 4866 0
4866:3803 4865 0
4867:1140 3439 3579 0
4868:4510 0
4869:4510 0
4870:4510 4826 4883 0
4871:4872 4873 0
4872:4852 4871 4881 0
4873:4871 4893 0
4874:4840 4851 4875 4876 0
4875:4843 4874 0
4876:4855 4874 0
4877:141 4851 0
4878:3579 4890 0
4879:3579 0
4880:3579 4890 4893 0
4881:4872 0
4882:3511 3803 4848 0
4883:4870 0
4884:4830 4831 0
4885:1140 4854 4886 4887 0
4886:4885 4888 0
4887:4885 4891 0
4888:4853 4886 0
4889:4853 0
4890:4878 4880 0
4891:4887 0
4892:4835 0
4893:4873 4880 0
4894:876 4895 0
4895:4894 4902 0
4896:13 0
4897:13 4899 0
4898:882 4899 0
4899:4897 4898 0
4900:882 4901 0
4901:911 4900 0
4902:4895 0
