N=4883 V=5983
1:2 3 4 0
2:1 426 433 434 435 436 0
3:1 430 455 456 457 0
4:1 475 520 0
5:6 7 8 9 0
6:5 3600 3636 0
7:5 3356 0
8:5 3356 0
9:5 3707 3786 0
10:11 0
11:10 3410 3491 0
12:13 0
13:12 4877 4878 0
14:15 0
15:14 114 118 124 169 171 172 173 0
16:17 18 0
17:16 32 33 34 35 0
18:16 47 0
19:20 0
20:19 21 22 0
21:20 0
22:20 23 24 25 26 27 0
23:22 28 0
24:22 130 131 0
25:22 105 0
26:22 28 130 196 203 224 0
27:22 31 0
28:23 26 61 0
29:30 31 0
30:29 59 60 98 175 176 177 0
31:27 29 0
32:17 0
33:17 36 37 38 39 0
34:17 0
35:17 95 165 0
36:33 0
37:33 0
38:33 44 67 0
39:33 116 0
40:41 42 0
41:40 43 44 0
42:40 188 0
43:41 45 0
44:38 41 0
45:43 161 243 253 0
46:47 48 0
47:18 46 110 0
48:46 65 0
49:50 0
50:49 109 126 0
51:52 0
52:51 55 151 166 527 537 0
53:54 55 0
54:53 115 0
55:52 53 126 166 216 4465 0
56:57 58 0
57:56 92 94 127 0
58:56 220 0
59:30 60 61 62 0
60:30 59 61 0
61:28 59 60 70 224 0
62:59 0
63:64 65 0
64:63 229 0
65:48 63 0
66:0
67:38 0
68:69 70 0
69:68 70 106 175 208 0
70:61 68 69 83 187 194 224 0
71:72 73 0
72:71 129 0
73:71 76 191 0
74:75 76 0
75:74 129 0
76:73 74 175 233 0
77:78 0
78:77 79 80 0
79:78 81 82 83 84 0
80:78 90 0
81:79 85 86 87 88 89 0
82:79 133 136 138 141 142 0
83:70 79 84 0
84:79 83 0
85:81 0
86:81 0
87:81 0
88:81 100 101 102 104 0
89:81 129 190 234 0
90:80 91 0
91:90 225 0
92:57 93 94 95 96 0
93:92 97 0
94:57 92 0
95:35 92 261 0
96:92 209 0
97:93 226 0
98:30 99 0
99:98 158 235 237 0
100:88 0
101:88 0
102:88 103 0
103:102 161 192 246 247 248 249 0
104:88 157 177 0
105:25 106 107 0
106:69 105 186 0
107:105 194 0
108:109 0
109:50 108 126 167 604 4452 0
110:47 189 209 0
111:112 113 114 0
112:111 181 198 199 0
113:111 120 123 181 0
114:15 111 0
115:54 148 0
116:39 117 0
117:116 159 0
118:15 119 0
119:118 172 0
120:113 121 122 123 124 0
121:120 124 0
122:120 124 0
123:113 120 0
124:15 120 121 122 248 253 0
125:126 0
126:50 55 109 125 163 217 2537 0
127:57 128 0
128:127 129 0
129:72 75 89 128 190 210 232 0
130:24 26 0
131:24 0
132:133 0
133:82 132 134 135 139 140 0
134:133 0
135:133 0
136:82 0
137:138 0
138:82 137 143 0
139:133 1035 1101 0
140:133 1133 4838 4843 4858 0
141:82 1048 1065 1134 0
142:82 2426 0
143:138 195 196 197 0
144:145 146 0
145:144 153 155 0
146:144 221 262 0
147:148 149 150 0
148:115 147 151 0
149:147 150 200 0
150:147 149 257 0
151:52 148 174 0
152:0
153:145 154 155 156 0
154:153 157 158 0
155:145 153 0
156:153 240 0
157:104 154 238 239 0
158:99 154 226 0
159:117 160 0
160:159 161 0
161:45 103 160 162 0
162:161 249 1081 0
163:126 164 0
164:163 0
165:35 260 263 0
166:52 55 0
167:109 168 0
168:167 225 0
169:15 170 0
170:169 0
171:15 0
172:15 119 242 0
173:15 199 0
174:151 258 532 544 0
175:30 69 76 0
176:30 0
177:30 104 178 0
178:177 196 200 211 212 213 214 215 0
179:180 181 0
180:179 198 0
181:112 113 179 0
182:184 0
183:219 0
184:182 185 0
185:184 0
186:106 254 255 256 0
187:70 0
188:42 189 190 0
189:110 188 229 0
190:89 129 188 209 220 230 231 0
191:73 218 0
192:103 193 0
193:192 1032 1103 0
194:70 107 0
195:143 196 204 205 206 0
196:26 143 178 195 245 0
197:143 206 644 953 4211 0
198:112 180 234 0
199:112 173 0
200:149 178 201 0
201:200 546 3847 0
202:203 0
203:26 202 0
204:195 0
205:195 0
206:195 197 565 604 0
207:208 0
208:69 207 0
209:96 110 190 210 0
210:129 209 0
211:178 0
212:178 0
213:178 0
214:178 0
215:178 539 4199 0
216:55 0
217:126 0
218:191 219 0
219:183 218 266 0
220:58 190 0
221:146 222 223 0
222:221 241 0
223:221 238 264 0
224:26 61 70 225 226 227 0
225:91 168 224 228 0
226:97 158 224 0
227:224 4839 0
228:225 265 0
229:64 189 0
230:190 233 0
231:190 0
232:129 0
233:76 230 0
234:89 198 0
235:99 236 0
236:235 0
237:99 0
238:157 223 0
239:157 240 241 0
240:156 239 250 251 0
241:222 239 0
242:172 243 244 0
243:45 242 245 0
244:242 0
245:196 243 0
246:103 0
247:103 0
248:103 124 0
249:103 162 1047 1086 1091 0
250:240 259 0
251:240 264 0
252:253 0
253:45 124 252 0
254:186 0
255:186 0
256:186 0
257:150 258 0
258:174 257 0
259:250 260 0
260:165 259 0
261:95 0
262:146 0
263:165 0
264:223 251 0
265:228 0
266:219 0
267:268 269 270 0
268:267 308 309 313 314 315 0
269:267 375 397 0
270:267 0
271:272 273 274 0
272:271 275 276 277 0
273:271 408 0
274:271 391 419 0
275:272 277 320 321 328 386 394 0
276:272 403 404 0
277:272 275 313 375 0
278:279 280 0
279:278 281 282 283 284 285 0
280:278 332 361 409 0
281:279 285 304 317 320 367 370 371 0
282:279 0
283:279 0
284:279 371 0
285:279 281 0
286:287 288 0
287:286 288 363 384 0
288:286 287 391 396 408 0
289:290 291 0
290:289 296 365 410 0
291:289 352 421 0
292:293 0
293:292 294 299 0
294:293 295 296 297 298 0
295:294 307 323 324 325 326 0
296:290 294 321 365 379 384 0
297:294 298 0
298:294 297 365 422 0
299:293 319 405 0
300:301 0
301:300 302 0
302:301 303 304 305 306 307 0
303:302 304 305 306 307 366 0
304:281 302 303 306 328 388 0
305:302 303 306 0
306:302 303 304 305 366 367 368 369 0
307:295 302 303 326 0
308:268 309 310 311 312 0
309:268 308 0
310:308 312 314 399 0
311:308 312 0
312:308 310 311 0
313:268 277 316 0
314:268 310 0
315:268 0
316:313 4408 0
317:281 318 319 0
318:317 320 321 0
319:299 317 0
320:275 281 318 328 372 0
321:275 296 318 327 352 0
322:323 0
323:295 322 0
324:295 325 329 0
325:295 324 0
326:295 307 0
327:321 328 329 0
328:275 304 320 327 0
329:324 327 339 340 0
330:331 332 333 334 335 0
331:330 336 337 338 0
332:280 330 0
333:330 334 348 416 0
334:330 333 0
335:330 0
336:331 339 340 0
337:331 348 0
338:331 344 345 409 0
339:329 336 0
340:329 336 0
341:342 343 0
342:341 399 400 0
343:341 4384 4427 0
344:338 345 0
345:338 344 0
346:347 0
347:346 382 383 389 0
348:333 337 0
349:350 0
350:349 351 352 0
351:350 413 0
352:291 321 350 354 378 0
353:354 0
354:352 353 355 356 358 359 360 0
355:354 0
356:354 357 0
357:356 0
358:354 0
359:354 0
360:354 378 401 0
361:280 362 0
362:361 0
363:287 364 0
364:363 394 395 0
365:290 296 298 0
366:303 306 367 368 369 0
367:281 306 366 368 369 0
368:306 366 367 369 371 0
369:306 366 367 368 385 0
370:281 0
371:281 284 368 0
372:320 1249 1401 0
373:374 0
374:373 375 376 0
375:269 277 374 411 0
376:374 4436 4437 4441 4447 0
377:378 0
378:352 360 377 0
379:296 0
380:381 0
381:380 382 0
382:347 381 383 0
383:347 382 406 413 0
384:287 296 0
385:369 0
386:275 387 0
387:386 0
388:304 0
389:347 0
390:391 392 393 0
391:274 288 390 408 417 418 0
392:390 0
393:390 4446 0
394:275 364 396 0
395:364 402 0
396:288 394 0
397:269 398 0
398:397 1147 1153 1240 1334 1336 0
399:310 342 0
400:342 4387 4388 0
401:360 0
402:395 0
403:276 0
404:276 0
405:299 420 0
406:383 407 0
407:406 0
408:273 288 391 0
409:280 338 414 415 0
410:290 0
411:375 412 0
412:411 0
413:351 383 0
414:409 0
415:409 0
416:333 0
417:391 0
418:391 0
419:274 4442 0
420:405 0
421:291 0
422:298 0
423:424 425 426 427 428 429 0
424:423 430 431 432 0
425:423 435 505 0
426:2 423 0
427:423 428 505 0
428:423 427 486 0
429:423 482 0
430:3 424 432 451 452 0
431:424 432 449 462 501 502 0
432:424 430 431 0
433:2 0
434:2 0
435:2 425 0
436:2 2432 0
437:438 0
438:437 446 489 493 506 0
439:440 0
440:439 475 0
441:442 0
442:441 443 444 445 446 0
443:442 447 448 449 450 0
444:442 453 454 0
445:442 472 0
446:438 442 0
447:443 450 465 466 467 468 469 0
448:443 471 0
449:431 443 483 499 0
450:443 447 507 0
451:430 458 459 460 461 462 463 464 0
452:430 2290 2291 2292 2303 2304 0
453:444 506 515 0
454:444 471 473 0
455:3 476 495 0
456:3 894 2269 0
457:3 2301 2414 2470 0
458:451 0
459:451 0
460:451 0
461:451 0
462:431 451 464 495 0
463:451 2274 2284 2316 0
464:451 462 2409 0
465:447 0
466:447 0
467:447 477 478 0
468:447 510 511 512 0
469:447 496 513 0
470:471 0
471:448 454 470 472 473 0
472:445 471 507 508 509 0
473:454 471 0
474:475 0
475:4 440 474 476 0
476:455 475 518 0
477:467 0
478:467 1493 1524 0
479:480 481 0
480:479 513 0
481:479 1575 0
482:429 483 484 485 486 487 488 0
483:449 482 0
484:482 0
485:482 504 0
486:428 482 504 0
487:482 493 500 0
488:482 492 500 0
489:438 490 491 492 493 0
490:489 0
491:489 499 0
492:488 489 0
493:438 487 489 0
494:495 0
495:455 462 494 0
496:469 497 498 0
497:496 1784 0
498:496 0
499:449 491 500 0
500:487 488 499 0
501:431 503 0
502:431 4048 0
503:501 1347 0
504:485 486 0
505:425 427 0
506:438 453 514 0
507:450 472 0
508:472 0
509:472 513 523 0
510:468 0
511:468 522 0
512:468 1580 1639 0
513:469 480 509 0
514:506 0
515:453 0
516:517 0
517:516 518 519 0
518:476 517 0
519:517 521 0
520:4 521 0
521:519 520 0
522:511 0
523:509 0
524:525 526 0
525:524 534 538 539 0
526:524 539 4201 0
527:52 528 0
528:527 4200 0
529:530 0
530:529 531 532 0
531:530 534 537 0
532:174 530 537 541 545 0
533:534 535 536 0
534:525 531 533 0
535:533 537 548 0
536:533 541 0
537:52 531 532 535 0
538:525 549 0
539:215 525 526 4196 4197 4198 0
540:541 542 543 544 0
541:532 536 540 542 547 548 0
542:540 541 0
543:540 547 0
544:174 540 0
545:532 546 0
546:201 545 686 0
547:541 543 0
548:535 541 0
549:538 0
550:551 552 0
551:550 1466 0
552:550 1456 0
553:2489 2490 0
554:557 2602 2603 2654 2791 0
555:3021 3022 0
556:3002 3003 3149 3150 0
557:554 3174 0
558:3171 0
559:3172 0
560:3173 0
561:3252 0
562:563 0
563:562 564 565 566 0
564:563 574 0
565:206 563 617 630 644 0
566:563 609 0
567:568 0
568:567 569 570 571 572 0
569:568 0
570:568 607 608 609 0
571:568 609 637 0
572:568 609 640 641 642 0
573:574 575 0
574:564 573 575 609 618 634 636 0
575:573 574 589 593 594 0
576:577 578 579 0
577:576 580 625 626 627 628 629 0
578:576 580 621 631 632 633 0
579:576 582 628 0
580:577 578 581 0
581:580 582 629 0
582:579 581 0
583:584 585 586 0
584:583 628 629 0
585:583 0
586:583 0
587:588 0
588:587 628 629 639 0
589:575 590 591 592 593 594 0
590:589 0
591:589 0
592:589 593 594 0
593:575 589 592 0
594:575 589 592 627 0
595:0
596:597 0
597:596 599 0
598:599 0
599:597 598 600 601 603 0
600:599 0
601:599 602 0
602:601 2456 4070 0
603:599 2303 2379 2434 0
604:109 206 605 606 0
605:604 914 918 0
606:604 0
607:570 610 0
608:570 611 0
609:566 570 571 572 574 612 617 618 0
610:607 611 615 0
611:608 610 616 0
612:609 613 614 0
613:612 0
614:612 4244 0
615:610 0
616:611 0
617:565 609 0
618:574 609 643 0
619:620 621 622 0
620:619 623 624 0
621:578 619 0
622:619 0
623:620 0
624:620 633 637 0
625:577 630 0
626:577 630 0
627:577 594 0
628:577 579 584 588 0
629:577 581 584 588 0
630:565 625 626 0
631:578 635 0
632:578 635 0
633:578 624 638 0
634:574 635 0
635:631 632 634 636 0
636:574 635 0
637:571 624 638 0
638:633 637 0
639:588 0
640:572 0
641:572 0
642:572 4144 4203 4230 0
643:618 0
644:197 565 953 2791 4212 4272 4273 0
645:646 647 648 649 0
646:645 701 705 709 732 0
647:645 0
648:645 0
649:645 0
650:651 652 653 0
651:650 666 667 668 669 0
652:650 0
653:650 668 749 0
654:655 0
655:654 656 657 0
656:655 683 690 691 692 693 0
657:655 707 709 712 0
658:659 660 0
659:658 766 0
660:658 714 747 771 787 788 0
661:662 0
662:661 772 795 797 798 0
663:664 665 0
664:663 667 674 0
665:663 715 0
666:651 0
667:651 664 670 671 672 673 0
668:651 653 713 714 0
669:651 754 755 0
670:667 673 725 760 0
671:667 673 722 760 0
672:667 742 769 770 0
673:667 670 671 747 760 774 775 776 0
674:664 713 715 716 717 0
675:676 0
676:675 677 678 679 680 681 0
677:676 721 722 0
678:676 722 727 728 729 0
679:676 728 0
680:676 747 773 0
681:676 0
682:0
683:656 684 685 686 0
684:683 0
685:683 0
686:546 683 706 760 764 782 0
687:688 689 0
688:687 0
689:687 731 732 0
690:656 0
691:656 0
692:656 705 730 0
693:656 0
694:0
695:0
696:0
697:0
698:0
699:0
700:701 0
701:646 700 702 703 704 0
702:701 705 706 0
703:701 0
704:701 711 781 0
705:646 692 702 750 762 763 764 0
706:686 702 767 0
707:657 0
708:709 0
709:646 657 708 710 711 0
710:709 0
711:704 709 765 0
712:657 763 799 800 0
713:668 674 0
714:660 668 0
715:665 674 0
716:674 739 740 0
717:674 771 0
718:719 0
719:718 720 0
720:719 725 734 746 747 748 0
721:677 0
722:671 677 678 734 737 0
723:724 0
724:723 725 726 0
725:670 720 724 748 759 0
726:724 788 806 0
727:678 0
728:678 679 736 761 0
729:678 747 0
730:692 0
731:689 0
732:646 689 784 0
733:734 0
734:720 722 733 735 736 737 0
735:734 738 0
736:728 734 779 780 0
737:722 734 796 0
738:735 0
739:716 0
740:716 752 756 0
741:742 743 744 745 0
742:672 741 744 0
743:741 789 791 0
744:741 742 755 793 0
745:741 785 803 0
746:720 0
747:660 673 680 720 729 748 753 0
748:720 725 747 777 0
749:653 0
750:705 0
751:752 0
752:740 751 753 0
753:747 752 778 0
754:669 0
755:669 744 768 0
756:740 0
757:758 0
758:757 0
759:725 0
760:670 671 673 686 782 802 0
761:728 0
762:705 0
763:705 712 792 0
764:686 705 807 0
765:711 0
766:659 0
767:706 0
768:755 0
769:672 0
770:672 0
771:660 717 0
772:662 0
773:680 0
774:673 0
775:673 0
776:673 0
777:748 0
778:753 0
779:736 0
780:736 804 0
781:704 0
782:686 760 783 0
783:782 0
784:732 0
785:745 786 0
786:785 0
787:660 0
788:660 726 805 0
789:743 790 0
790:789 0
791:743 0
792:763 0
793:744 0
794:795 0
795:662 794 0
796:737 0
797:662 0
798:662 0
799:712 0
800:712 0
801:0
802:760 3843 3862 3868 3870 3871 3872 0
803:745 0
804:780 0
805:788 0
806:726 0
807:764 0
808:809 810 811 0
809:808 812 813 814 815 0
810:808 834 835 0
811:808 815 825 854 0
812:809 813 832 833 834 0
813:809 812 814 836 837 0
814:809 813 844 845 847 848 0
815:809 811 817 905 0
816:817 0
817:815 816 819 827 828 829 0
818:819 820 821 822 0
819:817 818 823 824 825 826 0
820:818 821 824 853 0
821:818 820 831 853 855 856 0
822:818 856 875 0
823:819 0
824:819 820 854 0
825:811 819 874 0
826:819 875 886 897 0
827:817 0
828:817 894 0
829:817 880 897 1550 0
830:831 0
831:821 830 842 843 856 871 876 877 0
832:812 0
833:812 0
834:810 812 0
835:810 838 0
836:813 839 0
837:813 870 873 0
838:835 839 0
839:836 838 2385 2407 2480 0
840:841 842 843 0
841:840 857 858 0
842:831 840 848 880 0
843:831 840 846 848 860 878 895 896 0
844:814 0
845:814 846 0
846:843 845 848 0
847:814 849 850 851 852 0
848:814 842 843 846 0
849:847 903 0
850:847 904 0
851:847 864 0
852:847 864 0
853:820 821 854 0
854:811 824 853 0
855:821 0
856:821 822 831 881 0
857:841 871 872 0
858:841 907 0
859:860 0
860:843 859 0
861:862 0
862:861 864 866 869 870 0
863:864 0
864:851 852 862 863 865 0
865:864 0
866:862 867 868 0
867:866 870 0
868:866 0
869:862 0
870:837 862 867 0
871:831 857 0
872:857 906 0
873:837 4730 4875 0
874:825 882 0
875:822 826 889 890 0
876:831 0
877:831 891 0
878:843 879 0
879:878 4879 4881 0
880:829 842 892 893 0
881:856 0
882:874 883 0
883:882 2430 0
884:885 0
885:884 886 887 888 0
886:826 885 0
887:885 900 901 902 0
888:885 1420 0
889:875 0
890:875 899 0
891:877 0
892:880 0
893:880 897 1239 1537 1587 1588 0
894:456 828 0
895:843 898 0
896:843 0
897:826 829 893 0
898:895 0
899:890 900 0
900:887 899 902 0
901:887 0
902:887 900 1345 1346 0
903:849 1550 0
904:850 1550 0
905:815 0
906:872 907 0
907:858 906 908 0
908:907 4882 0
909:910 911 0
910:909 912 913 0
911:909 958 0
912:910 919 920 0
913:910 922 4453 4454 0
914:605 915 916 917 0
915:914 917 928 0
916:914 990 0
917:914 915 0
918:605 944 945 946 0
919:912 936 0
920:912 941 0
921:922 0
922:913 921 0
923:960 974 986 0
924:0
925:0
926:927 994 0
927:926 943 998 1001 0
928:915 0
929:0
930:0
931:0
932:0
933:0
934:0
935:0
936:919 937 938 939 940 0
937:936 954 0
938:936 0
939:936 990 998 999 0
940:936 991 0
941:920 942 943 0
942:941 943 1002 0
943:927 941 942 0
944:918 947 981 0
945:918 990 995 0
946:918 996 0
947:944 948 0
948:947 949 0
949:948 950 0
950:949 2379 0
951:952 0
952:951 953 0
953:197 644 952 4284 4285 0
954:937 955 956 957 0
955:954 0
956:954 0
957:954 0
958:911 981 0
959:967 968 0
960:923 984 0
961:0
962:965 0
963:992 0
964:989 1001 0
965:962 981 0
966:1005 1006 0
967:959 969 970 971 972 973 0
968:959 0
969:967 0
970:967 0
971:967 0
972:967 0
973:967 0
974:923 975 976 977 0
975:974 0
976:974 0
977:974 0
978:979 0
979:978 0
980:0
981:944 958 965 982 983 0
982:981 997 0
983:981 987 995 996 1003 1004 0
984:960 985 991 992 0
985:984 992 993 0
986:923 0
987:983 988 989 0
988:987 992 1003 0
989:964 987 1000 0
990:916 939 945 995 0
991:940 984 1000 0
992:963 984 985 988 0
993:985 1011 1012 0
994:926 997 0
995:945 983 990 996 999 1002 0
996:946 983 995 1002 1004 0
997:982 994 1002 0
998:927 939 0
999:939 995 0
1000:989 991 1001 1002 0
1001:927 964 1000 0
1002:942 995 996 997 1000 0
1003:983 988 0
1004:983 996 0
1005:966 1007 1008 0
1006:966 1009 1010 0
1007:1005 0
1008:1005 0
1009:1006 0
1010:1006 0
1011:993 1013 1014 0
1012:993 1015 1016 0
1013:1011 0
1014:1011 0
1015:1012 0
1016:1012 0
1017:1018 1019 0
1018:1017 1024 0
1019:1017 0
1020:1021 1022 1023 0
1021:1020 1023 0
1022:1020 1024 0
1023:1020 1021 1046 1087 0
1024:1018 1022 1037 1038 0
1025:1026 1027 1028 0
1026:1025 0
1027:1025 1072 0
1028:1025 1066 1069 1071 1106 0
1029:1030 1031 1032 1033 0
1030:1029 1034 1035 1036 0
1031:1029 1074 1075 0
1032:193 1029 0
1033:1029 1105 0
1034:1030 1075 1120 0
1035:139 1030 0
1036:1030 0
1037:1024 1039 1040 0
1038:1024 1110 1112 0
1039:1037 1049 0
1040:1037 1047 1076 0
1041:1042 1043 1044 0
1042:1041 1044 1045 1046 0
1043:1041 1115 0
1044:1041 1042 1046 1116 0
1045:1042 1047 1048 0
1046:1023 1042 1044 0
1047:249 1040 1045 1089 1091 0
1048:141 1045 0
1049:1039 0
1050:1051 1052 1053 1054 1055 0
1051:1050 1056 1057 1058 0
1052:1050 1056 1059 1060 0
1053:1050 1085 0
1054:1050 1099 1100 0
1055:1050 1098 0
1056:1051 1052 1061 1062 1063 0
1057:1051 1077 0
1058:1051 1090 0
1059:1052 1061 1092 0
1060:1052 1098 1111 1136 0
1061:1056 1059 1090 1093 0
1062:1056 0
1063:1056 1090 0
1064:1065 1066 1067 1068 1069 0
1065:141 1064 1070 1071 0
1066:1028 1064 1097 0
1067:1064 1095 1126 0
1068:1064 1095 1126 0
1069:1028 1064 1137 0
1070:1065 1073 0
1071:1028 1065 1083 0
1072:1027 1080 1087 1094 0
1073:1070 0
1074:1031 0
1075:1031 1034 1103 0
1076:1040 1077 1078 0
1077:1057 1076 1078 1100 0
1078:1076 1077 1136 0
1079:1080 1081 0
1080:1072 1079 1086 1087 0
1081:162 1079 1109 0
1082:1083 1084 0
1083:1071 1082 1097 0
1084:1082 1107 0
1085:1053 1090 0
1086:249 1080 0
1087:1023 1072 1080 1116 1125 0
1088:1089 1090 0
1089:1047 1088 1091 0
1090:1058 1061 1063 1085 1088 1115 1127 0
1091:249 1047 1089 0
1092:1059 1113 0
1093:1061 0
1094:1072 0
1095:1067 1068 1096 0
1096:1095 1122 1124 1134 0
1097:1066 1083 0
1098:1055 1060 0
1099:1054 1100 0
1100:1054 1077 1099 1111 0
1101:139 1102 0
1102:1101 4837 0
1103:193 1075 1104 0
1104:1103 0
1105:1033 0
1106:1028 1107 1108 0
1107:1084 1106 1108 0
1108:1106 1107 1137 0
1109:1081 0
1110:1038 0
1111:1060 1100 0
1112:1038 0
1113:1092 1114 0
1114:1113 0
1115:1043 1090 0
1116:1044 1087 0
1117:0
1118:0
1119:0
1120:1034 0
1121:1122 1123 0
1122:1096 1121 1124 0
1123:1121 1124 1126 0
1124:1096 1122 1123 1126 0
1125:1087 0
1126:1067 1068 1123 1124 0
1127:1090 0
1128:0
1129:1135 0
1130:0
1131:0
1132:0
1133:140 0
1134:141 1096 0
1135:1129 4848 4866 0
1136:1060 1078 0
1137:1069 1108 1138 0
1138:1137 0
1139:1140 1141 1142 1143 1144 0
1140:1139 1145 0
1141:1139 1145 0
1142:1139 1867 1868 0
1143:1139 1986 0
1144:1139 1867 0
1145:1140 1141 1379 1742 0
1146:1147 1148 1149 1150 1151 0
1147:398 1146 0
1148:1146 1338 1433 0
1149:1146 1602 0
1150:1146 1995 0
1151:1146 1998 0
1152:1153 0
1153:398 1152 1241 0
1154:1155 1156 1157 0
1155:1154 1737 0
1156:1154 2142 0
1157:1154 1785 0
1158:1159 1160 1161 0
1159:1158 1162 0
1160:1158 1162 1779 1780 0
1161:1158 1320 1975 0
1162:1159 1160 1323 1324 1595 1628 1781 1782 0
1163:1164 1165 1166 1167 1168 1169 1170 0
1164:1163 1171 1172 0
1165:1163 1166 0
1166:1163 1165 1202 0
1167:1163 1376 1627 1648 0
1168:1163 1596 0
1169:1163 1595 0
1170:1163 1911 1912 0
1171:1164 1594 1599 0
1172:1164 1454 1730 1741 1742 1743 1744 0
1173:1174 1175 1176 0
1174:1173 1876 0
1175:1173 1985 0
1176:1173 1653 0
1177:1178 1179 1180 1181 1182 1183 0
1178:1177 1184 1185 0
1179:1177 1184 1473 1484 1485 0
1180:1177 1514 1515 0
1181:1177 1617 1618 1619 0
1182:1177 1535 1666 0
1183:1177 1353 0
1184:1178 1179 1358 0
1185:1178 1194 1303 1343 1599 1617 1665 0
1186:1187 1188 1189 0
1187:1186 1190 0
1188:1186 1189 1368 1428 1432 0
1189:1186 1188 1493 1572 1752 1844 1845 1846 0
1190:1187 1191 1192 0
1191:1190 1525 0
1192:1190 1428 0
1193:0
1194:1185 1195 1196 1197 1198 0
1195:1194 0
1196:1194 1197 1303 1304 1400 1572 0
1197:1194 1196 1638 1650 1651 0
1198:1194 1303 1311 1343 1687 0
1199:1200 0
1200:1199 1862 0
1201:1202 1203 1204 0
1202:1166 1201 0
1203:1201 1905 0
1204:1201 1354 0
1205:1206 1207 1208 0
1206:1205 1768 1848 0
1207:1205 1914 0
1208:1205 0
1209:1210 1211 1212 0
1210:1209 0
1211:1209 1229 1230 1246 1250 1798 0
1212:1209 0
1213:1214 0
1214:1213 1260 1261 1262 1263 1264 1265 1266 0
1215:1216 1217 1218 1219 1220 1221 0
1216:1215 1222 1223 0
1217:1215 1222 1224 1225 1226 1227 0
1218:1215 1237 0
1219:1215 1227 1736 1737 0
1220:1215 1536 0
1221:1215 1479 1507 1551 1579 1829 0
1222:1216 1217 1228 0
1223:1216 1255 1258 1259 0
1224:1217 1232 1233 1234 1235 1236 1237 0
1225:1217 1536 0
1226:1217 1539 0
1227:1217 1219 0
1228:1222 1350 1737 0
1229:1211 1230 1231 0
1230:1211 1229 1661 1662 1663 1664 0
1231:1229 1284 0
1232:1224 1234 1305 0
1233:1224 1445 1446 1447 0
1234:1224 1232 1842 0
1235:1224 1999 0
1236:1224 2025 0
1237:1218 1224 2213 0
1238:1243 0
1239:893 1259 1350 1578 1717 1718 0
1240:398 1785 0
1241:1153 0
1242:1539 0
1243:1238 1501 1550 1587 0
1244:1245 1246 1247 1248 0
1245:1244 1249 1250 0
1246:1211 1244 1251 1252 1253 1254 0
1247:1244 1248 1251 2234 0
1248:1244 1247 0
1249:372 1245 1467 1468 0
1250:1211 1245 1333 1661 1715 0
1251:1246 1247 1254 1468 0
1252:1246 2225 2226 0
1253:1246 2234 0
1254:1246 1251 2244 2245 0
1255:1223 1256 1257 0
1256:1255 1626 0
1257:1255 1751 0
1258:1223 1580 1709 0
1259:1223 1239 1749 0
1260:1214 0
1261:1214 1486 0
1262:1214 1734 0
1263:1214 1691 2062 0
1264:1214 1548 2096 0
1265:1214 1863 0
1266:1214 2009 0
1267:1268 1269 1270 1271 1272 1273 0
1268:1267 1274 1275 0
1269:1267 1274 1411 1611 1612 1613 0
1270:1267 1369 1407 1409 1410 1519 1520 1823 1866 0
1271:1267 1818 0
1272:1267 1519 0
1273:1267 1411 0
1274:1268 1269 1614 0
1275:1268 1411 1413 0
1276:1277 1278 1279 1280 1281 0
1277:1276 1282 1283 0
1278:1276 1352 1549 0
1279:1276 1299 1704 0
1280:1276 1571 1669 1747 1783 0
1281:1276 1917 1918 0
1282:1277 1388 1389 0
1283:1277 1476 1514 1665 1795 1796 1797 0
1284:1231 1285 1286 1287 1288 0
1285:1284 2102 0
1286:1284 1442 0
1287:1284 2218 0
1288:1284 2194 0
1289:1290 1291 1292 1293 0
1290:1289 1392 1393 0
1291:1289 0
1292:1289 2005 0
1293:1289 1833 0
1294:1302 1303 1304 0
1295:1302 1373 1374 0
1296:0
1297:1576 0
1298:1669 1670 0
1299:1279 1364 1680 1681 1682 1683 0
1300:1560 0
1301:1325 0
1302:1294 1295 0
1303:1185 1196 1198 1294 1344 1593 0
1304:1196 1294 1599 1680 1733 0
1305:1232 0
1306:1307 1308 1309 0
1307:1306 1518 1519 1520 0
1308:1306 1726 1821 1823 0
1309:1306 1732 1741 0
1310:1311 0
1311:1198 1310 0
1312:1313 1314 0
1313:1312 1925 0
1314:1312 1926 0
1315:1316 0
1316:1315 1323 1324 1325 1326 0
1317:1318 1319 0
1318:1317 2159 0
1319:1317 2185 0
1320:1161 1321 1322 0
1321:1320 1869 0
1322:1320 1954 0
1323:1162 1316 1801 0
1324:1162 1316 1802 0
1325:1301 1316 1569 1636 1733 0
1326:1316 1694 0
1327:1328 1329 1330 1331 1332 1333 0
1328:1327 1481 1482 0
1329:1327 1441 1707 0
1330:1327 1482 1708 1715 1813 1814 0
1331:1327 1615 1707 1815 0
1332:1327 1932 1933 1934 1935 1936 1937 0
1333:1250 1327 0
1334:398 1335 0
1335:1334 1337 0
1336:398 4448 4449 0
1337:1335 1338 0
1338:1148 1337 0
1339:1340 0
1340:1339 1341 1342 0
1341:1340 1435 1439 0
1342:1340 1404 1610 0
1343:1185 1198 1344 0
1344:1303 1343 1356 1357 1570 1571 0
1345:902 1750 0
1346:902 1749 0
1347:503 1357 1570 0
1348:1349 1350 0
1349:1348 1351 0
1350:1228 1239 1348 0
1351:1349 2164 0
1352:1278 1353 0
1353:1183 1352 0
1354:1204 1355 0
1355:1354 1838 0
1356:1344 1357 1358 1359 0
1357:1344 1347 1356 1610 1654 0
1358:1184 1356 1563 0
1359:1356 2594 2762 0
1360:1361 1362 1363 0
1361:1360 1371 1372 0
1362:1360 1836 0
1363:1360 1968 1969 1970 0
1364:1299 1365 1366 0
1365:1364 1566 1567 1568 1569 0
1366:1364 1567 1977 1978 0
1367:1368 1369 1370 0
1368:1188 1367 1432 1488 1774 1775 1777 0
1369:1270 1367 1459 1461 0
1370:1367 0
1371:1361 1596 1681 1745 1799 1800 0
1372:1361 0
1373:1295 0
1374:1295 0
1375:1376 1377 1378 1379 1380 1381 1382 1383 0
1376:1167 1375 0
1377:1375 1378 1672 0
1378:1375 1377 1458 1713 0
1379:1145 1375 1461 1529 1604 1725 1730 1731 0
1380:1375 1672 1804 0
1381:1375 1459 0
1382:1375 1990 0
1383:1375 1988 1989 0
1384:1385 0
1385:1384 1386 1387 0
1386:1385 1623 1827 1828 0
1387:1385 1775 0
1388:1282 1789 0
1389:1282 1886 1947 1991 1992 0
1390:1391 0
1391:1390 1538 0
1392:1290 1833 1834 1835 0
1393:1290 2103 0
1394:1395 0
1395:1394 1396 1400 1401 1402 0
1396:1395 1397 1398 1399 0
1397:1396 1508 0
1398:1396 1813 0
1399:1396 1814 0
1400:1196 1395 1452 0
1401:372 1395 1660 1705 0
1402:1395 1452 1488 0
1403:1404 1405 0
1404:1342 1403 1406 0
1405:1403 2041 0
1406:1404 1620 1622 0
1407:1270 1408 1409 1410 1411 0
1408:1407 1409 1699 0
1409:1270 1407 1408 1411 1413 1616 1699 1719 0
1410:1270 1407 1826 0
1411:1269 1273 1275 1407 1409 1611 1616 1658 0
1412:1413 1414 0
1413:1275 1409 1412 0
1414:1412 1459 1460 1766 1832 0
1415:1416 1417 0
1416:1415 1669 0
1417:1415 1575 0
1418:1419 1420 1421 0
1419:1418 1422 1423 1424 0
1420:888 1418 0
1421:1418 2203 0
1422:1419 1424 1434 0
1423:1419 1537 0
1424:1419 1422 1589 0
1425:1426 1427 0
1426:1425 1851 0
1427:1425 1685 2125 0
1428:1188 1192 1429 1430 1431 0
1429:1428 1573 1676 1677 0
1430:1428 1623 0
1431:1428 1521 0
1432:1188 1368 0
1433:1148 2011 0
1434:1422 1577 0
1435:1341 1436 1437 1438 0
1436:1435 1565 0
1437:1435 1465 0
1438:1435 0
1439:1341 1563 1643 1646 0
1440:1441 1442 1443 1444 0
1441:1329 1440 1443 1611 1612 0
1442:1286 1440 0
1443:1440 1441 0
1444:1440 1612 0
1445:1233 2104 0
1446:1233 1510 0
1447:1233 2024 0
1448:0
1449:1695 1773 0
1450:1793 0
1451:1731 0
1452:1400 1402 1454 1572 0
1453:1454 0
1454:1172 1452 1453 1455 1660 1766 0
1455:1454 0
1456:552 1466 0
1457:1458 0
1458:1378 1457 2252 0
1459:1369 1381 1414 1460 1461 1462 0
1460:1414 1459 1819 1820 1821 0
1461:1369 1379 1459 0
1462:1459 1820 2022 2023 0
1463:1464 1465 0
1464:1463 1475 0
1465:1437 1463 0
1466:551 1456 1516 1656 1658 0
1467:1249 0
1468:1249 1251 0
1469:1470 1471 0
1470:1469 1720 0
1471:1469 1822 0
1472:1473 1474 0
1473:1179 1472 1483 0
1474:1472 1644 0
1475:1464 2558 2559 2560 2561 0
1476:1283 0
1477:1478 1479 1480 0
1478:1477 1539 0
1479:1221 1477 0
1480:1477 1995 0
1481:1328 0
1482:1328 1330 1554 0
1483:1473 0
1484:1179 1552 0
1485:1179 1531 0
1486:1261 1584 1862 1863 1864 1865 0
1487:1488 1489 0
1488:1368 1402 1487 1490 0
1489:1487 1573 0
1490:1488 1856 1857 0
1491:1492 1493 0
1492:1491 1496 1580 0
1493:478 1189 1491 1851 1852 0
1494:1495 1496 1497 0
1495:1494 1498 0
1496:1492 1494 1506 1641 1642 0
1497:1494 1849 0
1498:1495 2042 0
1499:1500 1501 0
1500:1499 1502 0
1501:1243 1499 1503 0
1502:1500 1640 1709 0
1503:1501 1580 1581 0
1504:1505 1506 1507 0
1505:1504 1634 0
1506:1496 1504 1710 0
1507:1221 1504 0
1508:1397 1509 1510 1511 1512 1513 0
1509:1508 1722 1723 1724 0
1510:1446 1508 0
1511:1508 0
1512:1508 0
1513:1508 2066 0
1514:1180 1283 1515 0
1515:1180 1514 2147 0
1516:1466 1517 0
1517:1516 1942 0
1518:1307 0
1519:1270 1272 1307 0
1520:1270 1307 0
1521:1431 1522 0
1522:1521 1523 0
1523:1522 1691 1714 0
1524:478 0
1525:1191 1693 1759 0
1526:1527 1528 1529 1530 0
1527:1526 1574 0
1528:1526 1756 0
1529:1379 1526 1605 0
1530:1526 2037 2059 2072 2073 0
1531:1485 1532 1533 1534 1535 0
1532:1531 1778 0
1533:1531 1906 1908 2016 2074 0
1534:1531 2014 0
1535:1182 1531 0
1536:1220 1225 1579 0
1537:893 1423 0
1538:1391 1551 0
1539:1226 1242 1478 1551 1758 0
1540:0
1541:0
1542:1591 1786 0
1543:1849 0
1544:2021 0
1545:2070 0
1546:0
1547:1592 0
1548:1264 0
1549:1278 2028 2091 2092 0
1550:829 903 904 1243 0
1551:1221 1538 1539 0
1552:1484 1553 0
1553:1552 1561 1563 1564 0
1554:1482 0
1555:1556 1557 1558 1559 0
1556:1555 1560 0
1557:1555 1692 0
1558:1555 1740 0
1559:1555 1913 0
1560:1300 1556 0
1561:1553 1562 0
1562:1561 1643 1647 0
1563:1358 1439 1553 1564 0
1564:1553 1563 0
1565:1436 1645 0
1566:1365 1635 1636 0
1567:1365 1366 2105 2106 0
1568:1365 2107 2108 0
1569:1325 1365 1890 0
1570:1344 1347 1748 0
1571:1280 1344 0
1572:1189 1196 1452 0
1573:1429 1489 0
1574:1527 1756 0
1575:481 1417 0
1576:1297 1586 0
1577:1434 1578 0
1578:1239 1577 1630 1631 1633 0
1579:1221 1536 1758 0
1580:512 1258 1492 1503 0
1581:1503 1638 1649 0
1582:1583 1584 1585 0
1583:1582 1913 0
1584:1486 1582 0
1585:1582 1767 0
1586:1576 2131 0
1587:893 1243 0
1588:893 1718 0
1589:1424 0
1590:1591 0
1591:1542 1590 0
1592:1547 0
1593:1303 0
1594:1171 1595 1596 1597 1598 0
1595:1162 1169 1594 1771 0
1596:1168 1371 1594 1824 1825 0
1597:1594 1968 2077 2083 2138 2139 0
1598:1594 2253 0
1599:1171 1185 1304 1745 0
1600:1601 0
1601:1600 1602 0
1602:1149 1601 0
1603:1604 1605 1606 1607 1608 1609 0
1604:1379 1603 0
1605:1529 1603 0
1606:1603 1909 0
1607:1603 1609 1940 0
1608:1603 1996 0
1609:1603 1607 1996 2183 0
1610:1342 1357 1652 1653 0
1611:1269 1411 1441 1615 1616 0
1612:1269 1441 1444 1613 0
1613:1269 1612 1816 1817 1818 0
1614:1274 2258 0
1615:1331 1611 0
1616:1409 1411 1611 0
1617:1181 1185 0
1618:1181 1840 1859 1860 0
1619:1181 1916 2039 2080 2144 0
1620:1406 1621 0
1621:1620 1948 0
1622:1406 1669 1748 0
1623:1386 1430 1624 1625 0
1624:1623 1760 1861 0
1625:1623 0
1626:1256 1847 0
1627:1167 1628 1629 0
1628:1162 1627 1831 0
1629:1627 1648 1973 0
1630:1578 0
1631:1578 1632 0
1632:1631 2148 0
1633:1578 2164 0
1634:1505 1770 0
1635:1566 2064 0
1636:1325 1566 1890 0
1637:1638 0
1638:1197 1581 1637 0
1639:512 1640 1641 1642 0
1640:1502 1639 0
1641:1496 1639 1761 0
1642:1496 1639 0
1643:1439 1562 1644 1645 1646 1647 0
1644:1474 1643 0
1645:1565 1643 1647 0
1646:1439 1643 0
1647:1562 1643 1645 0
1648:1167 1629 1965 2047 0
1649:1581 0
1650:1197 0
1651:1197 1687 1787 0
1652:1610 2150 0
1653:1176 1610 2220 0
1654:1357 2904 2905 0
1655:1660 0
1656:1466 1668 0
1657:1777 0
1658:1411 1466 0
1659:2254 0
1660:1401 1454 1655 0
1661:1230 1250 0
1662:1230 0
1663:1230 1664 1798 0
1664:1230 1663 2248 2249 0
1665:1185 1283 0
1666:1182 1667 0
1667:1666 2056 2058 0
1668:1656 1943 2153 0
1669:1280 1298 1416 1622 0
1670:1298 1900 0
1671:1672 0
1672:1377 1380 1671 0
1673:1674 1675 0
1674:1673 1760 1793 0
1675:1673 1773 0
1676:1429 1677 1678 1679 0
1677:1429 1676 1772 0
1678:1676 1775 1776 0
1679:1676 1776 2102 0
1680:1299 1304 0
1681:1299 1371 1745 0
1682:1299 1955 1977 2075 0
1683:1299 1955 2076 2105 0
1684:1685 1686 0
1685:1427 1684 0
1686:1684 1914 0
1687:1198 1651 0
1688:0
1689:1797 0
1690:1781 0
1691:1263 1523 1692 1693 0
1692:1557 1691 0
1693:1525 1691 0
1694:1326 1738 0
1695:1449 1759 0
1696:1765 0
1697:1752 1843 0
1698:1764 1845 0
1699:1408 1409 0
1700:1701 0
1701:1700 1702 1703 0
1702:1701 1998 0
1703:1701 1999 0
1704:1279 1958 2157 0
1705:1401 1706 1707 0
1706:1705 1708 0
1707:1329 1331 1705 0
1708:1330 1706 0
1709:1258 1502 1710 1711 1712 0
1710:1506 1709 0
1711:1709 1847 0
1712:1709 0
1713:1378 0
1714:1523 1843 0
1715:1250 1330 1716 0
1716:1715 2160 2161 2162 0
1717:1239 0
1718:1239 1588 0
1719:1409 2061 0
1720:1470 1721 0
1721:1720 1828 0
1722:1509 2104 0
1723:1509 1941 0
1724:1509 2215 0
1725:1379 1726 1727 1728 1729 0
1726:1308 1725 1732 0
1727:1725 1729 0
1728:1725 1868 2068 0
1729:1725 1727 1909 2037 0
1730:1172 1379 0
1731:1379 1451 0
1732:1309 1726 0
1733:1304 1325 0
1734:1262 1735 0
1735:1734 1760 1854 1855 0
1736:1219 1757 0
1737:1155 1219 1228 1749 1757 0
1738:1694 1739 1740 0
1739:1738 2178 0
1740:1558 1738 0
1741:1172 1309 0
1742:1145 1172 0
1743:1172 0
1744:1172 0
1745:1371 1599 1681 0
1746:1747 0
1747:1280 1746 0
1748:1570 1622 1754 0
1749:1259 1346 1737 1750 1751 0
1750:1345 1749 0
1751:1257 1749 0
1752:1189 1697 1753 0
1753:1752 2166 2174 0
1754:1748 1755 0
1755:1754 1762 0
1756:1528 1574 2175 0
1757:1736 1737 0
1758:1539 1579 0
1759:1525 1695 1760 0
1760:1624 1674 1735 1759 1794 0
1761:1641 0
1762:1755 1763 0
1763:1762 0
1764:1698 0
1765:1696 0
1766:1414 1454 0
1767:1585 1768 1769 0
1768:1206 1767 0
1769:1767 2202 0
1770:1634 1822 0
1771:1595 1885 2109 0
1772:1677 0
1773:1449 1675 0
1774:1368 0
1775:1368 1387 1678 1776 0
1776:1678 1679 1775 0
1777:1368 1657 0
1778:1532 1945 2093 0
1779:1160 1801 1802 1803 0
1780:1160 2155 0
1781:1162 1690 0
1782:1162 2139 0
1783:1280 0
1784:497 2125 0
1785:1157 1240 0
1786:1542 1787 1788 0
1787:1651 1786 0
1788:1786 0
1789:1388 1872 1879 1939 1947 2184 0
1790:1791 1792 0
1791:1790 2142 0
1792:1790 2164 0
1793:1450 1674 0
1794:1760 0
1795:1283 1840 0
1796:1283 1871 0
1797:1283 1689 0
1798:1211 1663 0
1799:1371 1963 2045 0
1800:1371 1957 2045 2216 0
1801:1323 1779 0
1802:1324 1779 0
1803:1779 1953 1954 0
1804:1380 2158 0
1805:2227 0
1806:2224 0
1807:2217 0
1808:2161 0
1809:2218 0
1810:2227 0
1811:2233 0
1812:2232 0
1813:1330 1398 0
1814:1330 1399 0
1815:1331 2193 2194 2195 2196 2197 2198 0
1816:1613 0
1817:1613 0
1818:1271 1613 0
1819:1460 2122 0
1820:1460 1462 1983 2035 0
1821:1308 1460 0
1822:1471 1770 0
1823:1270 1308 0
1824:1596 2170 2240 0
1825:1596 2169 2190 0
1826:1410 2173 0
1827:1386 0
1828:1386 1721 0
1829:1221 0
1830:1831 0
1831:1628 1830 0
1832:1414 1983 2022 2172 2238 0
1833:1293 1392 0
1834:1392 1869 2129 2130 0
1835:1392 0
1836:1362 1837 1838 1839 0
1837:1836 1910 0
1838:1355 1836 0
1839:1836 2084 0
1840:1618 1795 1841 0
1841:1840 0
1842:1234 2205 2211 0
1843:1697 1714 2165 2166 2189 2210 0
1844:1189 0
1845:1189 1698 0
1846:1189 2257 0
1847:1626 1711 0
1848:1206 0
1849:1497 1543 1850 0
1850:1849 1852 2089 2200 0
1851:1426 1493 1853 0
1852:1493 1850 2043 2154 2171 0
1853:1851 0
1854:1735 0
1855:1735 2181 0
1856:1490 0
1857:1490 1858 0
1858:1857 1941 0
1859:1618 2180 0
1860:1618 2082 2151 2207 0
1861:1624 2181 0
1862:1200 1486 0
1863:1265 1486 0
1864:1486 2081 0
1865:1486 2202 0
1866:1270 0
1867:1142 1144 2019 2020 0
1868:1142 1728 0
1869:1321 1834 0
1870:1871 1872 0
1871:1796 1870 1878 1879 1880 1881 1882 0
1872:1789 1870 0
1873:1874 1875 0
1874:1873 1916 1921 0
1875:1873 2034 0
1876:1174 1877 0
1877:1876 0
1878:1871 0
1879:1789 1871 0
1880:1871 2027 0
1881:1871 2111 0
1882:1871 2091 0
1883:1884 1885 0
1884:1883 2030 2112 2141 0
1885:1771 1883 0
1886:1389 1887 0
1887:1886 0
1888:1889 1890 0
1889:1888 2002 0
1890:1569 1636 1888 2031 0
1891:1952 2032 2033 2034 0
1892:1916 2053 0
1893:0
1894:1915 0
1895:2052 2133 0
1896:2051 0
1897:0
1898:2235 0
1899:1900 1901 0
1900:1670 1899 0
1901:1899 2006 0
1902:1903 1904 0
1903:1902 2095 0
1904:1902 2035 0
1905:1203 1979 0
1906:1533 1907 1908 0
1907:1906 2094 0
1908:1533 1906 0
1909:1606 1729 0
1910:1837 1938 0
1911:1170 0
1912:1170 0
1913:1559 1583 0
1914:1207 1686 0
1915:1894 1916 0
1916:1619 1874 1892 1915 2050 2071 0
1917:1281 1919 1920 0
1918:1281 2184 0
1919:1917 1958 1991 0
1920:1917 1991 0
1921:1874 2192 0
1922:1923 1924 0
1923:1922 1971 0
1924:1922 2208 2209 0
1925:1313 0
1926:1314 1927 0
1927:1926 0
1928:1929 1930 1931 0
1929:1928 1930 2075 0
1930:1928 1929 0
1931:1928 2127 0
1932:1332 1937 1942 0
1933:1332 1935 1936 0
1934:1332 1935 0
1935:1332 1933 1934 1937 0
1936:1332 1933 1942 0
1937:1332 1932 1935 0
1938:1910 1939 0
1939:1789 1938 2046 0
1940:1607 1996 2073 0
1941:1723 1858 0
1942:1517 1932 1936 1943 0
1943:1668 1942 2153 0
1944:1945 1946 0
1945:1778 1944 2101 0
1946:1944 2101 0
1947:1389 1789 0
1948:1621 1949 0
1949:1948 0
1950:1951 1952 0
1951:1950 2136 0
1952:1891 1950 2177 2208 0
1953:1803 0
1954:1322 1803 0
1955:1682 1683 1956 1957 0
1956:1955 1958 1959 0
1957:1800 1955 1963 0
1958:1704 1919 1956 0
1959:1956 2204 0
1960:1961 1962 1963 0
1961:1960 2113 2191 0
1962:1960 2109 2240 0
1963:1799 1957 1960 2191 2216 0
1964:1965 1966 1967 0
1965:1648 1964 0
1966:1964 1972 0
1967:1964 2003 0
1968:1363 1597 2017 0
1969:1363 1970 2044 0
1970:1363 1969 0
1971:1923 0
1972:1966 1973 0
1973:1629 1972 0
1974:1975 1976 0
1975:1161 1974 0
1976:1974 0
1977:1366 1682 0
1978:1366 2105 0
1979:1905 1980 1981 0
1980:1979 1982 0
1981:1979 1997 0
1982:1980 2128 2149 0
1983:1820 1832 1984 0
1984:1983 2022 2035 0
1985:1175 2041 0
1986:1143 1987 0
1987:1986 2068 0
1988:1383 1989 0
1989:1383 1988 0
1990:1382 2128 0
1991:1389 1919 1920 1993 1994 0
1992:1389 2077 0
1993:1991 2018 2044 2046 0
1994:1991 2212 0
1995:1150 1480 0
1996:1608 1609 1940 0
1997:1981 2047 0
1998:1151 1702 0
1999:1235 1703 0
2000:2001 2002 2003 0
2001:2000 2141 0
2002:1889 2000 0
2003:1967 2000 2139 0
2004:2005 2006 0
2005:1292 2004 0
2006:1901 2004 2085 0
2007:2008 2009 0
2008:2007 2010 2115 0
2009:1266 2007 0
2010:2008 0
2011:1433 2012 0
2012:2011 0
2013:2014 2015 0
2014:1534 2013 0
2015:2013 2016 0
2016:1533 2015 0
2017:1968 2018 0
2018:1993 2017 2168 0
2019:1867 0
2020:1867 2128 0
2021:1544 0
2022:1462 1832 1984 0
2023:1462 0
2024:1447 2025 0
2025:1236 2024 0
2026:2027 2028 0
2027:1880 2026 2087 2088 2147 0
2028:1549 2026 0
2029:2030 2031 0
2030:1884 2029 0
2031:1890 2029 0
2032:1891 2118 2121 0
2033:1891 2054 0
2034:1875 1891 2049 0
2035:1820 1904 1984 0
2036:2037 0
2037:1530 1729 2036 2038 2059 0
2038:2037 0
2039:1619 2040 0
2040:2039 2136 0
2041:1405 1985 0
2042:1498 2043 0
2043:1852 2042 2154 0
2044:1969 1993 2045 0
2045:1799 1800 2044 0
2046:1939 1993 0
2047:1648 1997 2100 0
2048:2049 2050 0
2049:2034 2048 0
2050:1916 2048 0
2051:1896 2052 0
2052:1895 2051 0
2053:1892 2054 0
2054:2033 2053 2126 0
2055:2056 2057 0
2056:1667 2055 0
2057:2055 0
2058:1667 0
2059:1530 2037 0
2060:2061 0
2061:1719 2060 0
2062:1263 2063 0
2063:2062 2179 0
2064:1635 2065 0
2065:2064 2112 2113 2114 0
2066:1513 2067 0
2067:2066 0
2068:1728 1987 0
2069:2070 0
2070:1545 2069 0
2071:1916 2137 0
2072:1530 0
2073:1530 1940 0
2074:1533 2097 0
2075:1682 1929 2076 0
2076:1683 2075 0
2077:1597 1992 2167 0
2078:2079 2080 0
2079:2078 2152 0
2080:1619 2078 0
2081:1864 0
2082:1860 0
2083:1597 2084 0
2084:1839 2083 0
2085:2006 2140 0
2086:2087 2088 0
2087:2027 2086 0
2088:2027 2086 0
2089:1850 2090 0
2090:2089 2156 0
2091:1549 1882 0
2092:1549 0
2093:1778 2094 0
2094:1907 2093 0
2095:1903 2122 0
2096:1264 2163 0
2097:2074 2116 0
2098:2099 2100 0
2099:2098 2110 2199 0
2100:2047 2098 0
2101:1945 1946 0
2102:1285 1679 0
2103:1393 0
2104:1445 1722 0
2105:1567 1683 1978 2190 2191 0
2106:1567 2107 2182 0
2107:1568 2106 2127 0
2108:1568 2114 2182 0
2109:1771 1962 2110 0
2110:2099 2109 0
2111:1881 2137 0
2112:1884 2065 0
2113:1961 2065 0
2114:2065 2108 0
2115:2008 0
2116:2097 2143 0
2117:2118 2119 2120 0
2118:2032 2117 0
2119:2117 2120 2145 2146 0
2120:2117 2119 2214 0
2121:2032 2243 2246 0
2122:1819 2095 2123 2124 0
2123:2122 0
2124:2122 2251 0
2125:1427 1784 2171 0
2126:2054 2134 0
2127:1931 2107 0
2128:1982 1990 2020 0
2129:1834 2130 0
2130:1834 2129 0
2131:1586 0
2132:2133 0
2133:1895 2132 0
2134:2126 2135 0
2135:2134 2144 2192 0
2136:1951 2040 2177 0
2137:2071 2111 0
2138:1597 0
2139:1597 1782 2003 2199 0
2140:2085 0
2141:1884 2001 0
2142:1156 1791 0
2143:2116 2180 0
2144:1619 2135 0
2145:2119 0
2146:2119 0
2147:1515 2027 0
2148:1632 2159 0
2149:1982 0
2150:1652 0
2151:1860 2152 0
2152:2079 2151 0
2153:1668 1943 0
2154:1852 2043 2171 0
2155:1780 0
2156:2090 2200 0
2157:1704 2236 0
2158:1804 0
2159:1318 2148 0
2160:1716 2224 0
2161:1716 1808 0
2162:1716 2224 0
2163:2096 0
2164:1351 1633 1792 2185 2186 0
2165:1843 2166 0
2166:1753 1843 2165 0
2167:2077 2222 2239 0
2168:2018 2169 2170 0
2169:1825 2168 0
2170:1824 2168 0
2171:1852 2125 2154 0
2172:1832 2173 0
2173:1826 2172 2238 2241 0
2174:1753 2189 0
2175:1756 2176 0
2176:2175 2187 0
2177:1952 2136 0
2178:1739 2210 0
2179:2063 0
2180:1859 2143 2207 0
2181:1855 1861 2188 0
2182:2106 2108 0
2183:1609 2251 0
2184:1789 1918 0
2185:1319 2164 0
2186:2164 0
2187:2176 0
2188:2181 0
2189:1843 2174 0
2190:1825 2105 2216 0
2191:1961 1963 2105 0
2192:1921 2135 0
2193:1815 2219 0
2194:1288 1815 2195 2228 0
2195:1815 2194 2223 0
2196:1815 2230 0
2197:1815 2223 0
2198:1815 2223 0
2199:2099 2139 0
2200:1850 2156 2201 0
2201:2200 0
2202:1769 1865 0
2203:1421 0
2204:1959 2237 2239 0
2205:1842 2206 0
2206:2205 0
2207:1860 2180 2250 0
2208:1924 1952 0
2209:1924 2246 0
2210:1843 2178 0
2211:1842 0
2212:1994 2236 0
2213:1237 0
2214:2120 0
2215:1724 0
2216:1800 1963 2190 0
2217:1807 2218 0
2218:1287 1809 2217 2231 0
2219:2193 2229 2230 0
2220:1653 2221 0
2221:2220 0
2222:2167 0
2223:2195 2197 2198 0
2224:1806 2160 2162 2227 0
2225:1252 0
2226:1252 0
2227:1805 1810 2224 0
2228:2194 2229 2230 0
2229:2219 2228 2231 0
2230:2196 2219 2228 0
2231:2218 2229 0
2232:1812 2233 0
2233:1811 2232 0
2234:1247 1253 2247 0
2235:1898 0
2236:2157 2212 2237 0
2237:2204 2236 2242 0
2238:1832 2173 0
2239:2167 2204 0
2240:1824 1962 0
2241:2173 0
2242:2237 0
2243:2121 0
2244:1254 0
2245:1254 0
2246:2121 2209 0
2247:2234 0
2248:1664 0
2249:1664 0
2250:2207 0
2251:2124 2183 0
2252:1458 0
2253:1598 0
2254:1659 0
2255:2256 2257 0
2256:2255 2258 0
2257:1846 2255 0
2258:1614 2256 0
2259:2260 2261 0
2260:2259 2269 0
2261:2259 2269 0
2262:0
2263:2264 2265 0
2264:2263 2285 2286 0
2265:2263 2466 0
2266:2267 2268 0
2267:2266 2342 0
2268:2266 2476 0
2269:456 2260 2261 0
2270:2271 2272 0
2271:2270 2328 2471 0
2272:2270 2384 4803 4818 0
2273:2274 2275 0
2274:463 2273 2315 2449 0
2275:2273 2344 0
2276:2277 2278 0
2277:2276 2316 2342 0
2278:2276 2344 2415 2468 0
2279:2280 2281 0
2280:2279 2416 0
2281:2279 2283 0
2282:2283 2284 0
2283:2281 2282 2366 0
2284:463 2282 0
2285:2264 2286 2287 2288 0
2286:2264 2285 2287 2403 2423 2435 0
2287:2285 2286 2288 0
2288:2285 2287 2467 2472 2473 0
2289:2290 0
2290:452 2289 2292 0
2291:452 2292 2293 2294 2295 2296 2297 2298 2299 0
2292:452 2290 2291 2300 2301 2302 0
2293:2291 2299 0
2294:2291 0
2295:2291 2299 0
2296:2291 2298 2459 0
2297:2291 2459 0
2298:2291 2296 0
2299:2291 2293 2295 2414 2432 0
2300:2292 2301 2305 0
2301:457 2292 2300 2307 2405 2436 2437 2438 2439 0
2302:2292 2464 2465 0
2303:452 603 2304 2322 2323 2324 2325 2326 0
2304:452 2303 2324 2325 0
2305:2300 2446 0
2306:2307 2308 0
2307:2301 2306 2313 0
2308:2306 2449 0
2309:2310 0
2310:2309 2314 0
2311:2312 2313 0
2312:2311 2315 0
2313:2307 2311 0
2314:2310 2321 0
2315:2274 2312 2380 0
2316:463 2277 2416 0
2317:2318 2319 2320 0
2318:2317 2343 0
2319:2317 2407 0
2320:2317 2474 2475 2476 2477 2478 2479 0
2321:2314 2460 0
2322:2303 2323 2376 2377 2378 2379 0
2323:2303 2322 2326 2424 2425 2426 0
2324:2303 2304 2352 0
2325:2303 2304 2372 2443 0
2326:2303 2323 2331 0
2327:2328 0
2328:2271 2327 2329 2330 2331 0
2329:2328 0
2330:2328 2348 0
2331:2326 2328 2402 2403 2419 0
2332:2333 2334 0
2333:2332 2382 2413 2414 0
2334:2332 0
2335:2336 2337 0
2336:2335 2345 2440 2441 0
2337:2335 2436 0
2338:2339 2340 2341 0
2339:2338 2342 2343 2344 0
2340:2338 2359 4471 0
2341:2338 2360 0
2342:2267 2277 2339 2357 2361 2362 2363 2364 2365 0
2343:2318 2339 0
2344:2275 2278 2339 2458 0
2345:2336 2346 0
2346:2345 2406 2446 0
2347:2348 2349 0
2348:2330 2347 0
2349:2347 2481 0
2350:2351 2352 2353 0
2351:2350 2352 2433 0
2352:2324 2350 2351 2444 2445 2450 2457 0
2353:2350 2372 0
2354:2355 2356 0
2355:2354 2373 0
2356:2354 2431 2463 0
2357:2342 2358 2359 2360 0
2358:2357 0
2359:2340 2357 4611 0
2360:2341 2357 0
2361:2342 0
2362:2342 0
2363:2342 2366 0
2364:2342 2365 4495 4670 0
2365:2342 2364 2475 4486 4609 4694 0
2366:2283 2363 0
2367:2368 2369 0
2368:2367 2410 0
2369:2367 2463 0
2370:2371 2372 0
2371:2370 2402 0
2372:2325 2353 2370 2435 2443 2444 2445 0
2373:2355 2421 2431 0
2374:2375 0
2375:2374 2398 2427 2428 0
2376:2322 0
2377:2322 0
2378:2322 0
2379:603 950 2322 2453 0
2380:2315 2383 0
2381:2382 0
2382:2333 2381 0
2383:2380 2384 0
2384:2272 2383 4841 0
2385:839 2386 0
2386:2385 2395 0
2387:2388 2389 2390 2391 2392 0
2388:2387 2393 2394 0
2389:2387 0
2390:2387 0
2391:2387 2392 0
2392:2387 2391 0
2393:2388 0
2394:2388 2433 0
2395:2386 2415 0
2396:2397 0
2397:2396 2398 0
2398:2375 2397 2399 0
2399:2398 2429 2430 0
2400:2401 2402 2403 0
2401:2400 0
2402:2331 2371 2400 2419 0
2403:2286 2331 2400 0
2404:2405 2406 0
2405:2301 2404 0
2406:2346 2404 2440 0
2407:839 2319 0
2408:2409 0
2409:464 2408 0
2410:2368 2422 2447 2448 0
2411:2430 0
2412:2448 0
2413:2333 2414 0
2414:457 2299 2333 2413 2470 0
2415:2278 2395 0
2416:2280 2316 0
2417:2418 0
2418:2417 0
2419:2331 2402 0
2420:2421 2422 0
2421:2373 2420 0
2422:2410 2420 0
2423:2286 0
2424:2323 0
2425:2323 0
2426:142 2323 0
2427:2375 2428 0
2428:2375 2427 0
2429:2399 0
2430:883 2399 2411 0
2431:2356 2373 0
2432:436 2299 0
2433:2351 2394 0
2434:603 4496 4818 0
2435:2286 2372 0
2436:2301 2337 0
2437:2301 0
2438:2301 0
2439:2301 0
2440:2336 2406 0
2441:2336 2446 0
2442:2443 0
2443:2325 2372 2442 0
2444:2352 2372 0
2445:2352 2372 0
2446:2305 2346 2441 0
2447:2410 0
2448:2410 2412 2463 0
2449:2274 2308 0
2450:2352 2451 0
2451:2450 0
2452:2453 2454 0
2453:2379 2452 2455 2460 2461 0
2454:2452 0
2455:2453 2456 0
2456:602 2455 0
2457:2352 0
2458:2344 4699 0
2459:2296 2297 0
2460:2321 2453 0
2461:2453 2462 0
2462:2461 4840 4842 4844 0
2463:2356 2369 2448 0
2464:2302 0
2465:2302 0
2466:2265 0
2467:2288 0
2468:2278 4506 4529 4555 4717 0
2469:2470 0
2470:457 2414 2469 0
2471:2271 4818 0
2472:2288 0
2473:2288 0
2474:2320 0
2475:2320 2365 4641 4642 0
2476:2268 2320 0
2477:2320 2479 4641 4715 4716 0
2478:2320 4767 4768 4770 0
2479:2320 2477 4767 0
2480:839 4680 4729 4730 0
2481:2349 0
2482:2483 2484 0
2483:2482 4524 4525 4526 4527 0
2484:2482 4656 0
2485:2486 0
2486:2485 2487 2488 0
2487:2486 2585 2591 2594 2595 2596 0
2488:2486 2594 2596 2628 2714 2726 2729 0
2489:553 2573 2649 2650 2651 2652 2653 0
2490:553 2681 2980 2981 2982 2983 0
2491:2492 2493 0
2492:2491 2664 3087 0
2493:2491 2520 3088 0
2494:2495 2496 0
2495:2494 2542 2656 2660 2661 2662 0
2496:2494 2984 2985 0
2497:2498 0
2498:2497 2562 2796 2797 2798 2799 2800 2801 0
2499:2500 0
2500:2499 2682 2722 2723 2730 2731 2768 2906 0
2501:2502 2503 0
2502:2501 2504 0
2503:2501 0
2504:2502 2598 2902 0
2505:2506 2507 0
2506:2505 2884 0
2507:2505 0
2508:2523 0
2509:2618 2619 0
2510:2741 0
2511:2620 2621 2881 2899 0
2512:2619 2933 0
2513:2938 0
2514:2939 0
2515:3001 0
2516:3054 0
2517:2772 0
2518:2710 3057 0
2519:2520 2521 2522 0
2520:2493 2519 2663 2664 2665 2666 0
2521:2519 2710 2952 0
2522:2519 2721 2731 3005 3006 0
2523:2508 2888 3013 0
2524:0
2525:0
2526:2564 2565 0
2527:2751 2752 2753 0
2528:2616 2757 2887 2907 2908 2909 0
2529:2949 2950 0
2530:2830 0
2531:2616 0
2532:0
2533:0
2534:3216 0
2535:2600 3276 0
2536:2537 2538 0
2537:126 2536 4224 4225 0
2538:2536 4200 4247 0
2539:2540 0
2540:2539 2541 2542 2543 2544 0
2541:2540 0
2542:2495 2540 2556 2732 2733 0
2543:2540 2716 2928 2929 0
2544:2540 2556 2621 2716 2940 2941 0
2545:2546 2547 2548 2549 2550 0
2546:2545 0
2547:2545 2551 3023 0
2548:2545 0
2549:2545 2550 2552 2915 0
2550:2545 2549 0
2551:2547 2552 2553 0
2552:2549 2551 2577 2702 2703 2914 2915 0
2553:2551 0
2554:2555 2556 2557 0
2555:2554 2630 2632 2673 2698 2699 2700 0
2556:2542 2544 2554 2627 2629 2835 2836 0
2557:2554 0
2558:1475 2559 2585 2586 2587 2588 0
2559:1475 2558 3059 0
2560:1475 2561 3059 3136 3160 0
2561:1475 2560 2588 3082 3132 0
2562:2498 2563 0
2563:2562 2752 0
2564:2526 3026 3027 3028 3029 3030 0
2565:2526 2930 3325 0
2566:2567 2568 2569 2570 0
2567:2566 0
2568:2566 2570 2656 2657 2879 2880 0
2569:2566 0
2570:2566 2568 0
2571:2572 2573 2574 0
2572:2571 2688 2748 2778 2812 0
2573:2489 2571 2613 2614 2676 2778 2838 2839 2840 0
2574:2571 3041 3042 3043 3044 0
2575:2576 0
2576:2575 2577 2578 0
2577:2552 2576 2837 0
2578:2576 3048 3049 3050 3051 3052 3053 0
2579:2580 2581 2582 2583 0
2580:2579 2584 3055 0
2581:2579 2583 3074 3077 3078 3079 0
2582:2579 3074 3300 0
2583:2579 2581 0
2584:2580 2585 0
2585:2487 2558 2584 2589 2590 2591 2592 2593 0
2586:2558 0
2587:2558 3007 3008 3280 0
2588:2558 2561 3008 0
2589:2585 2655 0
2590:2585 0
2591:2487 2585 2853 2856 2862 2903 2904 0
2592:2585 2848 3017 0
2593:2585 3046 3047 3058 3059 0
2594:1359 2487 2488 2628 0
2595:2487 2628 2639 0
2596:2487 2488 2910 0
2597:2598 0
2598:2504 2597 0
2599:2600 0
2600:2535 2599 2601 0
2601:2600 2917 2979 0
2602:554 2603 2604 2605 0
2603:554 2602 2651 2654 0
2604:2602 0
2605:2602 0
2606:2607 2608 2609 2610 0
2607:2606 2609 2610 0
2608:2606 3247 3248 3249 0
2609:2606 2607 2610 0
2610:2606 2607 2609 0
2611:0
2612:0
2613:2573 2614 2615 0
2614:2573 2613 2744 2745 2746 2747 0
2615:2613 0
2616:2528 2531 2617 0
2617:2616 2814 3027 0
2618:2509 0
2619:2509 2512 2924 0
2620:2511 2621 2622 0
2621:2511 2544 2620 2669 2672 2673 2674 2675 0
2622:2620 0
2623:2624 2625 2626 0
2624:2623 2627 2633 0
2625:2623 2627 2634 0
2626:2623 2698 2957 2960 2961 2962 0
2627:2556 2624 2625 2628 2629 2630 2631 0
2628:2488 2594 2595 2627 2632 0
2629:2556 2627 2643 0
2630:2555 2627 2813 0
2631:2627 0
2632:2555 2628 2701 0
2633:2624 2634 0
2634:2625 2633 0
2635:2636 2637 0
2636:2635 2637 2723 2724 2945 3061 3062 0
2637:2635 2636 3195 3196 3197 0
2638:2639 2640 2641 0
2639:2595 2638 2642 0
2640:2638 0
2641:2638 0
2642:2639 0
2643:2629 2948 0
2644:2645 2646 2647 2648 0
2645:2644 2705 2706 2707 2708 0
2646:2644 2736 3091 3094 3095 0
2647:2644 3031 3296 0
2648:2644 3032 3298 0
2649:2489 2666 2681 0
2650:2489 3097 3101 0
2651:2489 2603 3102 0
2652:2489 2666 2764 0
2653:2489 0
2654:554 2603 2746 2748 2749 2750 0
2655:2589 2951 0
2656:2495 2568 2657 2658 2659 0
2657:2568 2656 0
2658:2656 2659 0
2659:2656 2658 0
2660:2495 2784 2886 0
2661:2495 0
2662:2495 2912 0
2663:2520 2678 2679 2680 0
2664:2492 2520 2684 2686 0
2665:2520 2773 0
2666:2520 2649 2652 2676 2686 2763 2838 0
2667:2668 0
2668:2667 2770 0
2669:2621 2670 2671 0
2670:2669 2698 2955 2956 0
2671:2669 2957 2963 0
2672:2621 2881 3288 0
2673:2555 2621 3289 0
2674:2621 0
2675:2621 0
2676:2573 2666 2677 0
2677:2676 2721 2839 2976 2980 3062 3099 3121 0
2678:2663 0
2679:2663 0
2680:2663 0
2681:2490 2649 2980 3122 0
2682:2500 2683 2684 2685 0
2683:2682 3123 0
2684:2664 2682 3124 0
2685:2682 0
2686:2664 2666 2721 0
2687:2688 2689 2690 0
2688:2572 2687 2689 2777 2778 2779 2780 2781 0
2689:2687 2688 2779 2792 2793 2794 2795 0
2690:2687 0
2691:2692 2693 2694 2695 2696 2697 0
2692:2691 2693 2696 2754 2755 2756 2757 2758 0
2693:2691 2692 2696 2885 0
2694:2691 0
2695:2691 0
2696:2691 2692 2693 0
2697:2691 0
2698:2555 2626 2670 0
2699:2555 0
2700:2555 0
2701:2632 2740 2750 2917 2925 2926 0
2702:2552 2703 2704 0
2703:2552 2702 2922 0
2704:2702 0
2705:2645 2734 2735 2736 2737 2738 2739 0
2706:2645 2707 3133 3134 0
2707:2645 2706 3133 0
2708:2645 2734 3291 0
2709:2710 2711 2712 0
2710:2518 2521 2709 2937 0
2711:2709 0
2712:2709 0
2713:2714 0
2714:2488 2713 2715 0
2715:2714 0
2716:2543 2544 2717 2718 0
2717:2716 0
2718:2716 0
2719:2720 0
2720:2719 2929 0
2721:2522 2677 2686 2976 0
2722:2500 2723 0
2723:2500 2636 2722 2724 2725 0
2724:2636 2723 0
2725:2723 0
2726:2488 2727 2728 0
2727:2726 0
2728:2726 0
2729:2488 0
2730:2500 2731 0
2731:2500 2522 2730 2906 3005 3006 3281 0
2732:2542 2881 2954 0
2733:2542 0
2734:2705 2708 2878 0
2735:2705 2927 0
2736:2646 2705 3095 3154 0
2737:2705 3155 0
2738:2705 3301 0
2739:2705 3240 3304 0
2740:2701 0
2741:2510 2933 2993 3157 3158 3159 0
2742:2743 0
2743:2742 2901 2929 0
2744:2614 2911 0
2745:2614 2842 0
2746:2614 2654 3153 0
2747:2614 3121 3161 3162 3163 0
2748:2572 2654 2777 2806 2807 0
2749:2654 2750 2777 2905 2916 2917 2918 0
2750:2654 2701 2749 2762 0
2751:2527 2752 2753 3206 0
2752:2527 2563 2751 2753 0
2753:2527 2751 2752 3308 3309 3310 3328 0
2754:2692 2759 2760 2761 0
2755:2692 2756 2792 3040 0
2756:2692 2755 2757 2986 3230 0
2757:2528 2692 2756 2758 2821 2907 2908 2986 3230 0
2758:2692 2757 0
2759:2754 2909 0
2760:2754 2761 3080 0
2761:2754 2760 3080 0
2762:1359 2750 0
2763:2666 2765 2766 2769 2770 0
2764:2652 2767 0
2765:2763 3168 0
2766:2763 3169 0
2767:2764 0
2768:2500 0
2769:2763 2846 2847 0
2770:2668 2763 0
2771:2772 0
2772:2517 2771 2773 0
2773:2665 2772 2945 2946 0
2774:2775 2776 0
2775:2774 3098 3177 0
2776:2774 0
2777:2688 2748 2749 0
2778:2572 2573 2688 2808 2809 2810 2811 0
2779:2688 2689 0
2780:2688 0
2781:2688 0
2782:2783 0
2783:2782 2784 3093 0
2784:2660 2783 0
2785:2786 2790 3085 3086 0
2786:2785 2981 3086 3144 3167 3254 0
2787:3142 3146 3253 0
2788:0
2789:3098 3241 3322 3324 0
2790:2785 0
2791:554 644 4139 0
2792:2689 2755 2795 0
2793:2689 2816 2821 2826 0
2794:2689 0
2795:2689 2792 3226 0
2796:2498 0
2797:2498 0
2798:2498 3027 3192 0
2799:2498 3027 3193 0
2800:2498 3027 3194 0
2801:2498 0
2802:0
2803:0
2804:3098 0
2805:0
2806:2748 0
2807:2748 0
2808:2778 0
2809:2778 0
2810:2778 0
2811:2778 0
2812:2572 3185 3186 3187 3188 3189 3190 0
2813:2630 0
2814:2617 0
2815:2822 2824 2829 0
2816:2793 0
2817:2823 0
2818:3203 0
2819:3204 0
2820:3205 0
2821:2757 2793 2826 2887 2986 2987 0
2822:2815 3233 0
2823:2817 2934 3068 3069 0
2824:2815 0
2825:0
2826:2793 2821 0
2827:2829 0
2828:0
2829:2815 2827 3293 3294 0
2830:2530 3327 0
2831:2832 2833 2834 0
2832:2831 2834 2935 2936 0
2833:2831 2935 4132 4174 0
2834:2831 2832 4176 4197 4219 4223 4272 0
2835:2556 0
2836:2556 0
2837:2577 2892 3048 0
2838:2573 2666 0
2839:2573 2677 2840 2945 2980 3062 3099 3121 3207 0
2840:2573 2839 3224 0
2841:2842 2843 2844 2845 0
2842:2745 2841 2934 0
2843:2841 0
2844:2841 3214 0
2845:2841 3214 0
2846:2769 2989 0
2847:2769 0
2848:2592 2849 2850 2851 0
2849:2848 3164 0
2850:2848 3218 0
2851:2848 2853 3250 0
2852:2853 0
2853:2591 2851 2852 0
2854:2855 0
2855:2854 2856 0
2856:2591 2855 2857 0
2857:2856 3004 0
2858:2859 0
2859:2858 2903 3222 0
2860:2861 0
2861:2860 2862 0
2862:2591 2861 2863 0
2863:2862 2864 0
2864:2863 0
2865:2866 2867 2868 2869 2870 2871 0
2866:2865 2869 3036 3037 3038 0
2867:2865 0
2868:2865 0
2869:2865 2866 0
2870:2865 2871 0
2871:2865 2870 3329 0
2872:0
2873:2917 3089 0
2874:2917 3138 0
2875:0
2876:0
2877:0
2878:2734 3263 0
2879:2568 2880 0
2880:2568 2879 0
2881:2511 2672 2732 2882 2883 0
2882:2881 3283 0
2883:2881 0
2884:2506 0
2885:2693 0
2886:2660 0
2887:2528 2821 0
2888:2523 2889 2898 3014 0
2889:2888 2897 2898 0
2890:0
2891:2892 2893 2931 3073 0
2892:2837 2891 2893 2895 3211 3212 3213 0
2893:2891 2892 3073 0
2894:0
2895:2892 0
2896:0
2897:2889 0
2898:2888 2889 0
2899:2511 0
2900:2901 0
2901:2743 2900 2929 0
2902:2504 0
2903:2591 2859 3060 0
2904:1654 2591 3225 0
2905:1654 2749 2914 2916 0
2906:2500 2731 0
2907:2528 2757 3238 0
2908:2528 2757 3239 0
2909:2528 2759 0
2910:2596 0
2911:2744 0
2912:2662 2913 0
2913:2912 2939 0
2914:2552 2905 3255 0
2915:2549 2552 3064 0
2916:2749 2905 2932 0
2917:2601 2701 2749 2873 2874 2919 2920 0
2918:2749 3261 0
2919:2917 2995 3165 3256 3257 3258 3259 3260 0
2920:2917 2950 2977 3326 0
2921:2975 0
2922:2703 3262 0
2923:2924 0
2924:2619 2923 2953 0
2925:2701 2974 3331 0
2926:2701 2974 3332 0
2927:2735 3264 0
2928:2543 0
2929:2543 2720 2743 2901 0
2930:2565 3217 0
2931:2891 3265 0
2932:2916 3266 0
2933:2512 2741 3157 3198 0
2934:2823 2842 3068 3268 3269 0
2935:2832 2833 4136 4137 4139 4203 4255 4260 0
2936:2832 4340 0
2937:2710 3278 3279 0
2938:2513 3045 3270 0
2939:2514 2913 0
2940:2544 0
2941:2544 0
2942:2943 2944 0
2943:2942 3152 0
2944:2942 3022 3275 0
2945:2636 2773 2839 3121 3207 3274 0
2946:2773 3197 0
2947:2948 0
2948:2643 2947 0
2949:2529 0
2950:2529 2920 0
2951:2655 0
2952:2521 0
2953:2924 3228 0
2954:2732 0
2955:2670 2957 2958 2959 0
2956:2670 0
2957:2626 2671 2955 2964 2971 0
2958:2955 0
2959:2955 0
2960:2626 2964 2965 2966 2967 2968 2969 2970 0
2961:2626 0
2962:2626 0
2963:2671 0
2964:2957 2960 2972 2973 0
2965:2960 0
2966:2960 0
2967:2960 0
2968:2960 0
2969:2960 0
2970:2960 0
2971:2957 0
2972:2964 0
2973:2964 0
2974:2925 2926 0
2975:2921 0
2976:2677 2721 0
2977:2920 2978 0
2978:2977 0
2979:2601 0
2980:2490 2677 2681 2839 3097 3098 3099 3100 0
2981:2490 2786 2983 3144 3167 3170 0
2982:2490 0
2983:2490 2981 0
2984:2496 0
2985:2496 0
2986:2756 2757 2821 2987 2988 0
2987:2821 2986 2988 3039 3040 0
2988:2986 2987 0
2989:2846 0
2990:2991 2992 0
2991:2990 3290 0
2992:2990 3290 0
2993:2741 0
2994:0
2995:2919 2996 2997 3000 3165 3166 0
2996:2995 2997 2998 2999 3034 3166 0
2997:2995 2996 3000 3166 3251 0
2998:2996 2999 0
2999:2996 2998 0
3000:2995 2997 0
3001:2515 0
3002:556 0
3003:556 0
3004:2857 0
3005:2522 2731 3006 3284 3285 0
3006:2522 2731 3005 0
3007:2587 3008 3009 3010 3011 3012 0
3008:2587 2588 3007 3082 3125 0
3009:3007 3011 3078 3139 3140 0
3010:3007 3012 3082 3128 0
3011:3007 3009 0
3012:3007 3010 0
3013:2523 0
3014:2888 0
3015:3016 0
3016:3015 3184 3187 3188 3227 0
3017:2592 0
3018:3019 3020 0
3019:3018 3020 0
3020:3018 3019 3034 3035 0
3021:555 0
3022:555 2944 3273 0
3023:2547 3024 3025 0
3024:3023 3131 0
3025:3023 3129 3130 0
3026:2564 3030 0
3027:2564 2617 2798 2799 2800 3180 3181 3182 0
3028:2564 3029 0
3029:2564 3028 0
3030:2564 3026 0
3031:2647 0
3032:2648 0
3033:3034 0
3034:2996 3020 3033 3035 0
3035:3020 3034 0
3036:2866 3037 0
3037:2866 3036 0
3038:2866 0
3039:2987 3040 0
3040:2755 2987 3039 3330 0
3041:2574 0
3042:2574 0
3043:2574 0
3044:2574 0
3045:2938 0
3046:2593 3047 0
3047:2593 3046 3135 3136 3137 0
3048:2578 2837 3052 3208 3209 3210 0
3049:2578 0
3050:2578 3051 3053 0
3051:2578 3050 3053 0
3052:2578 3048 0
3053:2578 3050 3051 0
3054:2516 0
3055:2580 3056 0
3056:3055 0
3057:2518 0
3058:2593 3059 0
3059:2559 2560 2593 3058 0
3060:2903 0
3061:2636 3062 0
3062:2636 2677 2839 3061 3121 3176 0
3063:3064 3065 3066 3067 0
3064:2915 3063 3067 0
3065:3063 0
3066:3063 0
3067:3063 3064 0
3068:2823 2934 3069 3070 0
3069:2823 3068 0
3070:3068 0
3071:4041 0
3072:4039 0
3073:2891 2893 0
3074:2581 2582 3075 3076 3077 3078 3079 0
3075:3074 0
3076:3074 3079 0
3077:2581 3074 3078 3079 3094 0
3078:2581 3009 3074 3077 3140 3175 0
3079:2581 3074 3076 3077 3191 0
3080:2760 2761 0
3081:3082 3083 3084 0
3082:2561 3008 3010 3081 3083 3125 3132 0
3083:3081 3082 3286 3287 0
3084:3081 0
3085:2785 0
3086:2785 2786 0
3087:2492 0
3088:2493 0
3089:2873 0
3090:3091 0
3091:2646 3090 3094 0
3092:3093 0
3093:2783 3092 0
3094:2646 3077 3091 3096 0
3095:2646 2736 3154 0
3096:3094 0
3097:2650 2980 0
3098:2775 2789 2804 2980 3099 3100 3177 3241 0
3099:2677 2839 2980 3098 3100 3299 0
3100:2980 3098 3099 0
3101:2650 0
3102:2651 0
3103:3104 0
3104:3103 3313 0
3105:3106 0
3106:3105 3296 0
3107:3108 0
3108:3107 3315 0
3109:3110 0
3110:3109 3311 0
3111:3112 0
3112:3111 3315 0
3113:3114 0
3114:3113 3290 0
3115:3116 0
3116:3115 3298 0
3117:3118 0
3118:3117 3302 0
3119:3120 0
3120:3119 3312 0
3121:2677 2747 2839 2945 3062 3163 3207 0
3122:2681 0
3123:2683 0
3124:2684 0
3125:3008 3082 3126 0
3126:3125 0
3127:3128 0
3128:3010 3127 0
3129:3025 3130 0
3130:3025 3129 3131 0
3131:3024 3130 3156 3178 3179 0
3132:2561 3082 0
3133:2706 2707 0
3134:2706 0
3135:3047 0
3136:2560 3047 3137 3160 3267 0
3137:3047 3136 0
3138:2874 0
3139:3009 0
3140:3009 3078 3175 0
3141:3142 3143 0
3142:2787 3141 3144 3145 3146 3147 3148 0
3143:3141 0
3144:2786 2981 3142 3167 0
3145:3142 0
3146:2787 3142 0
3147:3142 0
3148:3142 0
3149:556 0
3150:556 0
3151:0
3152:2943 0
3153:2746 0
3154:2736 3095 0
3155:2737 0
3156:3131 0
3157:2741 2933 0
3158:2741 3159 0
3159:2741 3158 0
3160:2560 3136 3271 3272 0
3161:2747 0
3162:2747 0
3163:2747 3121 0
3164:2849 0
3165:2919 2995 0
3166:2995 2996 2997 0
3167:2786 2981 3144 0
3168:2765 0
3169:2766 0
3170:2981 0
3171:558 0
3172:559 0
3173:560 0
3174:557 0
3175:3078 3140 0
3176:3062 0
3177:2775 3098 0
3178:3131 0
3179:3131 0
3180:3027 3181 3182 0
3181:3027 3180 3182 0
3182:3027 3180 3181 0
3183:3187 3234 3236 0
3184:3016 3188 0
3185:2812 3186 0
3186:2812 3185 0
3187:2812 3016 3183 3321 0
3188:2812 3016 3184 3189 0
3189:2812 3188 0
3190:2812 0
3191:3079 0
3192:2798 0
3193:2799 0
3194:2800 0
3195:2637 3197 0
3196:2637 0
3197:2637 2946 3195 3320 0
3198:2933 0
3199:3200 0
3200:3199 3304 0
3201:3202 0
3202:3201 3303 0
3203:2818 0
3204:2819 0
3205:2820 0
3206:2751 0
3207:2839 2945 3121 0
3208:3048 3209 3210 0
3209:3048 3208 3210 0
3210:3048 3208 3209 3318 3319 0
3211:2892 3212 3213 0
3212:2892 3211 3213 3277 3306 3323 0
3213:2892 3211 3212 0
3214:2844 2845 3215 0
3215:3214 0
3216:2534 0
3217:2930 0
3218:2850 3219 3220 3221 0
3219:3218 3221 0
3220:3218 0
3221:3218 3219 0
3222:2859 3223 0
3223:3222 0
3224:2840 0
3225:2904 0
3226:2795 0
3227:3016 0
3228:2953 3229 0
3229:3228 0
3230:2756 2757 3237 0
3231:3232 0
3232:3231 3311 0
3233:2822 0
3234:3183 3235 3236 0
3235:3234 0
3236:3183 3234 3245 3246 0
3237:3230 0
3238:2907 0
3239:2908 0
3240:2739 0
3241:2789 3098 0
3242:3243 0
3243:3242 0
3244:0
3245:3236 0
3246:3236 0
3247:2608 0
3248:2608 0
3249:2608 4104 0
3250:2851 0
3251:2997 0
3252:561 0
3253:2787 0
3254:2786 0
3255:2914 0
3256:2919 3257 3259 0
3257:2919 3256 3259 0
3258:2919 3260 0
3259:2919 3256 3257 0
3260:2919 3258 0
3261:2918 0
3262:2922 0
3263:2878 0
3264:2927 0
3265:2931 0
3266:2932 0
3267:3136 0
3268:2934 0
3269:2934 0
3270:2938 0
3271:3160 3272 0
3272:3160 3271 0
3273:3022 0
3274:2945 0
3275:2944 0
3276:2535 0
3277:3212 0
3278:2937 3279 0
3279:2937 3278 0
3280:2587 0
3281:2731 0
3282:3283 0
3283:2882 3282 0
3284:3005 3285 0
3285:3005 3284 0
3286:3083 0
3287:3083 0
3288:2672 0
3289:2673 0
3290:2991 2992 3114 3303 0
3291:2708 3292 0
3292:3291 0
3293:2829 3294 0
3294:2829 3293 3307 3317 0
3295:3296 0
3296:2647 3106 3295 0
3297:3298 0
3298:2648 3116 3297 0
3299:3099 0
3300:2582 0
3301:2738 3302 3303 0
3302:3118 3301 3315 0
3303:3202 3290 3301 0
3304:2739 3200 3305 0
3305:3304 3312 3313 0
3306:3212 0
3307:3294 0
3308:2753 3309 3310 0
3309:2753 3308 3310 0
3310:2753 3308 3309 0
3311:3110 3232 3312 0
3312:3120 3305 3311 0
3313:3104 3305 3314 0
3314:3313 0
3315:3108 3112 3302 0
3316:3317 0
3317:3294 3316 0
3318:3210 3319 0
3319:3210 3318 0
3320:3197 0
3321:3187 0
3322:2789 0
3323:3212 0
3324:2789 0
3325:2565 0
3326:2920 0
3327:2830 0
3328:2753 0
3329:2871 0
3330:3040 0
3331:2925 0
3332:2926 0
3333:3334 3335 3336 0
3334:3333 3615 3617 3618 3621 3622 3623 0
3335:3333 3462 0
3336:3333 0
3337:3338 3339 3340 3341 0
3338:3337 3342 3343 0
3339:3337 3473 3474 0
3340:3337 0
3341:3337 3387 0
3342:3338 3354 3405 3407 0
3343:3338 4491 4616 0
3344:3345 3346 3347 3348 3349 0
3345:3344 3350 3351 3352 0
3346:3344 3452 0
3347:3344 3648 0
3348:3344 3470 3713 0
3349:3344 3760 3761 0
3350:3345 3352 3388 3392 3393 3394 3395 3396 0
3351:3345 3453 0
3352:3345 3350 3469 3472 0
3353:3354 3355 0
3354:3342 3353 3356 3357 3358 3359 0
3355:3353 3738 3740 0
3356:7 8 3354 3359 3459 3460 3461 3462 3463 0
3357:3354 0
3358:3354 0
3359:3354 3356 0
3360:3361 0
3361:3360 3362 3663 0
3362:3361 3363 3364 0
3363:3362 3448 0
3364:3362 3748 3803 0
3365:3366 3367 3368 0
3366:3365 0
3367:3365 3471 3782 0
3368:3365 3477 0
3369:0
3370:0
3371:0
3372:3373 0
3373:3372 3418 3628 3654 3679 0
3374:3375 3376 3377 3378 3379 3380 3381 0
3375:3374 3461 3494 3495 0
3376:3374 3635 0
3377:3374 0
3378:3374 0
3379:3374 3423 0
3380:3374 3462 3634 0
3381:3374 3419 0
3382:3383 3384 3385 3386 3387 0
3383:3382 0
3384:3382 3464 3589 0
3385:3382 3772 0
3386:3382 3465 3741 0
3387:3341 3382 3801 0
3388:3350 3389 3390 3391 0
3389:3388 3678 0
3390:3388 3675 3677 0
3391:3388 3471 3792 0
3392:3350 3536 0
3393:3350 0
3394:3350 0
3395:3350 0
3396:3350 3626 3651 0
3397:3398 0
3398:3397 3564 0
3399:3403 3439 3440 3441 0
3400:3401 3413 3475 3476 0
3401:3400 3457 3510 3511 3515 3516 3517 3518 0
3402:3460 3540 3542 0
3403:3399 0
3404:3447 3711 0
3405:3342 3406 0
3406:3405 3772 0
3407:3342 3447 0
3408:3409 3410 3411 0
3409:3408 3568 0
3410:11 3408 3597 0
3411:3408 3493 3595 3596 0
3412:3413 3414 3415 3416 3417 3418 0
3413:3400 3412 3419 3420 3421 3422 3423 0
3414:3412 0
3415:3412 3689 0
3416:3412 3688 3732 0
3417:3412 3726 0
3418:3373 3412 0
3419:3381 3413 3459 3519 3520 3521 3522 0
3420:3413 0
3421:3413 0
3422:3413 3516 0
3423:3379 3413 0
3424:3425 3426 0
3425:3424 3684 0
3426:3424 4829 4848 0
3427:3428 3429 3430 3431 3432 0
3428:3427 3599 3623 0
3429:3427 3625 3669 3700 3701 3703 3707 0
3430:3427 3491 0
3431:3427 3491 0
3432:3427 3615 0
3433:3434 3435 3436 3437 3438 0
3434:3433 3499 3519 3545 3546 0
3435:3433 3582 3737 0
3436:3433 0
3437:3433 0
3438:3433 3500 3779 0
3439:3399 3454 3457 3458 0
3440:3399 3515 0
3441:3399 3517 0
3442:3443 3444 3445 3446 0
3443:3442 3447 3448 0
3444:3442 3670 3672 0
3445:3442 3795 0
3446:3442 3468 3672 0
3447:3404 3407 3443 3464 3467 3468 0
3448:3363 3443 3497 3498 0
3449:3450 3451 0
3450:3449 3472 3486 3487 3490 0
3451:3449 3526 3527 3649 3720 0
3452:3346 3648 3763 0
3453:3351 3760 3761 3765 3766 0
3454:3439 3455 3456 0
3455:3454 3804 0
3456:3454 3580 3660 0
3457:3401 3439 0
3458:3439 3708 0
3459:3356 3419 3535 0
3460:3356 3402 0
3461:3356 3375 0
3462:3335 3356 3380 3708 0
3463:3356 3521 0
3464:3384 3447 3465 3466 0
3465:3386 3464 0
3466:3464 3646 3802 0
3467:3447 0
3468:3446 3447 4807 0
3469:3352 3470 3471 0
3470:3348 3469 0
3471:3367 3391 3469 3536 3538 3783 3785 0
3472:3352 3450 3489 3507 4501 0
3473:3339 3740 0
3474:3339 4598 0
3475:3400 0
3476:3400 4497 4499 4673 4692 0
3477:3368 3478 3479 3480 3481 0
3478:3477 3501 3508 0
3479:3477 3645 3646 0
3480:3477 3773 0
3481:3477 4816 0
3482:3483 0
3483:3482 3784 0
3484:3485 0
3485:3484 3791 0
3486:3450 0
3487:3450 3488 3489 0
3488:3487 3649 0
3489:3472 3487 3557 0
3490:3450 3626 0
3491:11 3430 3431 3492 3493 3494 3495 3496 0
3492:3491 0
3493:3411 3491 0
3494:3375 3491 0
3495:3375 3491 0
3496:3491 3630 0
3497:3448 3607 3608 0
3498:3448 4809 4833 4863 0
3499:3434 3500 0
3500:3438 3499 3594 0
3501:3478 3502 3503 3504 3505 3506 0
3502:3501 3507 0
3503:3501 3602 0
3504:3501 3604 3611 3793 0
3505:3501 3788 0
3506:3501 3800 0
3507:3472 3502 4831 0
3508:3478 3610 3753 0
3509:3510 3511 3512 3513 3514 0
3510:3401 3509 0
3511:3401 3509 0
3512:3509 0
3513:3509 3722 0
3514:3509 3722 0
3515:3401 3440 0
3516:3401 3422 0
3517:3401 3441 0
3518:3401 3733 0
3519:3419 3434 3547 0
3520:3419 3548 0
3521:3419 3463 3751 0
3522:3419 4524 4570 0
3523:3524 3525 3526 3527 0
3524:3523 3638 3639 0
3525:3523 3642 3651 3690 3691 0
3526:3451 3523 3719 0
3527:3451 3523 0
3528:0
3529:3571 3647 0
3530:3652 0
3531:3655 0
3532:3728 3762 0
3533:0
3534:0
3535:3459 0
3536:3392 3471 3537 3538 3539 0
3537:3536 3656 3768 0
3538:3471 3536 3783 3798 0
3539:3536 3798 0
3540:3402 3541 3542 3543 3544 0
3541:3540 0
3542:3402 3540 0
3543:3540 3767 3770 3794 0
3544:3540 3695 3771 0
3545:3434 0
3546:3434 3547 4651 4656 0
3547:3519 3546 3548 0
3548:3520 3547 3791 4486 4493 4494 0
3549:3550 3551 0
3550:3549 0
3551:3549 4519 4561 0
3552:3553 3554 0
3553:3552 3756 0
3554:3552 4577 4667 4668 4669 0
3555:3556 0
3556:3555 3557 3558 0
3557:3489 3556 0
3558:3556 3559 0
3559:3558 3644 0
3560:3561 3562 3563 3564 0
3561:3560 0
3562:3560 3650 3651 0
3563:3560 3643 0
3564:3398 3560 3712 0
3565:3566 0
3566:3565 3588 3747 4814 4820 4848 4859 4860 4861 0
3567:3568 0
3568:3409 3567 3569 3570 3631 3632 3647 0
3569:3568 0
3570:3568 0
3571:3529 0
3572:3573 0
3573:3572 3686 3687 0
3574:3575 3576 3577 0
3575:3574 0
3576:3574 0
3577:3574 4467 4497 0
3578:3579 0
3579:3578 3585 4834 4835 4836 0
3580:3456 0
3581:3582 0
3582:3435 3581 3757 0
3583:3584 0
3584:3583 3668 0
3585:3579 0
3586:3587 0
3587:3586 3661 3662 3663 0
3588:3566 0
3589:3384 0
3590:3591 0
3591:3590 3801 0
3592:3593 0
3593:3592 3647 0
3594:3500 0
3595:3411 0
3596:3411 0
3597:3410 0
3598:3599 3600 0
3599:3428 3598 3600 0
3600:6 3598 3599 3687 3695 0
3601:3602 3603 3604 0
3602:3503 3601 3605 3606 0
3603:3601 0
3604:3504 3601 3754 0
3605:3602 3753 0
3606:3602 3613 0
3607:3497 3608 0
3608:3497 3607 0
3609:3610 3611 0
3610:3508 3609 3673 3674 0
3611:3504 3609 0
3612:3613 0
3613:3606 3612 0
3614:3615 0
3615:3334 3432 3614 3616 3619 3620 0
3616:3615 0
3617:3334 0
3618:3334 0
3619:3615 3725 0
3620:3615 3804 0
3621:3334 3723 3724 0
3622:3334 0
3623:3334 3428 0
3624:3625 0
3625:3429 3624 0
3626:3396 3490 0
3627:3628 3629 0
3628:3373 3627 0
3629:3627 3722 0
3630:3496 0
3631:3568 3632 3633 0
3632:3568 3631 0
3633:3631 0
3634:3380 0
3635:3376 3733 0
3636:6 3637 0
3637:3636 0
3638:3524 0
3639:3524 3640 3641 3642 0
3640:3639 0
3641:3639 3721 0
3642:3525 3639 0
3643:3563 3644 0
3644:3559 3643 0
3645:3479 0
3646:3466 3479 0
3647:3529 3568 3593 0
3648:3347 3452 0
3649:3451 3488 0
3650:3562 3651 0
3651:3396 3525 3562 3650 0
3652:3530 3681 0
3653:3654 3655 0
3654:3373 3653 0
3655:3531 3653 0
3656:3537 0
3657:3658 3659 0
3658:3657 0
3659:3657 0
3660:3456 0
3661:3587 0
3662:3587 0
3663:3361 3587 3693 3805 0
3664:3665 3666 0
3665:3664 3693 3749 3750 0
3666:3664 3685 0
3667:3668 0
3668:3584 3667 0
3669:3429 0
3670:3444 3671 0
3671:3670 0
3672:3444 3446 0
3673:3610 0
3674:3610 0
3675:3390 0
3676:3677 0
3677:3390 3676 3678 0
3678:3389 3677 0
3679:3373 3709 0
3680:0
3681:3652 0
3682:3769 0
3683:3769 0
3684:3425 3748 0
3685:3666 0
3686:3573 0
3687:3573 3600 0
3688:3416 0
3689:3415 3727 0
3690:3525 3692 0
3691:3525 3720 0
3692:3690 3796 3797 0
3693:3663 3665 0
3694:3695 0
3695:3544 3600 3694 0
3696:3697 0
3697:3696 3753 0
3698:3699 3700 3701 0
3699:3698 0
3700:3429 3698 3702 0
3701:3429 3698 3705 0
3702:3700 3703 3704 0
3703:3429 3702 3705 0
3704:3702 0
3705:3701 3703 3706 0
3706:3705 0
3707:9 3429 3729 0
3708:3458 3462 0
3709:3679 3722 0
3710:3711 3712 0
3711:3404 3710 0
3712:3564 3710 0
3713:3348 0
3714:3715 0
3715:3714 3720 0
3716:3717 0
3717:3716 3719 0
3718:3719 0
3719:3526 3717 3718 3720 3721 0
3720:3451 3691 3715 3719 0
3721:3641 3719 0
3722:3513 3514 3629 3709 0
3723:3621 0
3724:3621 3767 0
3725:3619 0
3726:3417 0
3727:3689 3728 0
3728:3532 3727 0
3729:3707 0
3730:3731 3732 0
3731:3730 0
3732:3416 3730 0
3733:3518 3635 0
3734:3735 0
3735:3734 3752 3803 0
3736:3737 0
3737:3435 3736 0
3738:3355 3739 0
3739:3738 0
3740:3355 3473 0
3741:3386 0
3742:3743 3744 3745 0
3743:3742 3777 0
3744:3742 0
3745:3742 3795 0
3746:3747 0
3747:3566 3746 4846 0
3748:3364 3684 0
3749:3665 0
3750:3665 3781 0
3751:3521 0
3752:3735 0
3753:3508 3605 3697 0
3754:3604 3755 0
3755:3754 3775 3778 0
3756:3553 0
3757:3582 0
3758:3759 0
3759:3758 3773 3774 0
3760:3349 3453 0
3761:3349 3453 0
3762:3532 0
3763:3452 3764 0
3764:3763 0
3765:3453 0
3766:3453 0
3767:3543 3724 0
3768:3537 0
3769:3682 3683 0
3770:3543 0
3771:3544 0
3772:3385 3406 0
3773:3480 3759 0
3774:3759 0
3775:3755 3776 0
3776:3775 0
3777:3743 3780 0
3778:3755 0
3779:3438 0
3780:3777 3781 0
3781:3750 3780 3790 0
3782:3367 0
3783:3471 3538 0
3784:3483 3785 0
3785:3471 3784 0
3786:9 0
3787:3788 0
3788:3505 3787 0
3789:3790 0
3790:3781 3789 4806 4847 4863 0
3791:3485 3548 4494 4667 0
3792:3391 0
3793:3504 0
3794:3543 0
3795:3445 3745 0
3796:3692 0
3797:3692 0
3798:3538 3539 0
3799:3800 0
3800:3506 3799 0
3801:3387 3591 0
3802:3466 0
3803:3364 3735 0
3804:3455 3620 0
3805:3663 0
3806:3807 3808 0
3807:3806 3820 3846 0
3808:3806 3810 0
3809:3810 3811 3812 0
3810:3808 3809 3813 3833 3834 3835 3836 0
3811:3809 0
3812:3809 3813 3888 3889 0
3813:3810 3812 0
3814:3815 3816 3817 0
3815:3814 3853 0
3816:3814 3890 3905 0
3817:3814 3890 0
3818:3819 3820 3821 0
3819:3818 3822 0
3820:3807 3818 0
3821:3818 3854 3855 0
3822:3819 3832 3850 3854 3870 0
3823:3824 0
3824:3823 3825 3826 3827 0
3825:3824 3828 3856 3861 3886 3887 0
3826:3824 3827 3859 0
3827:3824 3826 0
3828:3825 3829 3830 0
3829:3828 0
3830:3828 3991 0
3831:3832 0
3832:3822 3831 3833 0
3833:3810 3832 3836 0
3834:3810 0
3835:3810 0
3836:3810 3833 0
3837:3838 3839 3840 3841 3842 0
3838:3837 0
3839:3837 3843 3844 0
3840:3837 3878 0
3841:3837 0
3842:3837 3870 3879 3904 4180 4181 4215 4308 4309 0
3843:802 3839 3903 0
3844:3839 3904 3987 0
3845:3846 0
3846:3807 3845 3999 0
3847:201 3872 0
3848:3849 3850 3851 3852 0
3849:3848 0
3850:3822 3848 3870 3873 3874 3875 3876 3877 0
3851:3848 3940 3941 0
3852:3848 3965 3966 0
3853:3815 3888 3890 0
3854:3821 3822 3857 3858 3885 3891 3899 0
3855:3821 3864 3907 3908 3942 3953 3956 0
3856:3825 3857 3858 3859 3860 3861 0
3857:3854 3856 0
3858:3854 3856 0
3859:3826 3856 3860 3881 3916 0
3860:3856 3859 0
3861:3825 3856 3939 0
3862:802 3863 3864 3865 3866 3867 0
3863:3862 3930 0
3864:3855 3862 3955 0
3865:3862 3938 3953 0
3866:3862 3897 3982 0
3867:3862 3936 3982 0
3868:802 3869 0
3869:3868 3885 0
3870:802 3822 3842 3850 3871 3878 3879 0
3871:802 3870 3900 3901 3902 0
3872:802 3847 3981 0
3873:3850 3903 3956 0
3874:3850 0
3875:3850 3940 0
3876:3850 3966 0
3877:3850 3953 0
3878:3840 3870 3880 0
3879:3842 3870 3889 0
3880:3878 3881 3882 3883 3884 0
3881:3859 3880 0
3882:3880 0
3883:3880 3976 0
3884:3880 3935 0
3885:3854 3869 0
3886:3825 0
3887:3825 3936 3937 0
3888:3812 3853 0
3889:3812 3879 3915 3978 3979 3986 3992 3993 0
3890:3816 3817 3853 3904 3905 3906 0
3891:3854 3892 3893 3894 3895 3896 3897 3898 0
3892:3891 0
3893:3891 3973 0
3894:3891 3895 0
3895:3891 3894 3897 0
3896:3891 3932 3973 0
3897:3866 3891 3895 3937 3990 0
3898:3891 0
3899:3854 0
3900:3871 0
3901:3871 0
3902:3871 0
3903:3843 3873 3924 3942 3983 3996 0
3904:3842 3844 3890 0
3905:3816 3890 0
3906:3890 3943 0
3907:3855 3908 0
3908:3855 3907 3918 0
3909:3910 0
3910:3909 3911 3912 0
3911:3910 3923 0
3912:3910 3959 3988 0
3913:3914 3915 0
3914:3913 3986 3987 0
3915:3889 3913 0
3916:3859 0
3917:3918 3919 0
3918:3908 3917 3920 0
3919:3917 3927 0
3920:3918 3925 3929 0
3921:3922 3923 3924 0
3922:3921 0
3923:3911 3921 3958 0
3924:3903 3921 3995 0
3925:3920 3926 0
3926:3925 3942 3988 0
3927:3919 3928 3929 0
3928:3927 0
3929:3920 3927 0
3930:3863 3931 3932 0
3931:3930 0
3932:3896 3930 3994 0
3933:3934 0
3934:3933 3988 0
3935:3884 0
3936:3867 3887 3938 3939 0
3937:3887 3897 3989 0
3938:3865 3936 0
3939:3861 3936 0
3940:3851 3875 0
3941:3851 3969 3975 3976 3984 0
3942:3855 3903 3926 0
3943:3906 3944 3945 0
3944:3943 0
3945:3943 3971 0
3946:3947 3948 3949 0
3947:3946 3950 0
3948:3946 0
3949:3946 3997 0
3950:3947 3951 0
3951:3950 3952 0
3952:3951 0
3953:3855 3865 3877 3954 3955 0
3954:3953 0
3955:3864 3953 0
3956:3855 3873 0
3957:3961 0
3958:3923 0
3959:3912 0
3960:3979 0
3961:3957 3995 3998 0
3962:3963 3964 0
3963:3962 3980 3983 0
3964:3962 3984 3985 0
3965:3852 0
3966:3852 3876 3974 0
3967:3968 3969 0
3968:3967 0
3969:3941 3967 0
3970:3971 0
3971:3945 3970 3972 0
3972:3971 3977 0
3973:3893 3896 3994 0
3974:3966 0
3975:3941 3976 0
3976:3883 3941 3975 0
3977:3972 3993 0
3978:3889 3979 0
3979:3889 3960 3978 0
3980:3963 0
3981:3872 0
3982:3866 3867 0
3983:3903 3963 0
3984:3941 3964 0
3985:3964 0
3986:3889 3914 0
3987:3844 3914 0
3988:3912 3926 3934 0
3989:3937 3990 0
3990:3897 3989 3991 0
3991:3830 3990 0
3992:3889 3993 0
3993:3889 3977 3992 0
3994:3932 3973 0
3995:3924 3961 3996 0
3996:3903 3995 0
3997:3949 0
3998:3961 0
3999:3846 0
4000:4001 0
4001:4000 4019 4060 0
4002:4003 4004 4005 0
4003:4002 4026 4027 0
4004:4002 4029 0
4005:4002 4058 4090 0
4006:4007 4008 0
4007:4006 4009 0
4008:4006 4086 0
4009:4007 4010 4063 0
4010:4009 4011 0
4011:4010 4029 0
4012:4013 0
4013:4012 4049 4092 0
4014:4015 4016 0
4015:4014 4016 4068 0
4016:4014 4015 4056 4066 4087 0
4017:4018 4019 4020 4021 0
4018:4017 4021 4048 4049 4050 0
4019:4001 4017 4084 0
4020:4017 4121 0
4021:4017 4018 0
4022:4023 4024 4025 0
4023:4022 4051 4052 4053 0
4024:4022 4118 0
4025:4022 4091 0
4026:4003 4028 4029 4030 4031 4032 0
4027:4003 4035 0
4028:4026 4046 4047 0
4029:4004 4011 4026 4034 4064 4065 4066 4067 0
4030:4026 0
4031:4026 4034 0
4032:4026 4056 4088 0
4033:4034 4035 4036 0
4034:4029 4031 4033 4037 4038 0
4035:4027 4033 0
4036:4033 4085 0
4037:4034 4085 0
4038:4034 4099 0
4039:3072 4040 4041 0
4040:4039 4042 4044 4045 0
4041:3071 4039 4078 4082 4108 0
4042:4040 4043 0
4043:4042 4096 4112 0
4044:4040 4089 0
4045:4040 4047 4098 4106 0
4046:4028 0
4047:4028 4045 4066 0
4048:502 4018 4060 4071 0
4049:4013 4018 4088 4109 4110 4111 0
4050:4018 4120 0
4051:4023 0
4052:4023 0
4053:4023 4054 4056 4057 0
4054:4053 4055 0
4055:4054 4058 4059 0
4056:4016 4032 4053 4090 4100 4105 4106 0
4057:4053 4124 0
4058:4005 4055 4079 4080 0
4059:4055 4090 0
4060:4001 4048 0
4061:4062 0
4062:4061 4071 4128 0
4063:4009 4083 0
4064:4029 0
4065:4029 0
4066:4016 4029 4047 4103 0
4067:4029 0
4068:4015 4069 0
4069:4068 4089 4095 4100 4106 0
4070:602 4083 0
4071:4048 4062 0
4072:4073 4074 0
4073:4072 4091 0
4074:4072 4092 0
4075:4076 4077 0
4076:4075 4078 0
4077:4075 4101 0
4078:4041 4076 0
4079:4058 0
4080:4058 0
4081:4082 0
4082:4041 4081 4101 4104 0
4083:4063 4070 0
4084:4019 4111 4120 0
4085:4036 4037 0
4086:4008 4113 0
4087:4016 4088 0
4088:4032 4049 4087 4107 0
4089:4044 4069 4098 4106 4107 0
4090:4005 4056 4059 0
4091:4025 4073 4092 0
4092:4013 4074 4091 0
4093:4094 4095 4096 4097 0
4094:4093 4095 0
4095:4069 4093 4094 0
4096:4043 4093 0
4097:4093 4106 0
4098:4045 4089 0
4099:4038 0
4100:4056 4069 0
4101:4077 4082 4102 0
4102:4101 4108 0
4103:4066 0
4104:3249 4082 0
4105:4056 0
4106:4045 4056 4069 4089 4097 0
4107:4088 4089 0
4108:4041 4102 0
4109:4049 0
4110:4049 0
4111:4049 4084 0
4112:4043 0
4113:4086 4114 0
4114:4113 4115 0
4115:4114 4116 4117 0
4116:4115 4123 0
4117:4115 4123 0
4118:4024 0
4119:4120 4121 0
4120:4050 4084 4119 4122 0
4121:4020 4119 0
4122:4120 0
4123:4116 4117 4160 4162 0
4124:4057 4125 4126 4127 0
4125:4124 0
4126:4124 0
4127:4124 0
4128:4062 0
4129:4130 0
4130:4129 4132 4134 4135 4136 0
4131:4132 0
4132:2833 4130 4131 4133 4134 0
4133:4132 0
4134:4130 4132 4146 4147 4148 0
4135:4130 0
4136:2935 4130 4193 4233 4255 4269 0
4137:2935 4138 4139 4140 0
4138:4137 4145 4153 4276 4277 0
4139:2791 2935 4137 4144 4260 4318 4329 0
4140:4137 0
4141:4142 4143 0
4142:4141 4144 4145 0
4143:4141 4352 4353 0
4144:642 4139 4142 4145 4203 4228 4286 4298 0
4145:4138 4142 4144 4299 0
4146:4134 4174 4213 4214 4215 0
4147:4134 4148 4180 4268 0
4148:4134 4147 4180 0
4149:4150 0
4150:4149 4151 4152 4153 0
4151:4150 0
4152:4150 4277 0
4153:4138 4150 0
4154:4155 4156 0
4155:4154 4182 4183 4184 0
4156:4154 4211 0
4157:4158 4159 0
4158:4157 4182 4185 4212 4252 0
4159:4157 4343 4344 4345 4346 0
4160:4123 0
4161:4162 0
4162:4123 4161 4170 4188 4189 4190 0
4163:4164 4165 4166 4167 4168 0
4164:4163 4166 0
4165:4163 0
4166:4163 4164 4197 0
4167:4163 0
4168:4163 4338 4339 0
4169:4170 4171 4172 4173 0
4170:4162 4169 4182 4245 4246 0
4171:4169 0
4172:4169 0
4173:4169 0
4174:2833 4146 4193 4194 4195 0
4175:4176 4177 4178 4179 0
4176:2834 4175 4180 4181 0
4177:4175 0
4178:4175 0
4179:4175 0
4180:3842 4147 4148 4176 4273 0
4181:3842 4176 0
4182:4155 4158 4170 4239 4249 4250 4251 0
4183:4155 4250 4356 0
4184:4155 0
4185:4158 4186 4187 0
4186:4185 0
4187:4185 0
4188:4162 4191 0
4189:4162 4192 0
4190:4162 4244 0
4191:4188 4296 0
4192:4189 0
4193:4136 4174 4209 4231 4234 4238 0
4194:4174 4209 4229 4256 4260 0
4195:4174 4337 0
4196:539 4197 4219 0
4197:539 2834 4166 4196 4219 4330 0
4198:539 0
4199:215 4273 0
4200:528 2538 4201 4202 0
4201:526 4200 4248 0
4202:4200 0
4203:642 2935 4144 0
4204:4205 4206 4207 0
4205:4204 4208 4209 4210 0
4206:4204 0
4207:4204 0
4208:4205 4216 4217 0
4209:4193 4194 4205 4210 4253 4255 0
4210:4205 4209 0
4211:197 4156 4212 0
4212:644 4158 4211 4271 0
4213:4146 4241 4242 4243 0
4214:4146 4215 0
4215:3842 4146 4214 4310 0
4216:4208 0
4217:4208 0
4218:4219 0
4219:2834 4196 4197 4218 4220 4221 4223 0
4220:4219 0
4221:4219 4222 0
4222:4221 0
4223:2834 4219 4297 0
4224:2537 0
4225:2537 0
4226:4227 0
4227:4226 4228 0
4228:4144 4227 4278 4286 4304 0
4229:4194 4230 0
4230:642 4229 0
4231:4193 4232 4233 0
4232:4231 0
4233:4136 4231 4265 4266 4267 0
4234:4193 4235 4236 4237 0
4235:4234 4261 4262 4263 4264 0
4236:4234 0
4237:4234 0
4238:4193 4331 4332 4333 4334 4335 4336 0
4239:4182 4240 0
4240:4239 4282 4283 0
4241:4213 0
4242:4213 0
4243:4213 0
4244:614 4190 0
4245:4170 4246 4281 0
4246:4170 4245 4316 4317 0
4247:2538 0
4248:4201 0
4249:4182 4319 4320 4321 4322 4323 0
4250:4182 4183 0
4251:4182 4271 0
4252:4158 4274 4275 0
4253:4209 4254 0
4254:4253 0
4255:2935 4136 4209 4300 4301 4302 4303 0
4256:4194 4257 4258 4259 0
4257:4256 0
4258:4256 0
4259:4256 0
4260:2935 4139 4194 0
4261:4235 0
4262:4235 0
4263:4235 0
4264:4235 0
4265:4233 0
4266:4233 0
4267:4233 0
4268:4147 0
4269:4136 4270 0
4270:4269 0
4271:4212 4251 0
4272:644 2834 4273 0
4273:644 4180 4199 4272 0
4274:4252 0
4275:4252 0
4276:4138 4289 4290 4291 4292 4293 0
4277:4138 4152 4328 0
4278:4228 4279 4280 0
4279:4278 0
4280:4278 0
4281:4245 0
4282:4240 0
4283:4240 0
4284:953 0
4285:953 0
4286:4144 4228 4287 4288 0
4287:4286 4294 4295 0
4288:4286 0
4289:4276 4324 4325 4326 4327 0
4290:4276 0
4291:4276 0
4292:4276 0
4293:4276 0
4294:4287 0
4295:4287 0
4296:4191 0
4297:4223 0
4298:4144 4311 4312 4313 4314 4315 0
4299:4145 4347 4348 0
4300:4255 0
4301:4255 0
4302:4255 0
4303:4255 0
4304:4228 4305 4306 4307 0
4305:4304 0
4306:4304 0
4307:4304 0
4308:3842 0
4309:3842 0
4310:4215 0
4311:4298 0
4312:4298 0
4313:4298 0
4314:4298 0
4315:4298 0
4316:4246 0
4317:4246 0
4318:4139 0
4319:4249 0
4320:4249 0
4321:4249 0
4322:4249 0
4323:4249 0
4324:4289 0
4325:4289 0
4326:4289 0
4327:4289 0
4328:4277 4341 4342 0
4329:4139 4354 4355 0
4330:4197 0
4331:4238 0
4332:4238 0
4333:4238 0
4334:4238 0
4335:4238 0
4336:4238 0
4337:4195 0
4338:4168 0
4339:4168 0
4340:2936 0
4341:4328 0
4342:4328 0
4343:4159 0
4344:4159 0
4345:4159 0
4346:4159 4349 4350 4351 0
4347:4299 0
4348:4299 0
4349:4346 0
4350:4346 0
4351:4346 0
4352:4143 0
4353:4143 0
4354:4329 0
4355:4329 0
4356:4183 0
4357:4358 4359 4360 4361 0
4358:4357 4359 4370 4385 4389 4390 4391 4392 0
4359:4357 4358 4390 0
4360:4357 0
4361:4357 4391 4412 0
4362:4363 0
4363:4362 4364 4368 0
4364:4363 4365 0
4365:4364 4380 4409 0
4366:4367 0
4367:4366 4377 4395 4396 0
4368:4363 4380 0
4369:4372 4375 4382 0
4370:4358 4372 0
4371:4376 4378 4380 4386 0
4372:4369 4370 4375 0
4373:4377 4395 0
4374:4378 4379 4381 4410 4418 4430 4431 0
4375:4369 4372 0
4376:4371 0
4377:4367 4373 4395 4396 0
4378:4371 4374 4379 4380 4381 0
4379:4374 4378 4413 0
4380:4365 4368 4371 4378 4401 4414 0
4381:4374 4378 4413 4416 0
4382:4369 0
4383:4384 0
4384:343 4383 0
4385:4358 0
4386:4371 0
4387:400 4388 4422 4423 4425 0
4388:400 4387 4425 0
4389:4358 4390 4394 4418 0
4390:4358 4359 4389 4391 4392 4425 0
4391:4358 4361 4390 4412 4425 4434 0
4392:4358 4390 0
4393:4394 0
4394:4389 4393 4429 0
4395:4367 4373 4377 4396 0
4396:4367 4377 4395 0
4397:0
4398:4400 0
4399:0
4400:4398 0
4401:4380 4403 0
4402:0
4403:4401 0
4404:0
4405:4406 0
4406:4405 4407 0
4407:4406 4415 4417 4419 0
4408:316 4422 4423 0
4409:4365 4410 4411 0
4410:4374 4409 4433 0
4411:4409 0
4412:4361 4391 0
4413:4379 4381 0
4414:4380 0
4415:4407 4416 0
4416:4381 4415 4417 4418 0
4417:4407 4416 4418 4419 4426 0
4418:4374 4389 4416 4417 0
4419:4407 4417 4428 0
4420:0
4421:0
4422:4387 4408 0
4423:4387 4408 0
4424:4425 0
4425:4387 4388 4390 4391 4424 0
4426:4417 4429 0
4427:343 0
4428:4419 0
4429:4394 4426 0
4430:4374 0
4431:4374 0
4432:0
4433:4410 0
4434:4391 0
4435:4436 0
4436:376 4435 4437 4438 0
4437:376 4436 4438 4448 0
4438:4436 4437 4445 4449 0
4439:4440 4441 0
4440:4439 0
4441:376 4439 0
4442:419 0
4443:4444 4445 0
4444:4443 0
4445:4438 4443 0
4446:393 0
4447:376 0
4448:1336 4437 4449 4450 0
4449:1336 4438 4448 4451 0
4450:4448 0
4451:4449 0
4452:109 0
4453:913 0
4454:913 0
4455:4456 0
4456:4455 4457 0
4457:4456 0
4458:4459 0
4459:4458 4460 0
4460:4459 0
4461:0
4462:0
4463:0
4464:0
4465:55 0
4466:4467 4468 0
4467:3577 4466 4469 4498 4507 4508 4509 0
4468:4466 4536 4643 0
4469:4467 4470 0
4470:4469 4564 0
4471:2340 4472 4473 4474 4475 0
4472:4471 4600 4601 0
4473:4471 4606 4657 4658 4674 4689 0
4474:4471 4530 4704 0
4475:4471 0
4476:4477 4478 4479 0
4477:4476 4710 0
4478:4476 4603 4708 0
4479:4476 0
4480:4481 4482 0
4481:4480 4492 0
4482:4480 4500 4682 0
4483:4484 0
4484:4483 4545 0
4485:4486 4487 4488 4489 4490 0
4486:2365 3548 4485 4491 0
4487:4485 4558 4559 4560 0
4488:4485 4690 4691 0
4489:4485 4549 0
4490:4485 4630 0
4491:3343 4486 4618 4825 4849 4850 4851 0
4492:4481 0
4493:3548 4495 4496 0
4494:3548 3791 4528 4578 0
4495:2364 4493 4671 4672 4673 0
4496:2434 4493 4808 4809 0
4497:3476 3577 0
4498:4467 4499 0
4499:3476 4498 0
4500:4482 4501 4502 0
4501:3472 4500 4503 0
4502:4500 0
4503:4501 4522 0
4504:4505 4506 0
4505:4504 4514 4628 0
4506:2468 4504 0
4507:4467 4538 0
4508:4467 4604 0
4509:4467 4595 0
4510:4511 4512 4513 0
4511:4510 4514 4515 0
4512:4510 4540 0
4513:4510 4638 0
4514:4505 4511 4680 4681 0
4515:4511 4541 4734 0
4516:4517 4518 0
4517:4516 4538 0
4518:4516 4652 4654 4655 0
4519:3551 4520 0
4520:4519 4560 0
4521:4522 4523 0
4522:4503 4521 4543 4546 4547 0
4523:4521 4635 4647 0
4524:2483 3522 4528 0
4525:2483 0
4526:2483 4639 0
4527:2483 4572 0
4528:4494 4524 0
4529:2468 4530 4531 4532 0
4530:4474 4529 0
4531:4529 4699 4700 0
4532:4529 0
4533:4534 4535 0
4534:4533 4608 0
4535:4533 4562 0
4536:4468 4537 0
4537:4536 4570 4596 0
4538:4507 4517 4788 0
4539:4540 4541 4542 0
4540:4512 4539 4541 0
4541:4515 4539 4540 0
4542:4539 4799 0
4543:4522 4544 0
4544:4543 4545 0
4545:4484 4544 4714 0
4546:4522 0
4547:4522 0
4548:4549 0
4549:4489 4548 4550 0
4550:4549 4649 4653 0
4551:4552 4553 0
4552:4551 4576 4587 4592 0
4553:4551 4573 4640 0
4554:4555 4556 0
4555:2468 4554 4557 0
4556:4554 4638 0
4557:4555 4633 0
4558:4487 4605 4630 4631 0
4559:4487 4674 0
4560:4487 4520 0
4561:3551 4703 4718 0
4562:4535 4563 0
4563:4562 4649 4694 4698 0
4564:4470 4565 4566 4567 0
4565:4564 4579 4580 4581 0
4566:4564 4692 4693 0
4567:4564 0
4568:4569 4570 4571 0
4569:4568 0
4570:3522 4537 4568 0
4571:4568 4597 0
4572:4527 4573 0
4573:4553 4572 4679 0
4574:4575 4576 4577 0
4575:4574 4578 0
4576:4552 4574 4644 4645 0
4577:3554 4574 0
4578:4494 4575 4675 0
4579:4565 4710 4727 0
4580:4565 0
4581:4565 4720 0
4582:4583 4584 0
4583:4582 4585 4586 4587 4588 4589 4590 4591 0
4584:4582 4619 0
4585:4583 0
4586:4583 4646 4686 0
4587:4552 4583 4702 0
4588:4583 4731 4733 0
4589:4583 0
4590:4583 0
4591:4583 0
4592:4552 4787 0
4593:4594 4595 0
4594:4593 4603 0
4595:4509 4593 4698 4707 0
4596:4537 4597 0
4597:4571 4596 4632 4646 0
4598:3474 4599 0
4599:4598 4616 4664 4696 4726 0
4600:4472 0
4601:4472 0
4602:4603 0
4603:4478 4594 4602 0
4604:4508 4682 0
4605:4558 4606 4607 0
4606:4473 4605 4687 0
4607:4605 0
4608:4534 4609 4610 0
4609:2365 4608 4610 4612 4665 4685 0
4610:4608 4609 4722 0
4611:2359 4612 4613 4614 4615 0
4612:4609 4611 4629 0
4613:4611 0
4614:4611 4721 0
4615:4611 4676 4685 0
4616:3343 4599 4617 4618 0
4617:4616 4663 4664 0
4618:4491 4616 4803 4805 0
4619:4584 4620 4621 4622 4623 0
4620:4619 4723 4726 0
4621:4619 0
4622:4619 0
4623:4619 0
4624:4625 4626 4627 0
4625:4624 4663 0
4626:4624 0
4627:4624 0
4628:4505 0
4629:4612 4801 0
4630:4490 4558 4631 0
4631:4558 4630 0
4632:4597 0
4633:4557 4650 4717 0
4634:4635 4636 0
4635:4523 4634 4637 0
4636:4634 0
4637:4635 0
4638:4513 4556 0
4639:4526 4640 0
4640:4553 4639 0
4641:2475 2477 4705 0
4642:2475 4741 4755 0
4643:4468 4655 0
4644:4576 0
4645:4576 0
4646:4586 4597 0
4647:4523 4648 0
4648:4647 4710 4720 0
4649:4550 4563 0
4650:4633 0
4651:3546 4652 0
4652:4518 4651 4677 0
4653:4550 0
4654:4518 0
4655:4518 4643 0
4656:2484 3546 0
4657:4473 4658 4659 4660 4661 0
4658:4473 4657 4662 0
4659:4657 0
4660:4657 0
4661:4657 0
4662:4658 4689 4711 0
4663:4617 4625 0
4664:4599 4617 4719 0
4665:4609 4666 0
4666:4665 4691 4709 0
4667:3554 3791 0
4668:3554 4675 4703 0
4669:3554 4785 4786 0
4670:2364 0
4671:4495 0
4672:4495 0
4673:3476 4495 0
4674:4473 4559 4688 4802 0
4675:4578 4668 0
4676:4615 0
4677:4652 4678 0
4678:4677 0
4679:4573 0
4680:2480 4514 4728 0
4681:4514 4796 0
4682:4482 4604 0
4683:4684 4685 0
4684:4683 0
4685:4609 4615 4683 0
4686:4586 0
4687:4606 0
4688:4674 0
4689:4473 4662 4712 0
4690:4488 0
4691:4488 4666 4701 0
4692:3476 4566 4694 4695 0
4693:4566 4708 0
4694:2365 4563 4692 0
4695:4692 4710 0
4696:4599 4697 0
4697:4696 0
4698:4563 4595 0
4699:2458 4531 4725 0
4700:4531 4797 0
4701:4691 0
4702:4587 0
4703:4561 4668 0
4704:4474 4793 0
4705:4641 4740 4745 4776 4777 0
4706:4707 0
4707:4595 4706 0
4708:4478 4693 0
4709:4666 0
4710:4477 4579 4648 4695 0
4711:4662 0
4712:4689 4713 0
4713:4712 0
4714:4545 0
4715:2477 4762 4764 4780 0
4716:2477 4757 0
4717:2468 4633 0
4718:4561 0
4719:4664 4790 0
4720:4581 4648 0
4721:4614 4800 0
4722:4610 0
4723:4620 4724 0
4724:4723 0
4725:4699 0
4726:4599 4620 0
4727:4579 0
4728:4680 0
4729:2480 0
4730:873 2480 0
4731:4588 4732 0
4732:4731 0
4733:4588 0
4734:4515 4795 4796 0
4735:4736 4737 0
4736:4735 4752 0
4737:4735 4745 0
4738:4739 4740 0
4739:4738 4750 0
4740:4705 4738 0
4741:4642 4742 0
4742:4741 4743 0
4743:4742 4744 0
4744:4743 4755 0
4745:4705 4737 4746 4747 4748 0
4746:4745 4749 4753 4758 4773 0
4747:4745 4749 0
4748:4745 0
4749:4746 4747 0
4750:4739 4751 0
4751:4750 4752 0
4752:4736 4751 0
4753:4746 4754 0
4754:4753 4756 4763 4766 4771 4772 0
4755:4642 4744 0
4756:4754 4757 0
4757:4716 4756 4764 4774 4779 0
4758:4746 4759 0
4759:4758 4763 0
4760:4761 4762 0
4761:4760 4775 0
4762:4715 4760 0
4763:4754 4759 0
4764:4715 4757 4765 0
4765:4764 4783 4784 0
4766:4754 4767 0
4767:2478 2479 4766 0
4768:2478 4769 4770 0
4769:4768 0
4770:2478 4768 4792 0
4771:4754 0
4772:4754 0
4773:4746 4774 0
4774:4757 4773 0
4775:4761 4778 0
4776:4705 4781 0
4777:4705 0
4778:4775 4779 0
4779:4757 4778 0
4780:4715 4782 0
4781:4776 4782 0
4782:4780 4781 0
4783:4765 0
4784:4765 0
4785:4669 0
4786:4669 0
4787:4592 0
4788:4538 4789 0
4789:4788 0
4790:4719 4791 0
4791:4790 0
4792:4770 0
4793:4704 0
4794:4795 0
4795:4734 4794 0
4796:4681 4734 4798 0
4797:4700 0
4798:4796 0
4799:4542 0
4800:4721 0
4801:4629 0
4802:4674 0
4803:2272 4618 4804 0
4804:4803 4806 4818 0
4805:4618 4806 0
4806:3790 4804 4805 0
4807:3468 4812 4851 0
4808:4496 4825 4828 4829 0
4809:3498 4496 4829 0
4810:4811 4812 0
4811:4810 4865 0
4812:4807 4810 4865 0
4813:4814 4815 4816 0
4814:3566 4813 4831 0
4815:4813 0
4816:3481 4813 4873 0
4817:4818 0
4818:2272 2434 2471 4804 4817 0
4819:4820 4821 4822 0
4820:3566 4819 0
4821:4819 4855 0
4822:4819 4823 0
4823:4822 4824 0
4824:4823 4856 0
4825:4491 4808 4826 4827 0
4826:4825 0
4827:4825 0
4828:4808 0
4829:3426 4808 4809 4863 0
4830:4831 0
4831:3507 4814 4830 4832 4833 0
4832:4831 4855 4858 0
4833:3498 4831 4853 0
4834:3579 4869 4870 0
4835:3579 4866 0
4836:3579 4857 0
4837:1102 4838 0
4838:140 4837 0
4839:227 4840 0
4840:2462 4839 4845 0
4841:2384 0
4842:2462 4843 0
4843:140 4842 0
4844:2462 0
4845:4840 0
4846:3747 4847 0
4847:3790 4846 0
4848:1135 3426 3566 0
4849:4491 0
4850:4491 0
4851:4491 4807 4864 0
4852:4853 4854 0
4853:4833 4852 4862 0
4854:4852 4874 0
4855:4821 4832 4856 4857 0
4856:4824 4855 0
4857:4836 4855 0
4858:140 4832 0
4859:3566 4871 0
4860:3566 0
4861:3566 4871 4874 0
4862:4853 0
4863:3498 3790 4829 0
4864:4851 0
4865:4811 4812 0
4866:1135 4835 4867 4868 0
4867:4866 4869 0
4868:4866 4872 0
4869:4834 4867 0
4870:4834 0
4871:4859 4861 0
4872:4868 0
4873:4816 0
4874:4854 4861 0
4875:873 4876 0
4876:4875 4883 0
4877:13 0
4878:13 4880 0
4879:879 4880 0
4880:4878 4879 0
4881:879 4882 0
4882:908 4881 0
4883:4876 0
