N=4863 V=5821
1:2 3 4 0
2:1 426 433 434 435 436 0
3:1 430 455 456 457 0
4:1 475 520 0
5:6 7 8 9 0
6:5 3583 3619 0
7:5 0
8:5 0
9:5 3690 3769 0
10:11 0
11:10 3394 3475 0
12:13 0
13:12 4857 4858 0
14:15 0
15:14 114 118 124 169 171 172 173 0
16:17 18 0
17:16 32 33 34 35 0
18:16 47 0
19:20 0
20:19 21 22 0
21:20 0
22:20 23 24 25 26 27 0
23:22 28 0
24:22 130 131 0
25:22 105 0
26:22 28 130 196 203 224 0
27:22 31 0
28:23 26 61 0
29:30 31 0
30:29 59 60 98 175 176 177 0
31:27 29 0
32:17 0
33:17 36 37 38 39 0
34:17 0
35:17 95 165 0
36:33 0
37:33 0
38:33 44 67 0
39:33 116 0
40:41 42 0
41:40 43 44 0
42:40 188 0
43:41 45 0
44:38 41 0
45:43 161 243 253 0
46:47 48 0
47:18 46 110 0
48:46 65 0
49:50 0
50:49 109 126 0
51:52 0
52:51 55 151 166 527 537 0
53:54 55 0
54:53 115 0
55:52 53 126 166 216 4445 0
56:57 58 0
57:56 92 94 127 0
58:56 220 0
59:30 60 61 62 0
60:30 59 61 0
61:28 59 60 70 224 0
62:59 0
63:64 65 0
64:63 229 0
65:48 63 0
66:0
67:38 0
68:69 70 0
69:68 70 106 175 208 0
70:61 68 69 83 187 194 224 0
71:72 73 0
72:71 129 0
73:71 76 191 0
74:75 76 0
75:74 129 0
76:73 74 175 233 0
77:78 0
78:77 79 80 0
79:78 81 82 83 84 0
80:78 90 0
81:79 85 86 87 88 89 0
82:79 133 136 138 141 142 0
83:70 79 84 0
84:79 83 0
85:81 0
86:81 0
87:81 0
88:81 100 101 102 104 0
89:81 129 190 234 0
90:80 91 0
91:90 225 0
92:57 93 94 95 96 0
93:92 97 0
94:57 92 0
95:35 92 261 0
96:92 209 0
97:93 226 0
98:30 99 0
99:98 158 235 237 0
100:88 0
101:88 0
102:88 103 0
103:102 161 192 246 247 248 249 0
104:88 157 177 0
105:25 106 107 0
106:69 105 186 0
107:105 194 0
108:109 0
109:50 108 126 167 604 4432 0
110:47 189 209 0
111:112 113 114 0
112:111 181 198 199 0
113:111 120 123 181 0
114:15 111 0
115:54 148 0
116:39 117 0
117:116 159 0
118:15 119 0
119:118 172 0
120:113 121 122 123 124 0
121:120 124 0
122:120 124 0
123:113 120 0
124:15 120 121 122 248 253 0
125:126 0
126:50 55 109 125 163 217 2530 0
127:57 128 0
128:127 129 0
129:72 75 89 128 190 210 232 0
130:24 26 0
131:24 0
132:133 0
133:82 132 134 135 139 140 0
134:133 0
135:133 0
136:82 0
137:138 0
138:82 137 143 0
139:133 1035 1101 0
140:133 1133 4818 4823 4838 0
141:82 1048 1065 1134 0
142:82 2421 0
143:138 195 196 197 0
144:145 146 0
145:144 153 155 0
146:144 221 262 0
147:148 149 150 0
148:115 147 151 0
149:147 150 200 0
150:147 149 257 0
151:52 148 174 0
152:0
153:145 154 155 156 0
154:153 157 158 0
155:145 153 0
156:153 240 0
157:104 154 238 239 0
158:99 154 226 0
159:117 160 0
160:159 161 0
161:45 103 160 162 0
162:161 249 1081 0
163:126 164 0
164:163 0
165:35 260 263 0
166:52 55 0
167:109 168 0
168:167 225 0
169:15 170 0
170:169 0
171:15 0
172:15 119 242 0
173:15 199 0
174:151 258 532 544 0
175:30 69 76 0
176:30 0
177:30 104 178 0
178:177 196 200 211 212 213 214 215 0
179:180 181 0
180:179 198 0
181:112 113 179 0
182:184 0
183:219 0
184:182 185 0
185:184 0
186:106 254 255 256 0
187:70 0
188:42 189 190 0
189:110 188 229 0
190:89 129 188 209 220 230 231 0
191:73 218 0
192:103 193 0
193:192 1032 1103 0
194:70 107 0
195:143 196 204 205 206 0
196:26 143 178 195 245 0
197:143 206 644 953 4193 0
198:112 180 234 0
199:112 173 0
200:149 178 201 0
201:200 546 3829 0
202:203 0
203:26 202 0
204:195 0
205:195 0
206:195 197 565 604 0
207:208 0
208:69 207 0
209:96 110 190 210 0
210:129 209 0
211:178 0
212:178 0
213:178 0
214:178 0
215:178 539 4181 0
216:55 0
217:126 0
218:191 219 0
219:183 218 266 0
220:58 190 0
221:146 222 223 0
222:221 241 0
223:221 238 264 0
224:26 61 70 225 226 227 0
225:91 168 224 228 0
226:97 158 224 0
227:224 4819 0
228:225 265 0
229:64 189 0
230:190 233 0
231:190 0
232:129 0
233:76 230 0
234:89 198 0
235:99 236 0
236:235 0
237:99 0
238:157 223 0
239:157 240 241 0
240:156 239 250 251 0
241:222 239 0
242:172 243 244 0
243:45 242 245 0
244:242 0
245:196 243 0
246:103 0
247:103 0
248:103 124 0
249:103 162 1047 1086 1091 0
250:240 259 0
251:240 264 0
252:253 0
253:45 124 252 0
254:186 0
255:186 0
256:186 0
257:150 258 0
258:174 257 0
259:250 260 0
260:165 259 0
261:95 0
262:146 0
263:165 0
264:223 251 0
265:228 0
266:219 0
267:268 269 270 0
268:267 308 309 313 314 315 0
269:267 375 397 0
270:267 0
271:272 273 274 0
272:271 275 276 277 0
273:271 408 0
274:271 391 419 0
275:272 277 320 321 328 386 394 0
276:272 403 404 0
277:272 275 313 375 0
278:279 280 0
279:278 281 282 283 284 285 0
280:278 332 361 409 0
281:279 285 304 317 320 367 370 371 0
282:279 0
283:279 0
284:279 371 0
285:279 281 0
286:287 288 0
287:286 288 363 384 0
288:286 287 391 396 408 0
289:290 291 0
290:289 296 365 410 0
291:289 352 421 0
292:293 0
293:292 294 299 0
294:293 295 296 297 298 0
295:294 307 323 324 325 326 0
296:290 294 321 365 379 384 0
297:294 298 0
298:294 297 365 422 0
299:293 319 405 0
300:301 0
301:300 302 0
302:301 303 304 305 306 307 0
303:302 304 305 306 307 366 0
304:281 302 303 306 328 388 0
305:302 303 306 0
306:302 303 304 305 366 367 368 369 0
307:295 302 303 326 0
308:268 309 310 311 312 0
309:268 308 0
310:308 312 314 399 0
311:308 312 0
312:308 310 311 0
313:268 277 316 0
314:268 310 0
315:268 0
316:313 4388 0
317:281 318 319 0
318:317 320 321 0
319:299 317 0
320:275 281 318 328 372 0
321:275 296 318 327 352 0
322:323 0
323:295 322 0
324:295 325 329 0
325:295 324 0
326:295 307 0
327:321 328 329 0
328:275 304 320 327 0
329:324 327 339 340 0
330:331 332 333 334 335 0
331:330 336 337 338 0
332:280 330 0
333:330 334 348 416 0
334:330 333 0
335:330 0
336:331 339 340 0
337:331 348 0
338:331 344 345 409 0
339:329 336 0
340:329 336 0
341:342 343 0
342:341 399 400 0
343:341 4364 4407 0
344:338 345 0
345:338 344 0
346:347 0
347:346 382 383 389 0
348:333 337 0
349:350 0
350:349 351 352 0
351:350 413 0
352:291 321 350 354 378 0
353:354 0
354:352 353 355 356 358 359 360 0
355:354 0
356:354 357 0
357:356 0
358:354 0
359:354 0
360:354 378 401 0
361:280 362 0
362:361 0
363:287 364 0
364:363 394 395 0
365:290 296 298 0
366:303 306 367 368 369 0
367:281 306 366 368 369 0
368:306 366 367 369 371 0
369:306 366 367 368 385 0
370:281 0
371:281 284 368 0
372:320 1248 1399 0
373:374 0
374:373 375 376 0
375:269 277 374 411 0
376:374 4416 4417 4421 4427 0
377:378 0
378:352 360 377 0
379:296 0
380:381 0
381:380 382 0
382:347 381 383 0
383:347 382 406 413 0
384:287 296 0
385:369 0
386:275 387 0
387:386 0
388:304 0
389:347 0
390:391 392 393 0
391:274 288 390 408 417 418 0
392:390 0
393:390 4426 0
394:275 364 396 0
395:364 402 0
396:288 394 0
397:269 398 0
398:397 1147 1153 1239 1332 1334 0
399:310 342 0
400:342 4367 4368 0
401:360 0
402:395 0
403:276 0
404:276 0
405:299 420 0
406:383 407 0
407:406 0
408:273 288 391 0
409:280 338 414 415 0
410:290 0
411:375 412 0
412:411 0
413:351 383 0
414:409 0
415:409 0
416:333 0
417:391 0
418:391 0
419:274 4422 0
420:405 0
421:291 0
422:298 0
423:424 425 426 427 428 429 0
424:423 430 431 432 0
425:423 435 505 0
426:2 423 0
427:423 428 505 0
428:423 427 486 0
429:423 482 0
430:3 424 432 451 452 0
431:424 432 449 462 501 502 0
432:424 430 431 0
433:2 0
434:2 0
435:2 425 0
436:2 2427 0
437:438 0
438:437 446 489 493 506 0
439:440 0
440:439 475 0
441:442 0
442:441 443 444 445 446 0
443:442 447 448 449 450 0
444:442 453 454 0
445:442 472 0
446:438 442 0
447:443 450 465 466 467 468 469 0
448:443 471 0
449:431 443 483 499 0
450:443 447 507 0
451:430 458 459 460 461 462 463 464 0
452:430 2288 2289 2299 2300 0
453:444 506 515 0
454:444 471 473 0
455:3 476 495 0
456:3 894 2267 0
457:3 2409 2465 0
458:451 0
459:451 0
460:451 0
461:451 0
462:431 451 464 495 0
463:451 2272 2282 2312 0
464:451 462 2404 0
465:447 0
466:447 0
467:447 477 478 0
468:447 510 511 512 0
469:447 496 513 0
470:471 0
471:448 454 470 472 473 0
472:445 471 507 508 509 0
473:454 471 0
474:475 0
475:4 440 474 476 0
476:455 475 518 0
477:467 0
478:467 1491 1522 0
479:480 481 0
480:479 513 0
481:479 1573 0
482:429 483 484 485 486 487 488 0
483:449 482 0
484:482 0
485:482 504 0
486:428 482 504 0
487:482 493 500 0
488:482 492 500 0
489:438 490 491 492 493 0
490:489 0
491:489 499 0
492:488 489 0
493:438 487 489 0
494:495 0
495:455 462 494 0
496:469 497 498 0
497:496 1782 0
498:496 0
499:449 491 500 0
500:487 488 499 0
501:431 503 0
502:431 4030 0
503:501 1345 0
504:485 486 0
505:425 427 0
506:438 453 514 0
507:450 472 0
508:472 0
509:472 513 523 0
510:468 0
511:468 522 0
512:468 1578 1637 0
513:469 480 509 0
514:506 0
515:453 0
516:517 0
517:516 518 519 0
518:476 517 0
519:517 521 0
520:4 521 0
521:519 520 0
522:511 0
523:509 0
524:525 526 0
525:524 534 538 539 0
526:524 539 4183 0
527:52 528 0
528:527 4182 0
529:530 0
530:529 531 532 0
531:530 534 537 0
532:174 530 537 541 545 0
533:534 535 536 0
534:525 531 533 0
535:533 537 548 0
536:533 541 0
537:52 531 532 535 0
538:525 549 0
539:215 525 526 4178 4179 4180 0
540:541 542 543 544 0
541:532 536 540 542 547 548 0
542:540 541 0
543:540 547 0
544:174 540 0
545:532 546 0
546:201 545 686 0
547:541 543 0
548:535 541 0
549:538 0
550:551 552 0
551:550 1464 0
552:550 1454 0
553:2484 2485 0
554:557 2593 2594 2645 2780 0
555:3008 3009 0
556:2989 2990 3135 3136 0
557:554 3160 0
558:3157 0
559:3158 0
560:3159 0
561:3238 0
562:563 0
563:562 564 565 566 0
564:563 574 0
565:206 563 617 630 644 0
566:563 609 0
567:568 0
568:567 569 570 571 572 0
569:568 0
570:568 607 608 609 0
571:568 609 637 0
572:568 609 640 641 642 0
573:574 575 0
574:564 573 575 609 618 634 636 0
575:573 574 589 593 594 0
576:577 578 579 0
577:576 580 625 626 627 628 629 0
578:576 580 621 631 632 633 0
579:576 582 628 0
580:577 578 581 0
581:580 582 629 0
582:579 581 0
583:584 585 586 0
584:583 628 629 0
585:583 0
586:583 0
587:588 0
588:587 628 629 639 0
589:575 590 591 592 593 594 0
590:589 0
591:589 0
592:589 593 594 0
593:575 589 592 0
594:575 589 592 627 0
595:0
596:597 0
597:596 599 0
598:599 0
599:597 598 600 601 603 0
600:599 0
601:599 602 0
602:601 2451 4052 0
603:599 2299 2374 2429 0
604:109 206 605 606 0
605:604 914 918 0
606:604 0
607:570 610 0
608:570 611 0
609:566 570 571 572 574 612 617 618 0
610:607 611 615 0
611:608 610 616 0
612:609 613 614 0
613:612 0
614:612 4226 0
615:610 0
616:611 0
617:565 609 0
618:574 609 643 0
619:620 621 622 0
620:619 623 624 0
621:578 619 0
622:619 0
623:620 0
624:620 633 637 0
625:577 630 0
626:577 630 0
627:577 594 0
628:577 579 584 588 0
629:577 581 584 588 0
630:565 625 626 0
631:578 635 0
632:578 635 0
633:578 624 638 0
634:574 635 0
635:631 632 634 636 0
636:574 635 0
637:571 624 638 0
638:633 637 0
639:588 0
640:572 0
641:572 0
642:572 4126 4185 4212 0
643:618 0
644:197 565 953 2780 4194 4254 4255 0
645:646 647 648 649 0
646:645 701 705 709 732 0
647:645 0
648:645 0
649:645 0
650:651 652 653 0
651:650 666 667 668 669 0
652:650 0
653:650 668 749 0
654:655 0
655:654 656 657 0
656:655 683 690 691 692 693 0
657:655 707 709 712 0
658:659 660 0
659:658 766 0
660:658 714 747 771 787 788 0
661:662 0
662:661 772 795 797 798 0
663:664 665 0
664:663 667 674 0
665:663 715 0
666:651 0
667:651 664 670 671 672 673 0
668:651 653 713 714 0
669:651 754 755 0
670:667 673 725 760 0
671:667 673 722 760 0
672:667 742 769 770 0
673:667 670 671 747 760 774 775 776 0
674:664 713 715 716 717 0
675:676 0
676:675 677 678 679 680 681 0
677:676 721 722 0
678:676 722 727 728 729 0
679:676 728 0
680:676 747 773 0
681:676 0
682:0
683:656 684 685 686 0
684:683 0
685:683 0
686:546 683 706 760 764 782 0
687:688 689 0
688:687 0
689:687 731 732 0
690:656 0
691:656 0
692:656 705 730 0
693:656 0
694:0
695:0
696:0
697:0
698:0
699:0
700:701 0
701:646 700 702 703 704 0
702:701 705 706 0
703:701 0
704:701 711 781 0
705:646 692 702 750 762 763 764 0
706:686 702 767 0
707:657 0
708:709 0
709:646 657 708 710 711 0
710:709 0
711:704 709 765 0
712:657 763 799 800 0
713:668 674 0
714:660 668 0
715:665 674 0
716:674 739 740 0
717:674 771 0
718:719 0
719:718 720 0
720:719 725 734 746 747 748 0
721:677 0
722:671 677 678 734 737 0
723:724 0
724:723 725 726 0
725:670 720 724 748 759 0
726:724 788 806 0
727:678 0
728:678 679 736 761 0
729:678 747 0
730:692 0
731:689 0
732:646 689 784 0
733:734 0
734:720 722 733 735 736 737 0
735:734 738 0
736:728 734 779 780 0
737:722 734 796 0
738:735 0
739:716 0
740:716 752 756 0
741:742 743 744 745 0
742:672 741 744 0
743:741 789 791 0
744:741 742 755 793 0
745:741 785 803 0
746:720 0
747:660 673 680 720 729 748 753 0
748:720 725 747 777 0
749:653 0
750:705 0
751:752 0
752:740 751 753 0
753:747 752 778 0
754:669 0
755:669 744 768 0
756:740 0
757:758 0
758:757 0
759:725 0
760:670 671 673 686 782 802 0
761:728 0
762:705 0
763:705 712 792 0
764:686 705 807 0
765:711 0
766:659 0
767:706 0
768:755 0
769:672 0
770:672 0
771:660 717 0
772:662 0
773:680 0
774:673 0
775:673 0
776:673 0
777:748 0
778:753 0
779:736 0
780:736 804 0
781:704 0
782:686 760 783 0
783:782 0
784:732 0
785:745 786 0
786:785 0
787:660 0
788:660 726 805 0
789:743 790 0
790:789 0
791:743 0
792:763 0
793:744 0
794:795 0
795:662 794 0
796:737 0
797:662 0
798:662 0
799:712 0
800:712 0
801:0
802:760 3825 3844 3850 3852 3853 3854 0
803:745 0
804:780 0
805:788 0
806:726 0
807:764 0
808:809 810 811 0
809:808 812 813 814 815 0
810:808 834 835 0
811:808 815 825 854 0
812:809 813 832 833 834 0
813:809 812 814 836 837 0
814:809 813 844 845 847 848 0
815:809 811 817 905 0
816:817 0
817:815 816 819 827 828 829 0
818:819 820 821 822 0
819:817 818 823 824 825 826 0
820:818 821 824 853 0
821:818 820 831 853 855 856 0
822:818 856 875 0
823:819 0
824:819 820 854 0
825:811 819 874 0
826:819 875 886 897 0
827:817 0
828:817 894 0
829:817 880 897 1548 0
830:831 0
831:821 830 842 843 856 871 876 877 0
832:812 0
833:812 0
834:810 812 0
835:810 838 0
836:813 839 0
837:813 870 873 0
838:835 839 0
839:836 838 2380 2402 2475 0
840:841 842 843 0
841:840 857 858 0
842:831 840 848 880 0
843:831 840 846 848 860 878 895 896 0
844:814 0
845:814 846 0
846:843 845 848 0
847:814 849 850 851 852 0
848:814 842 843 846 0
849:847 903 0
850:847 904 0
851:847 864 0
852:847 864 0
853:820 821 854 0
854:811 824 853 0
855:821 0
856:821 822 831 881 0
857:841 871 872 0
858:841 907 0
859:860 0
860:843 859 0
861:862 0
862:861 864 866 869 870 0
863:864 0
864:851 852 862 863 865 0
865:864 0
866:862 867 868 0
867:866 870 0
868:866 0
869:862 0
870:837 862 867 0
871:831 857 0
872:857 906 0
873:837 4710 4855 0
874:825 882 0
875:822 826 889 890 0
876:831 0
877:831 891 0
878:843 879 0
879:878 4859 4861 0
880:829 842 892 893 0
881:856 0
882:874 883 0
883:882 2425 0
884:885 0
885:884 886 887 888 0
886:826 885 0
887:885 900 901 902 0
888:885 1418 0
889:875 0
890:875 899 0
891:877 0
892:880 0
893:880 897 1238 1535 1585 1586 0
894:456 828 0
895:843 898 0
896:843 0
897:826 829 893 0
898:895 0
899:890 900 0
900:887 899 902 0
901:887 0
902:887 900 1343 1344 0
903:849 1548 0
904:850 1548 0
905:815 0
906:872 907 0
907:858 906 908 0
908:907 4862 0
909:910 911 0
910:909 912 913 0
911:909 958 0
912:910 919 920 0
913:910 922 4433 4434 0
914:605 915 916 917 0
915:914 917 928 0
916:914 990 0
917:914 915 0
918:605 944 945 946 0
919:912 936 0
920:912 941 0
921:922 0
922:913 921 0
923:960 974 986 0
924:0
925:0
926:927 994 0
927:926 943 998 1001 0
928:915 0
929:0
930:0
931:0
932:0
933:0
934:0
935:0
936:919 937 938 939 940 0
937:936 954 0
938:936 0
939:936 990 998 999 0
940:936 991 0
941:920 942 943 0
942:941 943 1002 0
943:927 941 942 0
944:918 947 981 0
945:918 990 995 0
946:918 996 0
947:944 948 0
948:947 949 0
949:948 950 0
950:949 2374 0
951:952 0
952:951 953 0
953:197 644 952 4266 4267 0
954:937 955 956 957 0
955:954 0
956:954 0
957:954 0
958:911 981 0
959:967 968 0
960:923 984 0
961:0
962:965 0
963:992 0
964:989 1001 0
965:962 981 0
966:1005 1006 0
967:959 969 970 971 972 973 0
968:959 0
969:967 0
970:967 0
971:967 0
972:967 0
973:967 0
974:923 975 976 977 0
975:974 0
976:974 0
977:974 0
978:979 0
979:978 0
980:0
981:944 958 965 982 983 0
982:981 997 0
983:981 987 995 996 1003 1004 0
984:960 985 991 992 0
985:984 992 993 0
986:923 0
987:983 988 989 0
988:987 992 1003 0
989:964 987 1000 0
990:916 939 945 995 0
991:940 984 1000 0
992:963 984 985 988 0
993:985 1011 1012 0
994:926 997 0
995:945 983 990 996 999 1002 0
996:946 983 995 1002 1004 0
997:982 994 1002 0
998:927 939 0
999:939 995 0
1000:989 991 1001 1002 0
1001:927 964 1000 0
1002:942 995 996 997 1000 0
1003:983 988 0
1004:983 996 0
1005:966 1007 1008 0
1006:966 1009 1010 0
1007:1005 0
1008:1005 0
1009:1006 0
1010:1006 0
1011:993 1013 1014 0
1012:993 1015 1016 0
1013:1011 0
1014:1011 0
1015:1012 0
1016:1012 0
1017:1018 1019 0
1018:1017 1024 0
1019:1017 0
1020:1021 1022 1023 0
1021:1020 1023 0
1022:1020 1024 0
1023:1020 1021 1046 1087 0
1024:1018 1022 1037 1038 0
1025:1026 1027 1028 0
1026:1025 0
1027:1025 1072 0
1028:1025 1066 1069 1071 1106 0
1029:1030 1031 1032 1033 0
1030:1029 1034 1035 1036 0
1031:1029 1074 1075 0
1032:193 1029 0
1033:1029 1105 0
1034:1030 1075 1120 0
1035:139 1030 0
1036:1030 0
1037:1024 1039 1040 0
1038:1024 1110 1112 0
1039:1037 1049 0
1040:1037 1047 1076 0
1041:1042 1043 1044 0
1042:1041 1044 1045 1046 0
1043:1041 1115 0
1044:1041 1042 1046 1116 0
1045:1042 1047 1048 0
1046:1023 1042 1044 0
1047:249 1040 1045 1089 1091 0
1048:141 1045 0
1049:1039 0
1050:1051 1052 1053 1054 1055 0
1051:1050 1056 1057 1058 0
1052:1050 1056 1059 1060 0
1053:1050 1085 0
1054:1050 1099 1100 0
1055:1050 1098 0
1056:1051 1052 1061 1062 1063 0
1057:1051 1077 0
1058:1051 1090 0
1059:1052 1061 1092 0
1060:1052 1098 1111 1136 0
1061:1056 1059 1090 1093 0
1062:1056 0
1063:1056 1090 0
1064:1065 1066 1067 1068 1069 0
1065:141 1064 1070 1071 0
1066:1028 1064 1097 0
1067:1064 1095 1126 0
1068:1064 1095 1126 0
1069:1028 1064 1137 0
1070:1065 1073 0
1071:1028 1065 1083 0
1072:1027 1080 1087 1094 0
1073:1070 0
1074:1031 0
1075:1031 1034 1103 0
1076:1040 1077 1078 0
1077:1057 1076 1078 1100 0
1078:1076 1077 1136 0
1079:1080 1081 0
1080:1072 1079 1086 1087 0
1081:162 1079 1109 0
1082:1083 1084 0
1083:1071 1082 1097 0
1084:1082 1107 0
1085:1053 1090 0
1086:249 1080 0
1087:1023 1072 1080 1116 1125 0
1088:1089 1090 0
1089:1047 1088 1091 0
1090:1058 1061 1063 1085 1088 1115 1127 0
1091:249 1047 1089 0
1092:1059 1113 0
1093:1061 0
1094:1072 0
1095:1067 1068 1096 0
1096:1095 1122 1124 1134 0
1097:1066 1083 0
1098:1055 1060 0
1099:1054 1100 0
1100:1054 1077 1099 1111 0
1101:139 1102 0
1102:1101 4817 0
1103:193 1075 1104 0
1104:1103 0
1105:1033 0
1106:1028 1107 1108 0
1107:1084 1106 1108 0
1108:1106 1107 1137 0
1109:1081 0
1110:1038 0
1111:1060 1100 0
1112:1038 0
1113:1092 1114 0
1114:1113 0
1115:1043 1090 0
1116:1044 1087 0
1117:0
1118:0
1119:0
1120:1034 0
1121:1122 1123 0
1122:1096 1121 1124 0
1123:1121 1124 1126 0
1124:1096 1122 1123 1126 0
1125:1087 0
1126:1067 1068 1123 1124 0
1127:1090 0
1128:0
1129:1135 0
1130:0
1131:0
1132:0
1133:140 0
1134:141 1096 0
1135:1129 4828 4846 0
1136:1060 1078 0
1137:1069 1108 1138 0
1138:1137 0
1139:1140 1141 1142 1143 1144 0
1140:1139 1145 0
1141:1139 1145 0
1142:1139 1865 1866 0
1143:1139 1984 0
1144:1139 1865 0
1145:1140 1141 1377 1740 0
1146:1147 1148 1149 1150 1151 0
1147:398 1146 0
1148:1146 1336 1431 0
1149:1146 1600 0
1150:1146 1993 0
1151:1146 1996 0
1152:1153 0
1153:398 1152 1240 0
1154:1155 1156 1157 0
1155:1154 1735 0
1156:1154 2140 0
1157:1154 1783 0
1158:1159 1160 1161 0
1159:1158 1162 0
1160:1158 1162 1777 1778 0
1161:1158 1318 1973 0
1162:1159 1160 1321 1322 1593 1626 1779 1780 0
1163:1164 1165 1166 1167 1168 1169 1170 0
1164:1163 1171 1172 0
1165:1163 1166 0
1166:1163 1165 1201 0
1167:1163 1374 1625 1646 0
1168:1163 1594 0
1169:1163 1593 0
1170:1163 1909 1910 0
1171:1164 1592 1597 0
1172:1164 1452 1728 1739 1740 1741 1742 0
1173:1174 1175 1176 0
1174:1173 1874 0
1175:1173 1983 0
1176:1173 1651 0
1177:1178 1179 1180 1181 1182 1183 0
1178:1177 1184 1185 0
1179:1177 1184 1471 1482 1483 0
1180:1177 1512 1513 0
1181:1177 1615 1616 1617 0
1182:1177 1533 1664 0
1183:1177 1351 0
1184:1178 1179 1356 0
1185:1178 1193 1301 1341 1597 1615 1663 0
1186:1187 1188 0
1187:1186 1189 0
1188:1186 1366 1426 1430 0
1189:1187 1190 1191 0
1190:1189 1523 0
1191:1189 1426 0
1192:0
1193:1185 1194 1195 1196 1197 0
1194:1193 0
1195:1193 1196 1301 1302 1398 1570 0
1196:1193 1195 1636 1648 1649 0
1197:1193 1301 1309 1341 1685 0
1198:1199 0
1199:1198 1860 0
1200:1201 1202 1203 0
1201:1166 1200 0
1202:1200 1903 0
1203:1200 1352 0
1204:1205 1206 1207 0
1205:1204 1766 1846 0
1206:1204 1912 0
1207:1204 0
1208:1209 1210 1211 0
1209:1208 0
1210:1208 1228 1229 1245 1249 1796 0
1211:1208 0
1212:1213 0
1213:1212 1259 1260 1261 1262 1263 1264 1265 0
1214:1215 1216 1217 1218 1219 1220 0
1215:1214 1221 1222 0
1216:1214 1221 1223 1224 1225 1226 0
1217:1214 1236 0
1218:1214 1226 1734 1735 0
1219:1214 1534 0
1220:1214 1477 1505 1549 1577 1827 0
1221:1215 1216 1227 0
1222:1215 1254 1257 1258 0
1223:1216 1231 1232 1233 1234 1235 1236 0
1224:1216 1534 0
1225:1216 1537 0
1226:1216 1218 0
1227:1221 1348 1735 0
1228:1210 1229 1230 0
1229:1210 1228 1659 1660 1661 1662 0
1230:1228 1282 0
1231:1223 1233 1303 0
1232:1223 1443 1444 1445 0
1233:1223 1231 1840 0
1234:1223 1997 0
1235:1223 2023 0
1236:1217 1223 2211 0
1237:1242 0
1238:893 1258 1348 1576 1715 1716 0
1239:398 1783 0
1240:1153 0
1241:1537 0
1242:1237 1499 1548 1585 0
1243:1244 1245 1246 1247 0
1244:1243 1248 1249 0
1245:1210 1243 1250 1251 1252 1253 0
1246:1243 1247 1250 2232 0
1247:1243 1246 0
1248:372 1244 1465 1466 0
1249:1210 1244 1331 1659 1713 0
1250:1245 1246 1253 1466 0
1251:1245 2223 2224 0
1252:1245 2232 0
1253:1245 1250 2242 2243 0
1254:1222 1255 1256 0
1255:1254 1624 0
1256:1254 1749 0
1257:1222 1578 1707 0
1258:1222 1238 1747 0
1259:1213 0
1260:1213 1484 0
1261:1213 1732 0
1262:1213 1689 2060 0
1263:1213 1546 2094 0
1264:1213 1861 0
1265:1213 2007 0
1266:1267 1268 1269 1270 1271 0
1267:1266 1272 1273 0
1268:1266 1272 1409 1609 1610 1611 0
1269:1266 1816 0
1270:1266 1517 0
1271:1266 1409 0
1272:1267 1268 1612 0
1273:1267 1409 1411 0
1274:1275 1276 1277 1278 1279 0
1275:1274 1280 1281 0
1276:1274 1350 1547 0
1277:1274 1297 1702 0
1278:1274 1569 1667 1745 1781 0
1279:1274 1915 1916 0
1280:1275 1386 1387 0
1281:1275 1474 1512 1663 1793 1794 1795 0
1282:1230 1283 1284 1285 1286 0
1283:1282 2100 0
1284:1282 1440 0
1285:1282 2216 0
1286:1282 2192 0
1287:1288 1289 1290 1291 0
1288:1287 1390 1391 0
1289:1287 0
1290:1287 2003 0
1291:1287 1831 0
1292:1300 1301 1302 0
1293:1300 1371 1372 0
1294:0
1295:1574 0
1296:1667 1668 0
1297:1277 1362 1678 1679 1680 1681 0
1298:1558 0
1299:1323 0
1300:1292 1293 0
1301:1185 1195 1197 1292 1342 1591 0
1302:1195 1292 1597 1678 1731 0
1303:1231 0
1304:1305 1306 1307 0
1305:1304 1516 1517 1518 0
1306:1304 1724 1819 1821 0
1307:1304 1730 1739 0
1308:1309 0
1309:1197 1308 0
1310:1311 1312 0
1311:1310 1923 0
1312:1310 1924 0
1313:1314 0
1314:1313 1321 1322 1323 1324 0
1315:1316 1317 0
1316:1315 2157 0
1317:1315 2183 0
1318:1161 1319 1320 0
1319:1318 1867 0
1320:1318 1952 0
1321:1162 1314 1799 0
1322:1162 1314 1800 0
1323:1299 1314 1567 1634 1731 0
1324:1314 1692 0
1325:1326 1327 1328 1329 1330 1331 0
1326:1325 1479 1480 0
1327:1325 1439 1705 0
1328:1325 1480 1706 1713 1811 1812 0
1329:1325 1613 1705 1813 0
1330:1325 1930 1931 1932 1933 1934 1935 0
1331:1249 1325 0
1332:398 1333 0
1333:1332 1335 0
1334:398 4428 4429 0
1335:1333 1336 0
1336:1148 1335 0
1337:1338 0
1338:1337 1339 1340 0
1339:1338 1433 1437 0
1340:1338 1402 1608 0
1341:1185 1197 1342 0
1342:1301 1341 1354 1355 1568 1569 0
1343:902 1748 0
1344:902 1747 0
1345:503 1355 1568 0
1346:1347 1348 0
1347:1346 1349 0
1348:1227 1238 1346 0
1349:1347 2162 0
1350:1276 1351 0
1351:1183 1350 0
1352:1203 1353 0
1353:1352 1836 0
1354:1342 1355 1356 1357 0
1355:1342 1345 1354 1608 1652 0
1356:1184 1354 1561 0
1357:1354 2585 2751 0
1358:1359 1360 1361 0
1359:1358 1369 1370 0
1360:1358 1834 0
1361:1358 1966 1967 1968 0
1362:1297 1363 1364 0
1363:1362 1564 1565 1566 1567 0
1364:1362 1565 1975 1976 0
1365:1366 1367 1368 0
1366:1188 1365 1430 1486 1772 1773 1775 0
1367:1365 1457 1459 0
1368:1365 0
1369:1359 1594 1679 1743 1797 1798 0
1370:1359 0
1371:1293 0
1372:1293 0
1373:1374 1375 1376 1377 1378 1379 1380 1381 0
1374:1167 1373 0
1375:1373 1376 1670 0
1376:1373 1375 1456 1711 0
1377:1145 1373 1459 1527 1602 1723 1728 1729 0
1378:1373 1670 1802 0
1379:1373 1457 0
1380:1373 1988 0
1381:1373 1986 1987 0
1382:1383 0
1383:1382 1384 1385 0
1384:1383 1621 1825 1826 0
1385:1383 1773 0
1386:1280 1787 0
1387:1280 1884 1945 1989 1990 0
1388:1389 0
1389:1388 1536 0
1390:1288 1831 1832 1833 0
1391:1288 2101 0
1392:1393 0
1393:1392 1394 1398 1399 1400 0
1394:1393 1395 1396 1397 0
1395:1394 1506 0
1396:1394 1811 0
1397:1394 1812 0
1398:1195 1393 1450 0
1399:372 1393 1658 1703 0
1400:1393 1450 1486 0
1401:1402 1403 0
1402:1340 1401 1404 0
1403:1401 2039 0
1404:1402 1618 1620 0
1405:1406 1407 1408 1409 0
1406:1405 1407 1697 0
1407:1405 1406 1409 1411 1614 1697 1717 0
1408:1405 1824 0
1409:1268 1271 1273 1405 1407 1609 1614 1656 0
1410:1411 1412 0
1411:1273 1407 1410 0
1412:1410 1457 1458 1764 1830 0
1413:1414 1415 0
1414:1413 1667 0
1415:1413 1573 0
1416:1417 1418 1419 0
1417:1416 1420 1421 1422 0
1418:888 1416 0
1419:1416 2201 0
1420:1417 1422 1432 0
1421:1417 1535 0
1422:1417 1420 1587 0
1423:1424 1425 0
1424:1423 1849 0
1425:1423 1683 2123 0
1426:1188 1191 1427 1428 1429 0
1427:1426 1571 1674 1675 0
1428:1426 1621 0
1429:1426 1519 0
1430:1188 1366 0
1431:1148 2009 0
1432:1420 1575 0
1433:1339 1434 1435 1436 0
1434:1433 1563 0
1435:1433 1463 0
1436:1433 0
1437:1339 1561 1641 1644 0
1438:1439 1440 1441 1442 0
1439:1327 1438 1441 1609 1610 0
1440:1284 1438 0
1441:1438 1439 0
1442:1438 1610 0
1443:1232 2102 0
1444:1232 1508 0
1445:1232 2022 0
1446:0
1447:1693 1771 0
1448:1791 0
1449:1729 0
1450:1398 1400 1452 1570 0
1451:1452 0
1452:1172 1450 1451 1453 1658 1764 0
1453:1452 0
1454:552 1464 0
1455:1456 0
1456:1376 1455 2250 0
1457:1367 1379 1412 1458 1459 1460 0
1458:1412 1457 1817 1818 1819 0
1459:1367 1377 1457 0
1460:1457 1818 2020 2021 0
1461:1462 1463 0
1462:1461 1473 0
1463:1435 1461 0
1464:551 1454 1514 1654 1656 0
1465:1248 0
1466:1248 1250 0
1467:1468 1469 0
1468:1467 1718 0
1469:1467 1820 0
1470:1471 1472 0
1471:1179 1470 1481 0
1472:1470 1642 0
1473:1462 2551 2552 2553 2554 0
1474:1281 0
1475:1476 1477 1478 0
1476:1475 1537 0
1477:1220 1475 0
1478:1475 1993 0
1479:1326 0
1480:1326 1328 1552 0
1481:1471 0
1482:1179 1550 0
1483:1179 1529 0
1484:1260 1582 1860 1861 1862 1863 0
1485:1486 1487 0
1486:1366 1400 1485 1488 0
1487:1485 1571 0
1488:1486 1854 1855 0
1489:1490 1491 0
1490:1489 1494 1578 0
1491:478 1489 1849 1850 0
1492:1493 1494 1495 0
1493:1492 1496 0
1494:1490 1492 1504 1639 1640 0
1495:1492 1847 0
1496:1493 2040 0
1497:1498 1499 0
1498:1497 1500 0
1499:1242 1497 1501 0
1500:1498 1638 1707 0
1501:1499 1578 1579 0
1502:1503 1504 1505 0
1503:1502 1632 0
1504:1494 1502 1708 0
1505:1220 1502 0
1506:1395 1507 1508 1509 1510 1511 0
1507:1506 1720 1721 1722 0
1508:1444 1506 0
1509:1506 0
1510:1506 0
1511:1506 2064 0
1512:1180 1281 1513 0
1513:1180 1512 2145 0
1514:1464 1515 0
1515:1514 1940 0
1516:1305 0
1517:1270 1305 0
1518:1305 0
1519:1429 1520 0
1520:1519 1521 0
1521:1520 1689 1712 0
1522:478 0
1523:1190 1691 1757 0
1524:1525 1526 1527 1528 0
1525:1524 1572 0
1526:1524 1754 0
1527:1377 1524 1603 0
1528:1524 2035 2057 2070 2071 0
1529:1483 1530 1531 1532 1533 0
1530:1529 1776 0
1531:1529 1904 1906 2014 2072 0
1532:1529 2012 0
1533:1182 1529 0
1534:1219 1224 1577 0
1535:893 1421 0
1536:1389 1549 0
1537:1225 1241 1476 1549 1756 0
1538:0
1539:0
1540:1589 1784 0
1541:1847 0
1542:2019 0
1543:2068 0
1544:0
1545:1590 0
1546:1263 0
1547:1276 2026 2089 2090 0
1548:829 903 904 1242 0
1549:1220 1536 1537 0
1550:1482 1551 0
1551:1550 1559 1561 1562 0
1552:1480 0
1553:1554 1555 1556 1557 0
1554:1553 1558 0
1555:1553 1690 0
1556:1553 1738 0
1557:1553 1911 0
1558:1298 1554 0
1559:1551 1560 0
1560:1559 1641 1645 0
1561:1356 1437 1551 1562 0
1562:1551 1561 0
1563:1434 1643 0
1564:1363 1633 1634 0
1565:1363 1364 2103 2104 0
1566:1363 2105 2106 0
1567:1323 1363 1888 0
1568:1342 1345 1746 0
1569:1278 1342 0
1570:1195 1450 0
1571:1427 1487 0
1572:1525 1754 0
1573:481 1415 0
1574:1295 1584 0
1575:1432 1576 0
1576:1238 1575 1628 1629 1631 0
1577:1220 1534 1756 0
1578:512 1257 1490 1501 0
1579:1501 1636 1647 0
1580:1581 1582 1583 0
1581:1580 1911 0
1582:1484 1580 0
1583:1580 1765 0
1584:1574 2129 0
1585:893 1242 0
1586:893 1716 0
1587:1422 0
1588:1589 0
1589:1540 1588 0
1590:1545 0
1591:1301 0
1592:1171 1593 1594 1595 1596 0
1593:1162 1169 1592 1769 0
1594:1168 1369 1592 1822 1823 0
1595:1592 1966 2075 2081 2136 2137 0
1596:1592 2251 0
1597:1171 1185 1302 1743 0
1598:1599 0
1599:1598 1600 0
1600:1149 1599 0
1601:1602 1603 1604 1605 1606 1607 0
1602:1377 1601 0
1603:1527 1601 0
1604:1601 1907 0
1605:1601 1607 1938 0
1606:1601 1994 0
1607:1601 1605 1994 2181 0
1608:1340 1355 1650 1651 0
1609:1268 1409 1439 1613 1614 0
1610:1268 1439 1442 1611 0
1611:1268 1610 1814 1815 1816 0
1612:1272 2256 0
1613:1329 1609 0
1614:1407 1409 1609 0
1615:1181 1185 0
1616:1181 1838 1857 1858 0
1617:1181 1914 2037 2078 2142 0
1618:1404 1619 0
1619:1618 1946 0
1620:1404 1667 1746 0
1621:1384 1428 1622 1623 0
1622:1621 1758 1859 0
1623:1621 0
1624:1255 1845 0
1625:1167 1626 1627 0
1626:1162 1625 1829 0
1627:1625 1646 1971 0
1628:1576 0
1629:1576 1630 0
1630:1629 2146 0
1631:1576 2162 0
1632:1503 1768 0
1633:1564 2062 0
1634:1323 1564 1888 0
1635:1636 0
1636:1196 1579 1635 0
1637:512 1638 1639 1640 0
1638:1500 1637 0
1639:1494 1637 1759 0
1640:1494 1637 0
1641:1437 1560 1642 1643 1644 1645 0
1642:1472 1641 0
1643:1563 1641 1645 0
1644:1437 1641 0
1645:1560 1641 1643 0
1646:1167 1627 1963 2045 0
1647:1579 0
1648:1196 0
1649:1196 1685 1785 0
1650:1608 2148 0
1651:1176 1608 2218 0
1652:1355 2892 2893 0
1653:1658 0
1654:1464 1666 0
1655:1775 0
1656:1409 1464 0
1657:2252 0
1658:1399 1452 1653 0
1659:1229 1249 0
1660:1229 0
1661:1229 1662 1796 0
1662:1229 1661 2246 2247 0
1663:1185 1281 0
1664:1182 1665 0
1665:1664 2054 2056 0
1666:1654 1941 2151 0
1667:1278 1296 1414 1620 0
1668:1296 1898 0
1669:1670 0
1670:1375 1378 1669 0
1671:1672 1673 0
1672:1671 1758 1791 0
1673:1671 1771 0
1674:1427 1675 1676 1677 0
1675:1427 1674 1770 0
1676:1674 1773 1774 0
1677:1674 1774 2100 0
1678:1297 1302 0
1679:1297 1369 1743 0
1680:1297 1953 1975 2073 0
1681:1297 1953 2074 2103 0
1682:1683 1684 0
1683:1425 1682 0
1684:1682 1912 0
1685:1197 1649 0
1686:0
1687:1795 0
1688:1779 0
1689:1262 1521 1690 1691 0
1690:1555 1689 0
1691:1523 1689 0
1692:1324 1736 0
1693:1447 1757 0
1694:1763 0
1695:1750 1841 0
1696:1762 1843 0
1697:1406 1407 0
1698:1699 0
1699:1698 1700 1701 0
1700:1699 1996 0
1701:1699 1997 0
1702:1277 1956 2155 0
1703:1399 1704 1705 0
1704:1703 1706 0
1705:1327 1329 1703 0
1706:1328 1704 0
1707:1257 1500 1708 1709 1710 0
1708:1504 1707 0
1709:1707 1845 0
1710:1707 0
1711:1376 0
1712:1521 1841 0
1713:1249 1328 1714 0
1714:1713 2158 2159 2160 0
1715:1238 0
1716:1238 1586 0
1717:1407 2059 0
1718:1468 1719 0
1719:1718 1826 0
1720:1507 2102 0
1721:1507 1939 0
1722:1507 2213 0
1723:1377 1724 1725 1726 1727 0
1724:1306 1723 1730 0
1725:1723 1727 0
1726:1723 1866 2066 0
1727:1723 1725 1907 2035 0
1728:1172 1377 0
1729:1377 1449 0
1730:1307 1724 0
1731:1302 1323 0
1732:1261 1733 0
1733:1732 1758 1852 1853 0
1734:1218 1755 0
1735:1155 1218 1227 1747 1755 0
1736:1692 1737 1738 0
1737:1736 2176 0
1738:1556 1736 0
1739:1172 1307 0
1740:1145 1172 0
1741:1172 0
1742:1172 0
1743:1369 1597 1679 0
1744:1745 0
1745:1278 1744 0
1746:1568 1620 1752 0
1747:1258 1344 1735 1748 1749 0
1748:1343 1747 0
1749:1256 1747 0
1750:1695 1751 0
1751:1750 2164 2172 0
1752:1746 1753 0
1753:1752 1760 0
1754:1526 1572 2173 0
1755:1734 1735 0
1756:1537 1577 0
1757:1523 1693 1758 0
1758:1622 1672 1733 1757 1792 0
1759:1639 0
1760:1753 1761 0
1761:1760 0
1762:1696 0
1763:1694 0
1764:1412 1452 0
1765:1583 1766 1767 0
1766:1205 1765 0
1767:1765 2200 0
1768:1632 1820 0
1769:1593 1883 2107 0
1770:1675 0
1771:1447 1673 0
1772:1366 0
1773:1366 1385 1676 1774 0
1774:1676 1677 1773 0
1775:1366 1655 0
1776:1530 1943 2091 0
1777:1160 1799 1800 1801 0
1778:1160 2153 0
1779:1162 1688 0
1780:1162 2137 0
1781:1278 0
1782:497 2123 0
1783:1157 1239 0
1784:1540 1785 1786 0
1785:1649 1784 0
1786:1784 0
1787:1386 1870 1877 1937 1945 2182 0
1788:1789 1790 0
1789:1788 2140 0
1790:1788 2162 0
1791:1448 1672 0
1792:1758 0
1793:1281 1838 0
1794:1281 1869 0
1795:1281 1687 0
1796:1210 1661 0
1797:1369 1961 2043 0
1798:1369 1955 2043 2214 0
1799:1321 1777 0
1800:1322 1777 0
1801:1777 1951 1952 0
1802:1378 2156 0
1803:2225 0
1804:2222 0
1805:2215 0
1806:2159 0
1807:2216 0
1808:2225 0
1809:2231 0
1810:2230 0
1811:1328 1396 0
1812:1328 1397 0
1813:1329 2191 2192 2193 2194 2195 2196 0
1814:1611 0
1815:1611 0
1816:1269 1611 0
1817:1458 2120 0
1818:1458 1460 1981 2033 0
1819:1306 1458 0
1820:1469 1768 0
1821:1306 0
1822:1594 2168 2238 0
1823:1594 2167 2188 0
1824:1408 2171 0
1825:1384 0
1826:1384 1719 0
1827:1220 0
1828:1829 0
1829:1626 1828 0
1830:1412 1981 2020 2170 2236 0
1831:1291 1390 0
1832:1390 1867 2127 2128 0
1833:1390 0
1834:1360 1835 1836 1837 0
1835:1834 1908 0
1836:1353 1834 0
1837:1834 2082 0
1838:1616 1793 1839 0
1839:1838 0
1840:1233 2203 2209 0
1841:1695 1712 2163 2164 2187 2208 0
1842:0
1843:1696 0
1844:2255 0
1845:1624 1709 0
1846:1205 0
1847:1495 1541 1848 0
1848:1847 1850 2087 2198 0
1849:1424 1491 1851 0
1850:1491 1848 2041 2152 2169 0
1851:1849 0
1852:1733 0
1853:1733 2179 0
1854:1488 0
1855:1488 1856 0
1856:1855 1939 0
1857:1616 2178 0
1858:1616 2080 2149 2205 0
1859:1622 2179 0
1860:1199 1484 0
1861:1264 1484 0
1862:1484 2079 0
1863:1484 2200 0
1864:0
1865:1142 1144 2017 2018 0
1866:1142 1726 0
1867:1319 1832 0
1868:1869 1870 0
1869:1794 1868 1876 1877 1878 1879 1880 0
1870:1787 1868 0
1871:1872 1873 0
1872:1871 1914 1919 0
1873:1871 2032 0
1874:1174 1875 0
1875:1874 0
1876:1869 0
1877:1787 1869 0
1878:1869 2025 0
1879:1869 2109 0
1880:1869 2089 0
1881:1882 1883 0
1882:1881 2028 2110 2139 0
1883:1769 1881 0
1884:1387 1885 0
1885:1884 0
1886:1887 1888 0
1887:1886 2000 0
1888:1567 1634 1886 2029 0
1889:1950 2030 2031 2032 0
1890:1914 2051 0
1891:0
1892:1913 0
1893:2050 2131 0
1894:2049 0
1895:0
1896:2233 0
1897:1898 1899 0
1898:1668 1897 0
1899:1897 2004 0
1900:1901 1902 0
1901:1900 2093 0
1902:1900 2033 0
1903:1202 1977 0
1904:1531 1905 1906 0
1905:1904 2092 0
1906:1531 1904 0
1907:1604 1727 0
1908:1835 1936 0
1909:1170 0
1910:1170 0
1911:1557 1581 0
1912:1206 1684 0
1913:1892 1914 0
1914:1617 1872 1890 1913 2048 2069 0
1915:1279 1917 1918 0
1916:1279 2182 0
1917:1915 1956 1989 0
1918:1915 1989 0
1919:1872 2190 0
1920:1921 1922 0
1921:1920 1969 0
1922:1920 2206 2207 0
1923:1311 0
1924:1312 1925 0
1925:1924 0
1926:1927 1928 1929 0
1927:1926 1928 2073 0
1928:1926 1927 0
1929:1926 2125 0
1930:1330 1935 1940 0
1931:1330 1933 1934 0
1932:1330 1933 0
1933:1330 1931 1932 1935 0
1934:1330 1931 1940 0
1935:1330 1930 1933 0
1936:1908 1937 0
1937:1787 1936 2044 0
1938:1605 1994 2071 0
1939:1721 1856 0
1940:1515 1930 1934 1941 0
1941:1666 1940 2151 0
1942:1943 1944 0
1943:1776 1942 2099 0
1944:1942 2099 0
1945:1387 1787 0
1946:1619 1947 0
1947:1946 0
1948:1949 1950 0
1949:1948 2134 0
1950:1889 1948 2175 2206 0
1951:1801 0
1952:1320 1801 0
1953:1680 1681 1954 1955 0
1954:1953 1956 1957 0
1955:1798 1953 1961 0
1956:1702 1917 1954 0
1957:1954 2202 0
1958:1959 1960 1961 0
1959:1958 2111 2189 0
1960:1958 2107 2238 0
1961:1797 1955 1958 2189 2214 0
1962:1963 1964 1965 0
1963:1646 1962 0
1964:1962 1970 0
1965:1962 2001 0
1966:1361 1595 2015 0
1967:1361 1968 2042 0
1968:1361 1967 0
1969:1921 0
1970:1964 1971 0
1971:1627 1970 0
1972:1973 1974 0
1973:1161 1972 0
1974:1972 0
1975:1364 1680 0
1976:1364 2103 0
1977:1903 1978 1979 0
1978:1977 1980 0
1979:1977 1995 0
1980:1978 2126 2147 0
1981:1818 1830 1982 0
1982:1981 2020 2033 0
1983:1175 2039 0
1984:1143 1985 0
1985:1984 2066 0
1986:1381 1987 0
1987:1381 1986 0
1988:1380 2126 0
1989:1387 1917 1918 1991 1992 0
1990:1387 2075 0
1991:1989 2016 2042 2044 0
1992:1989 2210 0
1993:1150 1478 0
1994:1606 1607 1938 0
1995:1979 2045 0
1996:1151 1700 0
1997:1234 1701 0
1998:1999 2000 2001 0
1999:1998 2139 0
2000:1887 1998 0
2001:1965 1998 2137 0
2002:2003 2004 0
2003:1290 2002 0
2004:1899 2002 2083 0
2005:2006 2007 0
2006:2005 2008 2113 0
2007:1265 2005 0
2008:2006 0
2009:1431 2010 0
2010:2009 0
2011:2012 2013 0
2012:1532 2011 0
2013:2011 2014 0
2014:1531 2013 0
2015:1966 2016 0
2016:1991 2015 2166 0
2017:1865 0
2018:1865 2126 0
2019:1542 0
2020:1460 1830 1982 0
2021:1460 0
2022:1445 2023 0
2023:1235 2022 0
2024:2025 2026 0
2025:1878 2024 2085 2086 2145 0
2026:1547 2024 0
2027:2028 2029 0
2028:1882 2027 0
2029:1888 2027 0
2030:1889 2116 2119 0
2031:1889 2052 0
2032:1873 1889 2047 0
2033:1818 1902 1982 0
2034:2035 0
2035:1528 1727 2034 2036 2057 0
2036:2035 0
2037:1617 2038 0
2038:2037 2134 0
2039:1403 1983 0
2040:1496 2041 0
2041:1850 2040 2152 0
2042:1967 1991 2043 0
2043:1797 1798 2042 0
2044:1937 1991 0
2045:1646 1995 2098 0
2046:2047 2048 0
2047:2032 2046 0
2048:1914 2046 0
2049:1894 2050 0
2050:1893 2049 0
2051:1890 2052 0
2052:2031 2051 2124 0
2053:2054 2055 0
2054:1665 2053 0
2055:2053 0
2056:1665 0
2057:1528 2035 0
2058:2059 0
2059:1717 2058 0
2060:1262 2061 0
2061:2060 2177 0
2062:1633 2063 0
2063:2062 2110 2111 2112 0
2064:1511 2065 0
2065:2064 0
2066:1726 1985 0
2067:2068 0
2068:1543 2067 0
2069:1914 2135 0
2070:1528 0
2071:1528 1938 0
2072:1531 2095 0
2073:1680 1927 2074 0
2074:1681 2073 0
2075:1595 1990 2165 0
2076:2077 2078 0
2077:2076 2150 0
2078:1617 2076 0
2079:1862 0
2080:1858 0
2081:1595 2082 0
2082:1837 2081 0
2083:2004 2138 0
2084:2085 2086 0
2085:2025 2084 0
2086:2025 2084 0
2087:1848 2088 0
2088:2087 2154 0
2089:1547 1880 0
2090:1547 0
2091:1776 2092 0
2092:1905 2091 0
2093:1901 2120 0
2094:1263 2161 0
2095:2072 2114 0
2096:2097 2098 0
2097:2096 2108 2197 0
2098:2045 2096 0
2099:1943 1944 0
2100:1283 1677 0
2101:1391 0
2102:1443 1720 0
2103:1565 1681 1976 2188 2189 0
2104:1565 2105 2180 0
2105:1566 2104 2125 0
2106:1566 2112 2180 0
2107:1769 1960 2108 0
2108:2097 2107 0
2109:1879 2135 0
2110:1882 2063 0
2111:1959 2063 0
2112:2063 2106 0
2113:2006 0
2114:2095 2141 0
2115:2116 2117 2118 0
2116:2030 2115 0
2117:2115 2118 2143 2144 0
2118:2115 2117 2212 0
2119:2030 2241 2244 0
2120:1817 2093 2121 2122 0
2121:2120 0
2122:2120 2249 0
2123:1425 1782 2169 0
2124:2052 2132 0
2125:1929 2105 0
2126:1980 1988 2018 0
2127:1832 2128 0
2128:1832 2127 0
2129:1584 0
2130:2131 0
2131:1893 2130 0
2132:2124 2133 0
2133:2132 2142 2190 0
2134:1949 2038 2175 0
2135:2069 2109 0
2136:1595 0
2137:1595 1780 2001 2197 0
2138:2083 0
2139:1882 1999 0
2140:1156 1789 0
2141:2114 2178 0
2142:1617 2133 0
2143:2117 0
2144:2117 0
2145:1513 2025 0
2146:1630 2157 0
2147:1980 0
2148:1650 0
2149:1858 2150 0
2150:2077 2149 0
2151:1666 1941 0
2152:1850 2041 2169 0
2153:1778 0
2154:2088 2198 0
2155:1702 2234 0
2156:1802 0
2157:1316 2146 0
2158:1714 2222 0
2159:1714 1806 0
2160:1714 2222 0
2161:2094 0
2162:1349 1631 1790 2183 2184 0
2163:1841 2164 0
2164:1751 1841 2163 0
2165:2075 2220 2237 0
2166:2016 2167 2168 0
2167:1823 2166 0
2168:1822 2166 0
2169:1850 2123 2152 0
2170:1830 2171 0
2171:1824 2170 2236 2239 0
2172:1751 2187 0
2173:1754 2174 0
2174:2173 2185 0
2175:1950 2134 0
2176:1737 2208 0
2177:2061 0
2178:1857 2141 2205 0
2179:1853 1859 2186 0
2180:2104 2106 0
2181:1607 2249 0
2182:1787 1916 0
2183:1317 2162 0
2184:2162 0
2185:2174 0
2186:2179 0
2187:1841 2172 0
2188:1823 2103 2214 0
2189:1959 1961 2103 0
2190:1919 2133 0
2191:1813 2217 0
2192:1286 1813 2193 2226 0
2193:1813 2192 2221 0
2194:1813 2228 0
2195:1813 2221 0
2196:1813 2221 0
2197:2097 2137 0
2198:1848 2154 2199 0
2199:2198 0
2200:1767 1863 0
2201:1419 0
2202:1957 2235 2237 0
2203:1840 2204 0
2204:2203 0
2205:1858 2178 2248 0
2206:1922 1950 0
2207:1922 2244 0
2208:1841 2176 0
2209:1840 0
2210:1992 2234 0
2211:1236 0
2212:2118 0
2213:1722 0
2214:1798 1961 2188 0
2215:1805 2216 0
2216:1285 1807 2215 2229 0
2217:2191 2227 2228 0
2218:1651 2219 0
2219:2218 0
2220:2165 0
2221:2193 2195 2196 0
2222:1804 2158 2160 2225 0
2223:1251 0
2224:1251 0
2225:1803 1808 2222 0
2226:2192 2227 2228 0
2227:2217 2226 2229 0
2228:2194 2217 2226 0
2229:2216 2227 0
2230:1810 2231 0
2231:1809 2230 0
2232:1246 1252 2245 0
2233:1896 0
2234:2155 2210 2235 0
2235:2202 2234 2240 0
2236:1830 2171 0
2237:2165 2202 0
2238:1822 1960 0
2239:2171 0
2240:2235 0
2241:2119 0
2242:1253 0
2243:1253 0
2244:2119 2207 0
2245:2232 0
2246:1662 0
2247:1662 0
2248:2205 0
2249:2122 2181 0
2250:1456 0
2251:1596 0
2252:1657 0
2253:2254 2255 0
2254:2253 2256 0
2255:1844 2253 0
2256:1612 2254 0
2257:2258 2259 0
2258:2257 2267 0
2259:2257 2267 0
2260:0
2261:2262 2263 0
2262:2261 2283 2284 0
2263:2261 2461 0
2264:2265 2266 0
2265:2264 0
2266:2264 2471 0
2267:456 2258 2259 0
2268:2269 2270 0
2269:2268 2324 2466 0
2270:2268 2379 4783 4798 0
2271:2272 2273 0
2272:463 2271 2311 2444 0
2273:2271 2339 0
2274:2275 2276 0
2275:2274 2312 0
2276:2274 2339 2410 2463 0
2277:2278 2279 0
2278:2277 2411 0
2279:2277 2281 0
2280:2281 2282 0
2281:2279 2280 2361 0
2282:463 2280 0
2283:2262 2284 2285 2286 0
2284:2262 2283 2285 2398 2418 2430 0
2285:2283 2284 2286 0
2286:2283 2285 2462 2467 2468 0
2287:2288 0
2288:452 2287 2289 0
2289:452 2288 2297 2298 0
2290:2296 0
2291:0
2292:2296 0
2293:2295 2454 0
2294:2454 0
2295:2293 0
2296:2290 2292 2409 2427 0
2297:2289 2301 0
2298:2289 2459 2460 0
2299:452 603 2300 2318 2319 2320 2321 2322 0
2300:452 2299 2320 2321 0
2301:2297 2441 0
2302:2303 2304 0
2303:2302 2309 0
2304:2302 2444 0
2305:2306 0
2306:2305 2310 0
2307:2308 2309 0
2308:2307 2311 0
2309:2303 2307 0
2310:2306 2317 0
2311:2272 2308 2375 0
2312:463 2275 2411 0
2313:2314 2315 2316 0
2314:2313 2338 0
2315:2313 2402 0
2316:2313 2469 2470 2471 2472 2473 2474 0
2317:2310 2455 0
2318:2299 2319 2371 2372 2373 2374 0
2319:2299 2318 2322 2419 2420 2421 0
2320:2299 2300 2347 0
2321:2299 2300 2367 2438 0
2322:2299 2319 2327 0
2323:2324 0
2324:2269 2323 2325 2326 2327 0
2325:2324 0
2326:2324 2343 0
2327:2322 2324 2397 2398 2414 0
2328:2329 2330 0
2329:2328 2377 2408 2409 0
2330:2328 0
2331:2332 2333 0
2332:2331 2340 2435 2436 0
2333:2331 2431 0
2334:2335 2336 2337 0
2335:2334 2338 2339 0
2336:2334 2354 4451 0
2337:2334 2355 0
2338:2314 2335 0
2339:2273 2276 2335 2453 0
2340:2332 2341 0
2341:2340 2401 2441 0
2342:2343 2344 0
2343:2326 2342 0
2344:2342 2476 0
2345:2346 2347 2348 0
2346:2345 2347 2428 0
2347:2320 2345 2346 2439 2440 2445 2452 0
2348:2345 2367 0
2349:2350 2351 0
2350:2349 2368 0
2351:2349 2426 2458 0
2352:2353 2354 2355 0
2353:2352 0
2354:2336 2352 4591 0
2355:2337 2352 0
2356:0
2357:0
2358:2361 0
2359:2360 4475 4650 0
2360:2359 2470 4466 4589 4674 0
2361:2281 2358 0
2362:2363 2364 0
2363:2362 2405 0
2364:2362 2458 0
2365:2366 2367 0
2366:2365 2397 0
2367:2321 2348 2365 2430 2438 2439 2440 0
2368:2350 2416 2426 0
2369:2370 0
2370:2369 2393 2422 2423 0
2371:2318 0
2372:2318 0
2373:2318 0
2374:603 950 2318 2448 0
2375:2311 2378 0
2376:2377 0
2377:2329 2376 0
2378:2375 2379 0
2379:2270 2378 4821 0
2380:839 2381 0
2381:2380 2390 0
2382:2383 2384 2385 2386 2387 0
2383:2382 2388 2389 0
2384:2382 0
2385:2382 0
2386:2382 2387 0
2387:2382 2386 0
2388:2383 0
2389:2383 2428 0
2390:2381 2410 0
2391:2392 0
2392:2391 2393 0
2393:2370 2392 2394 0
2394:2393 2424 2425 0
2395:2396 2397 2398 0
2396:2395 0
2397:2327 2366 2395 2414 0
2398:2284 2327 2395 0
2399:2400 2401 0
2400:2399 0
2401:2341 2399 2435 0
2402:839 2315 0
2403:2404 0
2404:464 2403 0
2405:2363 2417 2442 2443 0
2406:2425 0
2407:2443 0
2408:2329 2409 0
2409:457 2296 2329 2408 2465 0
2410:2276 2390 0
2411:2278 2312 0
2412:2413 0
2413:2412 0
2414:2327 2397 0
2415:2416 2417 0
2416:2368 2415 0
2417:2405 2415 0
2418:2284 0
2419:2319 0
2420:2319 0
2421:142 2319 0
2422:2370 2423 0
2423:2370 2422 0
2424:2394 0
2425:883 2394 2406 0
2426:2351 2368 0
2427:436 2296 0
2428:2346 2389 0
2429:603 4476 4798 0
2430:2284 2367 0
2431:2333 0
2432:0
2433:0
2434:0
2435:2332 2401 0
2436:2332 2441 0
2437:2438 0
2438:2321 2367 2437 0
2439:2347 2367 0
2440:2347 2367 0
2441:2301 2341 2436 0
2442:2405 0
2443:2405 2407 2458 0
2444:2272 2304 0
2445:2347 2446 0
2446:2445 0
2447:2448 2449 0
2448:2374 2447 2450 2455 2456 0
2449:2447 0
2450:2448 2451 0
2451:602 2450 0
2452:2347 0
2453:2339 4679 0
2454:2293 2294 0
2455:2317 2448 0
2456:2448 2457 0
2457:2456 4820 4822 4824 0
2458:2351 2364 2443 0
2459:2298 0
2460:2298 0
2461:2263 0
2462:2286 0
2463:2276 4486 4509 4535 4697 0
2464:2465 0
2465:457 2409 2464 0
2466:2269 4798 0
2467:2286 0
2468:2286 0
2469:2316 0
2470:2316 2360 4621 4622 0
2471:2266 2316 0
2472:2316 2474 4621 4695 4696 0
2473:2316 4747 4748 4750 0
2474:2316 2472 4747 0
2475:839 4660 4709 4710 0
2476:2344 0
2477:2478 2479 0
2478:2477 4504 4505 4506 4507 0
2479:2477 4636 0
2480:2481 0
2481:2480 2482 2483 0
2482:2481 2582 2585 2586 2587 0
2483:2481 2585 2587 2619 2704 2716 2719 0
2484:553 2640 2641 2642 2643 2644 0
2485:553 2672 2967 2968 2969 2970 0
2486:2487 2488 0
2487:2486 2655 3073 0
2488:2486 2513 3074 0
2489:2490 2491 0
2490:2489 2535 2647 2651 2652 2653 0
2491:2489 2971 2972 0
2492:0
2493:0
2494:2495 2496 0
2495:2494 2497 0
2496:2494 0
2497:2495 2589 2890 0
2498:2499 2500 0
2499:2498 2872 0
2500:2498 0
2501:2516 0
2502:2609 2610 0
2503:2731 0
2504:2611 2612 2869 2887 0
2505:2610 2920 0
2506:2925 0
2507:2926 0
2508:2988 0
2509:3040 0
2510:2761 0
2511:2700 3043 0
2512:2513 2514 2515 0
2513:2488 2512 2654 2655 2656 2657 0
2514:2512 2700 2939 0
2515:2512 2711 2721 2992 2993 0
2516:2501 2876 3000 0
2517:0
2518:0
2519:2557 2558 0
2520:2741 2742 2743 0
2521:2607 2875 2895 2896 2897 0
2522:2936 2937 0
2523:2819 0
2524:2607 0
2525:0
2526:0
2527:3202 0
2528:2591 3262 0
2529:2530 2531 0
2530:126 2529 4206 4207 0
2531:2529 4182 4229 0
2532:2533 0
2533:2532 2534 2535 2536 2537 0
2534:2533 0
2535:2490 2533 2549 2722 2723 0
2536:2533 2706 2915 2916 0
2537:2533 2549 2612 2706 2927 2928 0
2538:2539 2540 2541 2542 2543 0
2539:2538 0
2540:2538 2544 3010 0
2541:2538 0
2542:2538 2543 2545 2903 0
2543:2538 2542 0
2544:2540 2545 2546 0
2545:2542 2544 2569 2692 2693 2902 2903 0
2546:2544 0
2547:2548 2549 2550 0
2548:2547 2621 2623 2664 2688 2689 2690 0
2549:2535 2537 2547 2618 2620 2824 2825 0
2550:2547 0
2551:1473 2552 2577 2578 2579 0
2552:1473 2551 3045 0
2553:1473 2554 3045 3122 3146 0
2554:1473 2553 2579 3068 3118 0
2555:2556 0
2556:2555 2742 0
2557:2519 3013 3014 3015 3016 0
2558:2519 2917 3311 0
2559:2560 2561 2562 2563 0
2560:2559 0
2561:2559 2563 2647 2648 2867 2868 0
2562:2559 0
2563:2559 2561 0
2564:2565 2566 0
2565:2564 2738 2767 2801 0
2566:2564 3027 3028 3029 3030 0
2567:2568 0
2568:2567 2569 2570 0
2569:2545 2568 2826 0
2570:2568 3034 3035 3036 3037 3038 3039 0
2571:2572 2573 2574 2575 0
2572:2571 2576 3041 0
2573:2571 2575 3060 3063 3064 3065 0
2574:2571 3060 3286 0
2575:2571 2573 0
2576:2572 0
2577:2551 0
2578:2551 2994 2995 3266 0
2579:2551 2554 2995 0
2580:2646 0
2581:0
2582:2482 2841 2844 2850 2891 2892 0
2583:2836 3004 0
2584:3032 3033 3044 3045 0
2585:1357 2482 2483 2619 0
2586:2482 2619 2630 0
2587:2482 2483 2898 0
2588:2589 0
2589:2497 2588 0
2590:2591 0
2591:2528 2590 2592 0
2592:2591 2905 2966 0
2593:554 2594 2595 2596 0
2594:554 2593 2642 2645 0
2595:2593 0
2596:2593 0
2597:2598 2599 2600 2601 0
2598:2597 2600 2601 0
2599:2597 3233 3234 3235 0
2600:2597 2598 2601 0
2601:2597 2598 2600 0
2602:0
2603:0
2604:2605 2606 0
2605:2604 2734 2735 2736 2737 0
2606:2604 0
2607:2521 2524 2608 0
2608:2607 2803 0
2609:2502 0
2610:2502 2505 2911 0
2611:2504 2612 2613 0
2612:2504 2537 2611 2660 2663 2664 2665 2666 0
2613:2611 0
2614:2615 2616 2617 0
2615:2614 2618 2624 0
2616:2614 2618 2625 0
2617:2614 2688 2944 2947 2948 2949 0
2618:2549 2615 2616 2619 2620 2621 2622 0
2619:2483 2585 2586 2618 2623 0
2620:2549 2618 2634 0
2621:2548 2618 2802 0
2622:2618 0
2623:2548 2619 2691 0
2624:2615 2625 0
2625:2616 2624 0
2626:2627 2628 0
2627:2626 2628 2713 2714 2932 3047 3048 0
2628:2626 2627 3181 3182 3183 0
2629:2630 2631 2632 0
2630:2586 2629 2633 0
2631:2629 0
2632:2629 0
2633:2630 0
2634:2620 2935 0
2635:2636 2637 2638 2639 0
2636:2635 2695 2696 2697 2698 0
2637:2635 2726 3077 3080 3081 0
2638:2635 3017 3282 0
2639:2635 3018 3284 0
2640:2484 2657 2672 0
2641:2484 3083 3087 0
2642:2484 2594 3088 0
2643:2484 2657 2753 0
2644:2484 0
2645:554 2594 2736 2738 2739 2740 0
2646:2580 2938 0
2647:2490 2561 2648 2649 2650 0
2648:2561 2647 0
2649:2647 2650 0
2650:2647 2649 0
2651:2490 2773 2874 0
2652:2490 0
2653:2490 2900 0
2654:2513 2669 2670 2671 0
2655:2487 2513 2675 2677 0
2656:2513 2762 0
2657:2513 2640 2643 2667 2677 2752 2827 0
2658:2659 0
2659:2658 2759 0
2660:2612 2661 2662 0
2661:2660 2688 2942 2943 0
2662:2660 2944 2950 0
2663:2612 2869 3274 0
2664:2548 2612 3275 0
2665:2612 0
2666:2612 0
2667:2657 2668 0
2668:2667 2711 2963 2967 3048 3085 3107 0
2669:2654 0
2670:2654 0
2671:2654 0
2672:2485 2640 2967 3108 0
2673:2674 2675 2676 0
2674:2673 3109 0
2675:2655 2673 3110 0
2676:2673 0
2677:2655 2657 2711 0
2678:2679 2680 0
2679:2678 2768 2781 2782 2783 2784 0
2680:2678 0
2681:2682 2683 2684 2685 2686 2687 0
2682:2681 2683 2686 2744 2745 2746 2747 0
2683:2681 2682 2686 2873 0
2684:2681 0
2685:2681 0
2686:2681 2682 2683 0
2687:2681 0
2688:2548 2617 2661 0
2689:2548 0
2690:2548 0
2691:2623 2730 2740 2905 2912 2913 0
2692:2545 2693 2694 0
2693:2545 2692 2909 0
2694:2692 0
2695:2636 2724 2725 2726 2727 2728 2729 0
2696:2636 2697 3119 3120 0
2697:2636 2696 3119 0
2698:2636 2724 3277 0
2699:2700 2701 2702 0
2700:2511 2514 2699 2924 0
2701:2699 0
2702:2699 0
2703:2704 0
2704:2483 2703 2705 0
2705:2704 0
2706:2536 2537 2707 2708 0
2707:2706 0
2708:2706 0
2709:2710 0
2710:2709 2916 0
2711:2515 2668 2677 2963 0
2712:2713 0
2713:2627 2712 2714 2715 0
2714:2627 2713 0
2715:2713 0
2716:2483 2717 2718 0
2717:2716 0
2718:2716 0
2719:2483 0
2720:2721 0
2721:2515 2720 2894 2992 2993 3267 0
2722:2535 2869 2941 0
2723:2535 0
2724:2695 2698 2866 0
2725:2695 2914 0
2726:2637 2695 3081 3140 0
2727:2695 3141 0
2728:2695 3287 0
2729:2695 3226 3290 0
2730:2691 0
2731:2503 2920 2980 3143 3144 3145 0
2732:2733 0
2733:2732 2889 2916 0
2734:2605 2899 0
2735:2605 2830 0
2736:2605 2645 3139 0
2737:2605 3107 3147 3148 3149 0
2738:2565 2645 2766 2795 2796 0
2739:2645 2740 2766 2893 2904 2905 2906 0
2740:2645 2691 2739 2751 0
2741:2520 2742 2743 3192 0
2742:2520 2556 2741 2743 0
2743:2520 2741 2742 3294 3295 3296 3314 0
2744:2682 2748 2749 2750 0
2745:2682 2746 2781 3026 0
2746:2682 2745 2973 3216 0
2747:2682 0
2748:2744 2897 0
2749:2744 2750 3066 0
2750:2744 2749 3066 0
2751:1357 2740 0
2752:2657 2754 2755 2758 2759 0
2753:2643 2756 0
2754:2752 3154 0
2755:2752 3155 0
2756:2753 0
2757:0
2758:2752 2834 2835 0
2759:2659 2752 0
2760:2761 0
2761:2510 2760 2762 0
2762:2656 2761 2932 2933 0
2763:2764 2765 0
2764:2763 3084 3163 0
2765:2763 0
2766:2738 2739 0
2767:2565 2797 2798 2799 2800 0
2768:2679 0
2769:0
2770:0
2771:2772 0
2772:2771 2773 3079 0
2773:2651 2772 0
2774:2775 2779 3071 3072 0
2775:2774 2968 3072 3130 3153 3240 0
2776:3128 3132 3239 0
2777:0
2778:3084 3227 3308 3310 0
2779:2774 0
2780:554 644 4121 0
2781:2679 2745 2784 0
2782:2679 2805 2810 2815 0
2783:2679 0
2784:2679 2781 3212 0
2785:0
2786:0
2787:3178 0
2788:3179 0
2789:3180 0
2790:0
2791:0
2792:0
2793:3084 0
2794:0
2795:2738 0
2796:2738 0
2797:2767 0
2798:2767 0
2799:2767 0
2800:2767 0
2801:2565 3171 3172 3173 3174 3175 3176 0
2802:2621 0
2803:2608 0
2804:2811 2813 2818 0
2805:2782 0
2806:2812 0
2807:3189 0
2808:3190 0
2809:3191 0
2810:2782 2815 2875 2973 2974 0
2811:2804 3219 0
2812:2806 2921 3054 3055 0
2813:2804 0
2814:0
2815:2782 2810 0
2816:2818 0
2817:0
2818:2804 2816 3279 3280 0
2819:2523 3313 0
2820:2821 2822 2823 0
2821:2820 2823 2922 2923 0
2822:2820 2922 4114 4156 0
2823:2820 2821 4158 4179 4201 4205 4254 0
2824:2549 0
2825:2549 0
2826:2569 2880 3034 0
2827:2657 0
2828:3210 0
2829:2830 2831 2832 2833 0
2830:2735 2829 2921 0
2831:2829 0
2832:2829 3200 0
2833:2829 3200 0
2834:2758 2976 0
2835:2758 0
2836:2583 2837 2838 2839 0
2837:2836 3150 0
2838:2836 3204 0
2839:2836 2841 3236 0
2840:2841 0
2841:2582 2839 2840 0
2842:2843 0
2843:2842 2844 0
2844:2582 2843 2845 0
2845:2844 2991 0
2846:2847 0
2847:2846 2891 3208 0
2848:2849 0
2849:2848 2850 0
2850:2582 2849 2851 0
2851:2850 2852 0
2852:2851 0
2853:2854 2855 2856 2857 2858 2859 0
2854:2853 2857 3022 3023 3024 0
2855:2853 0
2856:2853 0
2857:2853 2854 0
2858:2853 2859 0
2859:2853 2858 3315 0
2860:0
2861:2905 3075 0
2862:2905 3124 0
2863:0
2864:0
2865:0
2866:2724 3249 0
2867:2561 2868 0
2868:2561 2867 0
2869:2504 2663 2722 2870 2871 0
2870:2869 3269 0
2871:2869 0
2872:2499 0
2873:2683 0
2874:2651 0
2875:2521 2810 0
2876:2516 2877 2886 3001 0
2877:2876 2885 2886 0
2878:0
2879:2880 2881 2918 3059 0
2880:2826 2879 2881 2883 3197 3198 3199 0
2881:2879 2880 3059 0
2882:0
2883:2880 0
2884:0
2885:2877 0
2886:2876 2877 0
2887:2504 0
2888:2889 0
2889:2733 2888 2916 0
2890:2497 0
2891:2582 2847 3046 0
2892:1652 2582 3211 0
2893:1652 2739 2902 2904 0
2894:2721 0
2895:2521 3224 0
2896:2521 3225 0
2897:2521 2748 0
2898:2587 0
2899:2734 0
2900:2653 2901 0
2901:2900 2926 0
2902:2545 2893 3241 0
2903:2542 2545 3050 0
2904:2739 2893 2919 0
2905:2592 2691 2739 2861 2862 2907 0
2906:2739 3247 0
2907:2905 2937 2964 3312 0
2908:2962 0
2909:2693 3248 0
2910:2911 0
2911:2610 2910 2940 0
2912:2691 2961 3317 0
2913:2691 2961 3318 0
2914:2725 3250 0
2915:2536 0
2916:2536 2710 2733 2889 0
2917:2558 3203 0
2918:2879 3251 0
2919:2904 3252 0
2920:2505 2731 3143 3184 0
2921:2812 2830 3054 3254 3255 0
2922:2821 2822 4118 4119 4121 4185 4237 4242 0
2923:2821 4322 0
2924:2700 3264 3265 0
2925:2506 3031 3256 0
2926:2507 2901 0
2927:2537 0
2928:2537 0
2929:2930 2931 0
2930:2929 3138 0
2931:2929 3009 3261 0
2932:2627 2762 3107 3193 3260 0
2933:2762 3183 0
2934:2935 0
2935:2634 2934 0
2936:2522 0
2937:2522 2907 0
2938:2646 0
2939:2514 0
2940:2911 3214 0
2941:2722 0
2942:2661 2944 2945 2946 0
2943:2661 0
2944:2617 2662 2942 2951 2958 0
2945:2942 0
2946:2942 0
2947:2617 2951 2952 2953 2954 2955 2956 2957 0
2948:2617 0
2949:2617 0
2950:2662 0
2951:2944 2947 2959 2960 0
2952:2947 0
2953:2947 0
2954:2947 0
2955:2947 0
2956:2947 0
2957:2947 0
2958:2944 0
2959:2951 0
2960:2951 0
2961:2912 2913 0
2962:2908 0
2963:2668 2711 0
2964:2907 2965 0
2965:2964 0
2966:2592 0
2967:2485 2668 2672 3083 3084 3085 3086 0
2968:2485 2775 2970 3130 3153 3156 0
2969:2485 0
2970:2485 2968 0
2971:2491 0
2972:2491 0
2973:2746 2810 2974 2975 0
2974:2810 2973 2975 3025 3026 0
2975:2973 2974 0
2976:2834 0
2977:2978 2979 0
2978:2977 3276 0
2979:2977 3276 0
2980:2731 0
2981:0
2982:2983 2984 2987 3151 3152 0
2983:2982 2984 2985 2986 3020 3152 0
2984:2982 2983 2987 3152 3237 0
2985:2983 2986 0
2986:2983 2985 0
2987:2982 2984 0
2988:2508 0
2989:556 0
2990:556 0
2991:2845 0
2992:2515 2721 2993 3270 3271 0
2993:2515 2721 2992 0
2994:2578 2995 2996 2997 2998 2999 0
2995:2578 2579 2994 3068 3111 0
2996:2994 2998 3064 3125 3126 0
2997:2994 2999 3068 3114 0
2998:2994 2996 0
2999:2994 2997 0
3000:2516 0
3001:2876 0
3002:3003 0
3003:3002 3170 3173 3174 3213 0
3004:2583 0
3005:3006 3007 0
3006:3005 3007 0
3007:3005 3006 3020 3021 0
3008:555 0
3009:555 2931 3259 0
3010:2540 3011 3012 0
3011:3010 3117 0
3012:3010 3115 3116 0
3013:2557 3016 0
3014:2557 3015 0
3015:2557 3014 0
3016:2557 3013 0
3017:2638 0
3018:2639 0
3019:3020 0
3020:2983 3007 3019 3021 0
3021:3007 3020 0
3022:2854 3023 0
3023:2854 3022 0
3024:2854 0
3025:2974 3026 0
3026:2745 2974 3025 3316 0
3027:2566 0
3028:2566 0
3029:2566 0
3030:2566 0
3031:2925 0
3032:2584 3033 0
3033:2584 3032 3121 3122 3123 0
3034:2570 2826 3038 3194 3195 3196 0
3035:2570 0
3036:2570 3037 3039 0
3037:2570 3036 3039 0
3038:2570 3034 0
3039:2570 3036 3037 0
3040:2509 0
3041:2572 3042 0
3042:3041 0
3043:2511 0
3044:2584 3045 0
3045:2552 2553 2584 3044 0
3046:2891 0
3047:2627 3048 0
3048:2627 2668 3047 3107 3162 0
3049:3050 3051 3052 3053 0
3050:2903 3049 3053 0
3051:3049 0
3052:3049 0
3053:3049 3050 0
3054:2812 2921 3055 3056 0
3055:2812 3054 0
3056:3054 0
3057:4023 0
3058:4021 0
3059:2879 2881 0
3060:2573 2574 3061 3062 3063 3064 3065 0
3061:3060 0
3062:3060 3065 0
3063:2573 3060 3064 3065 3080 0
3064:2573 2996 3060 3063 3126 3161 0
3065:2573 3060 3062 3063 3177 0
3066:2749 2750 0
3067:3068 3069 3070 0
3068:2554 2995 2997 3067 3069 3111 3118 0
3069:3067 3068 3272 3273 0
3070:3067 0
3071:2774 0
3072:2774 2775 0
3073:2487 0
3074:2488 0
3075:2861 0
3076:3077 0
3077:2637 3076 3080 0
3078:3079 0
3079:2772 3078 0
3080:2637 3063 3077 3082 0
3081:2637 2726 3140 0
3082:3080 0
3083:2641 2967 0
3084:2764 2778 2793 2967 3085 3086 3163 3227 0
3085:2668 2967 3084 3086 3285 0
3086:2967 3084 3085 0
3087:2641 0
3088:2642 0
3089:3090 0
3090:3089 3299 0
3091:3092 0
3092:3091 3282 0
3093:3094 0
3094:3093 3301 0
3095:3096 0
3096:3095 3297 0
3097:3098 0
3098:3097 3301 0
3099:3100 0
3100:3099 3276 0
3101:3102 0
3102:3101 3284 0
3103:3104 0
3104:3103 3288 0
3105:3106 0
3106:3105 3298 0
3107:2668 2737 2932 3048 3149 3193 0
3108:2672 0
3109:2674 0
3110:2675 0
3111:2995 3068 3112 0
3112:3111 0
3113:3114 0
3114:2997 3113 0
3115:3012 3116 0
3116:3012 3115 3117 0
3117:3011 3116 3142 3164 3165 0
3118:2554 3068 0
3119:2696 2697 0
3120:2696 0
3121:3033 0
3122:2553 3033 3123 3146 3253 0
3123:3033 3122 0
3124:2862 0
3125:2996 0
3126:2996 3064 3161 0
3127:3128 3129 0
3128:2776 3127 3130 3131 3132 3133 3134 0
3129:3127 0
3130:2775 2968 3128 3153 0
3131:3128 0
3132:2776 3128 0
3133:3128 0
3134:3128 0
3135:556 0
3136:556 0
3137:0
3138:2930 0
3139:2736 0
3140:2726 3081 0
3141:2727 0
3142:3117 0
3143:2731 2920 0
3144:2731 3145 0
3145:2731 3144 0
3146:2553 3122 3257 3258 0
3147:2737 0
3148:2737 0
3149:2737 3107 0
3150:2837 0
3151:2982 0
3152:2982 2983 2984 0
3153:2775 2968 3130 0
3154:2754 0
3155:2755 0
3156:2968 0
3157:558 0
3158:559 0
3159:560 0
3160:557 0
3161:3064 3126 0
3162:3048 0
3163:2764 3084 0
3164:3117 0
3165:3117 0
3166:3167 3168 0
3167:3166 3168 0
3168:3166 3167 0
3169:3173 3220 3222 0
3170:3003 3174 0
3171:2801 3172 0
3172:2801 3171 0
3173:2801 3003 3169 3307 0
3174:2801 3003 3170 3175 0
3175:2801 3174 0
3176:2801 0
3177:3065 0
3178:2787 0
3179:2788 0
3180:2789 0
3181:2628 3183 0
3182:2628 0
3183:2628 2933 3181 3306 0
3184:2920 0
3185:3186 0
3186:3185 3290 0
3187:3188 0
3188:3187 3289 0
3189:2807 0
3190:2808 0
3191:2809 0
3192:2741 0
3193:2932 3107 0
3194:3034 3195 3196 0
3195:3034 3194 3196 0
3196:3034 3194 3195 3304 3305 0
3197:2880 3198 3199 0
3198:2880 3197 3199 3263 3292 3309 0
3199:2880 3197 3198 0
3200:2832 2833 3201 0
3201:3200 0
3202:2527 0
3203:2917 0
3204:2838 3205 3206 3207 0
3205:3204 3207 0
3206:3204 0
3207:3204 3205 0
3208:2847 3209 0
3209:3208 0
3210:2828 0
3211:2892 0
3212:2784 0
3213:3003 0
3214:2940 3215 0
3215:3214 0
3216:2746 3223 0
3217:3218 0
3218:3217 3297 0
3219:2811 0
3220:3169 3221 3222 0
3221:3220 0
3222:3169 3220 3231 3232 0
3223:3216 0
3224:2895 0
3225:2896 0
3226:2729 0
3227:2778 3084 0
3228:3229 0
3229:3228 0
3230:0
3231:3222 0
3232:3222 0
3233:2599 0
3234:2599 0
3235:2599 4086 0
3236:2839 0
3237:2984 0
3238:561 0
3239:2776 0
3240:2775 0
3241:2902 0
3242:3243 3245 0
3243:3242 3245 0
3244:3246 0
3245:3242 3243 0
3246:3244 0
3247:2906 0
3248:2909 0
3249:2866 0
3250:2914 0
3251:2918 0
3252:2919 0
3253:3122 0
3254:2921 0
3255:2921 0
3256:2925 0
3257:3146 3258 0
3258:3146 3257 0
3259:3009 0
3260:2932 0
3261:2931 0
3262:2528 0
3263:3198 0
3264:2924 3265 0
3265:2924 3264 0
3266:2578 0
3267:2721 0
3268:3269 0
3269:2870 3268 0
3270:2992 3271 0
3271:2992 3270 0
3272:3069 0
3273:3069 0
3274:2663 0
3275:2664 0
3276:2978 2979 3100 3289 0
3277:2698 3278 0
3278:3277 0
3279:2818 3280 0
3280:2818 3279 3293 3303 0
3281:3282 0
3282:2638 3092 3281 0
3283:3284 0
3284:2639 3102 3283 0
3285:3085 0
3286:2574 0
3287:2728 3288 3289 0
3288:3104 3287 3301 0
3289:3188 3276 3287 0
3290:2729 3186 3291 0
3291:3290 3298 3299 0
3292:3198 0
3293:3280 0
3294:2743 3295 3296 0
3295:2743 3294 3296 0
3296:2743 3294 3295 0
3297:3096 3218 3298 0
3298:3106 3291 3297 0
3299:3090 3291 3300 0
3300:3299 0
3301:3094 3098 3288 0
3302:3303 0
3303:3280 3302 0
3304:3196 3305 0
3305:3196 3304 0
3306:3183 0
3307:3173 0
3308:2778 0
3309:3198 0
3310:2778 0
3311:2558 0
3312:2907 0
3313:2819 0
3314:2743 0
3315:2859 0
3316:3026 0
3317:2912 0
3318:2913 0
3319:3320 3321 3322 0
3320:3319 3598 3600 3601 3604 3605 3606 0
3321:3319 3446 0
3322:3319 0
3323:3324 3325 3326 3327 0
3324:3323 3328 3329 0
3325:3323 3457 3458 0
3326:3323 0
3327:3323 3372 0
3328:3324 3340 3389 3391 0
3329:3324 4471 4596 0
3330:3331 3332 3333 3334 3335 0
3331:3330 3336 3337 3338 0
3332:3330 3436 0
3333:3330 3631 0
3334:3330 3454 3696 0
3335:3330 3743 3744 0
3336:3331 3338 3373 3377 3378 3379 3380 3381 0
3337:3331 3437 0
3338:3331 3336 3453 3456 0
3339:3340 3341 0
3340:3328 3339 3342 3343 3344 0
3341:3339 3721 3723 0
3342:3340 0
3343:3340 0
3344:3340 0
3345:3346 0
3346:3345 3347 3646 0
3347:3346 3348 3349 0
3348:3347 3432 0
3349:3347 3731 3786 0
3350:3351 3352 3353 0
3351:3350 0
3352:3350 3455 3765 0
3353:3350 3461 0
3354:0
3355:0
3356:0
3357:3358 0
3358:3357 3402 3611 3637 3662 0
3359:3360 3361 3362 3363 3364 3365 3366 0
3360:3359 3445 3478 3479 0
3361:3359 3618 0
3362:3359 0
3363:3359 0
3364:3359 3407 0
3365:3359 3446 3617 0
3366:3359 3403 0
3367:3368 3369 3370 3371 3372 0
3368:3367 0
3369:3367 3448 3572 0
3370:3367 3755 0
3371:3367 3449 3724 0
3372:3327 3367 3784 0
3373:3336 3374 3375 3376 0
3374:3373 3661 0
3375:3373 3658 3660 0
3376:3373 3455 3775 0
3377:3336 3520 0
3378:3336 0
3379:3336 0
3380:3336 0
3381:3336 3609 3634 0
3382:3383 0
3383:3382 3548 0
3384:3387 3423 3424 3425 0
3385:3397 3459 3460 0
3386:3444 3524 3526 0
3387:3384 0
3388:3431 3694 0
3389:3328 3390 0
3390:3389 3755 0
3391:3328 3431 0
3392:3393 3394 3395 0
3393:3392 3551 0
3394:11 3392 3580 0
3395:3392 3477 3578 3579 0
3396:3397 3398 3399 3400 3401 3402 0
3397:3385 3396 3403 3404 3405 3406 3407 0
3398:3396 0
3399:3396 3672 0
3400:3396 3671 3715 0
3401:3396 3709 0
3402:3358 3396 0
3403:3366 3397 3443 3503 3504 3505 3506 0
3404:3397 0
3405:3397 0
3406:3397 3500 0
3407:3364 3397 0
3408:3409 3410 0
3409:3408 3667 0
3410:3408 4809 4828 0
3411:3412 3413 3414 3415 3416 0
3412:3411 3582 3606 0
3413:3411 3608 3652 3683 3684 3686 3690 0
3414:3411 3475 0
3415:3411 3475 0
3416:3411 3598 0
3417:3418 3419 3420 3421 3422 0
3418:3417 3483 3503 3529 3530 0
3419:3417 3565 3720 0
3420:3417 0
3421:3417 0
3422:3417 3484 3762 0
3423:3384 3438 3441 3442 0
3424:3384 3499 0
3425:3384 3501 0
3426:3427 3428 3429 3430 0
3427:3426 3431 3432 0
3428:3426 3653 3655 0
3429:3426 3778 0
3430:3426 3452 3655 0
3431:3388 3391 3427 3448 3451 3452 0
3432:3348 3427 3481 3482 0
3433:3434 3435 0
3434:3433 3456 3470 3471 3474 0
3435:3433 3510 3511 3632 3703 0
3436:3332 3631 3746 0
3437:3337 3743 3744 3748 3749 0
3438:3423 3439 3440 0
3439:3438 3787 0
3440:3438 3563 3643 0
3441:3423 0
3442:3423 3691 0
3443:3403 3519 0
3444:3386 0
3445:3360 0
3446:3321 3365 3691 0
3447:3505 0
3448:3369 3431 3449 3450 0
3449:3371 3448 0
3450:3448 3629 3785 0
3451:3431 0
3452:3430 3431 4787 0
3453:3338 3454 3455 0
3454:3334 3453 0
3455:3352 3376 3453 3520 3522 3766 3768 0
3456:3338 3434 3473 3491 4481 0
3457:3325 3723 0
3458:3325 4578 0
3459:3385 0
3460:3385 4477 4479 4653 4672 0
3461:3353 3462 3463 3464 3465 0
3462:3461 3485 3492 0
3463:3461 3628 3629 0
3464:3461 3756 0
3465:3461 4796 0
3466:3467 0
3467:3466 3767 0
3468:3469 0
3469:3468 3774 0
3470:3434 0
3471:3434 3472 3473 0
3472:3471 3632 0
3473:3456 3471 3541 0
3474:3434 3609 0
3475:11 3414 3415 3476 3477 3478 3479 3480 0
3476:3475 0
3477:3395 3475 0
3478:3360 3475 0
3479:3360 3475 0
3480:3475 3613 0
3481:3432 3590 3591 0
3482:3432 4789 4813 4843 0
3483:3418 3484 0
3484:3422 3483 3577 0
3485:3462 3486 3487 3488 3489 3490 0
3486:3485 3491 0
3487:3485 3585 0
3488:3485 3587 3594 3776 0
3489:3485 3771 0
3490:3485 3783 0
3491:3456 3486 4811 0
3492:3462 3593 3736 0
3493:3494 3495 3496 3497 3498 0
3494:3493 0
3495:3493 0
3496:3493 0
3497:3493 3705 0
3498:3493 3705 0
3499:3424 0
3500:3406 0
3501:3425 0
3502:3716 0
3503:3403 3418 3531 0
3504:3403 3532 0
3505:3403 3447 3734 0
3506:3403 4504 4550 0
3507:3508 3509 3510 3511 0
3508:3507 3621 3622 0
3509:3507 3625 3634 3673 3674 0
3510:3435 3507 3702 0
3511:3435 3507 0
3512:0
3513:3554 3630 0
3514:3635 0
3515:3638 0
3516:3711 3745 0
3517:0
3518:0
3519:3443 0
3520:3377 3455 3521 3522 3523 0
3521:3520 3639 3751 0
3522:3455 3520 3766 3781 0
3523:3520 3781 0
3524:3386 3525 3526 3527 3528 0
3525:3524 0
3526:3386 3524 0
3527:3524 3750 3753 3777 0
3528:3524 3678 3754 0
3529:3418 0
3530:3418 3531 4631 4636 0
3531:3503 3530 3532 0
3532:3504 3531 3774 4466 4473 4474 0
3533:3534 3535 0
3534:3533 0
3535:3533 4499 4541 0
3536:3537 3538 0
3537:3536 3739 0
3538:3536 4557 4647 4648 4649 0
3539:3540 0
3540:3539 3541 3542 0
3541:3473 3540 0
3542:3540 3543 0
3543:3542 3627 0
3544:3545 3546 3547 3548 0
3545:3544 0
3546:3544 3633 3634 0
3547:3544 3626 0
3548:3383 3544 3695 0
3549:0
3550:3551 0
3551:3393 3550 3552 3553 3614 3615 3630 0
3552:3551 0
3553:3551 0
3554:3513 0
3555:3556 0
3556:3555 3669 3670 0
3557:3558 3559 3560 0
3558:3557 0
3559:3557 0
3560:3557 4447 4477 0
3561:3562 0
3562:3561 3568 4814 4815 4816 0
3563:3440 0
3564:3565 0
3565:3419 3564 3740 0
3566:3567 0
3567:3566 3651 0
3568:3562 0
3569:3570 0
3570:3569 3644 3645 3646 0
3571:0
3572:3369 0
3573:3574 0
3574:3573 3784 0
3575:3576 0
3576:3575 3630 0
3577:3484 0
3578:3395 0
3579:3395 0
3580:3394 0
3581:3582 3583 0
3582:3412 3581 3583 0
3583:6 3581 3582 3670 3678 0
3584:3585 3586 3587 0
3585:3487 3584 3588 3589 0
3586:3584 0
3587:3488 3584 3737 0
3588:3585 3736 0
3589:3585 3596 0
3590:3481 3591 0
3591:3481 3590 0
3592:3593 3594 0
3593:3492 3592 3656 3657 0
3594:3488 3592 0
3595:3596 0
3596:3589 3595 0
3597:3598 0
3598:3320 3416 3597 3599 3602 3603 0
3599:3598 0
3600:3320 0
3601:3320 0
3602:3598 3708 0
3603:3598 3787 0
3604:3320 3706 3707 0
3605:3320 0
3606:3320 3412 0
3607:3608 0
3608:3413 3607 0
3609:3381 3474 0
3610:3611 3612 0
3611:3358 3610 0
3612:3610 3705 0
3613:3480 0
3614:3551 3615 3616 0
3615:3551 3614 0
3616:3614 0
3617:3365 0
3618:3361 3716 0
3619:6 3620 0
3620:3619 0
3621:3508 0
3622:3508 3623 3624 3625 0
3623:3622 0
3624:3622 3704 0
3625:3509 3622 0
3626:3547 3627 0
3627:3543 3626 0
3628:3463 0
3629:3450 3463 0
3630:3513 3551 3576 0
3631:3333 3436 0
3632:3435 3472 0
3633:3546 3634 0
3634:3381 3509 3546 3633 0
3635:3514 3664 0
3636:3637 3638 0
3637:3358 3636 0
3638:3515 3636 0
3639:3521 0
3640:3641 3642 0
3641:3640 0
3642:3640 0
3643:3440 0
3644:3570 0
3645:3570 0
3646:3346 3570 3676 3788 0
3647:3648 3649 0
3648:3647 3676 3732 3733 0
3649:3647 3668 0
3650:3651 0
3651:3567 3650 0
3652:3413 0
3653:3428 3654 0
3654:3653 0
3655:3428 3430 0
3656:3593 0
3657:3593 0
3658:3375 0
3659:3660 0
3660:3375 3659 3661 0
3661:3374 3660 0
3662:3358 3692 0
3663:0
3664:3635 0
3665:3752 0
3666:3752 0
3667:3409 3731 0
3668:3649 0
3669:3556 0
3670:3556 3583 0
3671:3400 0
3672:3399 3710 0
3673:3509 3675 0
3674:3509 3703 0
3675:3673 3779 3780 0
3676:3646 3648 0
3677:3678 0
3678:3528 3583 3677 0
3679:3680 0
3680:3679 3736 0
3681:3682 3683 3684 0
3682:3681 0
3683:3413 3681 3685 0
3684:3413 3681 3688 0
3685:3683 3686 3687 0
3686:3413 3685 3688 0
3687:3685 0
3688:3684 3686 3689 0
3689:3688 0
3690:9 3413 3712 0
3691:3442 3446 0
3692:3662 3705 0
3693:3694 3695 0
3694:3388 3693 0
3695:3548 3693 0
3696:3334 0
3697:3698 0
3698:3697 3703 0
3699:3700 0
3700:3699 3702 0
3701:3702 0
3702:3510 3700 3701 3703 3704 0
3703:3435 3674 3698 3702 0
3704:3624 3702 0
3705:3497 3498 3612 3692 0
3706:3604 0
3707:3604 3750 0
3708:3602 0
3709:3401 0
3710:3672 3711 0
3711:3516 3710 0
3712:3690 0
3713:3714 3715 0
3714:3713 0
3715:3400 3713 0
3716:3502 3618 0
3717:3718 0
3718:3717 3735 3786 0
3719:3720 0
3720:3419 3719 0
3721:3341 3722 0
3722:3721 0
3723:3341 3457 0
3724:3371 0
3725:3726 3727 3728 0
3726:3725 3760 0
3727:3725 0
3728:3725 3778 0
3729:3730 0
3730:3729 4826 0
3731:3349 3667 0
3732:3648 0
3733:3648 3764 0
3734:3505 0
3735:3718 0
3736:3492 3588 3680 0
3737:3587 3738 0
3738:3737 3758 3761 0
3739:3537 0
3740:3565 0
3741:3742 0
3742:3741 3756 3757 0
3743:3335 3437 0
3744:3335 3437 0
3745:3516 0
3746:3436 3747 0
3747:3746 0
3748:3437 0
3749:3437 0
3750:3527 3707 0
3751:3521 0
3752:3665 3666 0
3753:3527 0
3754:3528 0
3755:3370 3390 0
3756:3464 3742 0
3757:3742 0
3758:3738 3759 0
3759:3758 0
3760:3726 3763 0
3761:3738 0
3762:3422 0
3763:3760 3764 0
3764:3733 3763 3773 0
3765:3352 0
3766:3455 3522 0
3767:3467 3768 0
3768:3455 3767 0
3769:9 0
3770:3771 0
3771:3489 3770 0
3772:3773 0
3773:3764 3772 4786 4827 4843 0
3774:3469 3532 4474 4647 0
3775:3376 0
3776:3488 0
3777:3527 0
3778:3429 3728 0
3779:3675 0
3780:3675 0
3781:3522 3523 0
3782:3783 0
3783:3490 3782 0
3784:3372 3574 0
3785:3450 0
3786:3349 3718 0
3787:3439 3603 0
3788:3646 0
3789:3790 3791 0
3790:3789 3803 3828 0
3791:3789 3793 0
3792:3793 3794 3795 0
3793:3791 3792 3796 3816 3817 3818 3819 0
3794:3792 0
3795:3792 3796 3870 3871 0
3796:3793 3795 0
3797:3798 3799 3800 0
3798:3797 3835 0
3799:3797 3872 3887 0
3800:3797 3872 0
3801:3802 3803 3804 0
3802:3801 3805 0
3803:3790 3801 0
3804:3801 3836 3837 0
3805:3802 3815 3832 3836 3852 0
3806:3807 0
3807:3806 3808 3809 3810 0
3808:3807 3811 3838 3843 3868 3869 0
3809:3807 3810 3841 0
3810:3807 3809 0
3811:3808 3812 3813 0
3812:3811 0
3813:3811 3973 0
3814:3815 0
3815:3805 3814 3816 0
3816:3793 3815 3819 0
3817:3793 0
3818:3793 0
3819:3793 3816 0
3820:3821 3822 3823 3824 0
3821:3820 0
3822:3820 3825 3826 0
3823:3820 3860 0
3824:3820 0
3825:802 3822 3885 0
3826:3822 3886 3969 0
3827:3828 0
3828:3790 3827 3981 0
3829:201 3854 0
3830:3831 3832 3833 3834 0
3831:3830 0
3832:3805 3830 3852 3855 3856 3857 3858 3859 0
3833:3830 3922 3923 0
3834:3830 3947 3948 0
3835:3798 3870 3872 0
3836:3804 3805 3839 3840 3867 3873 3881 0
3837:3804 3846 3889 3890 3924 3935 3938 0
3838:3808 3839 3840 3841 3842 3843 0
3839:3836 3838 0
3840:3836 3838 0
3841:3809 3838 3842 3863 3898 0
3842:3838 3841 0
3843:3808 3838 3921 0
3844:802 3845 3846 3847 3848 3849 0
3845:3844 3912 0
3846:3837 3844 3937 0
3847:3844 3920 3935 0
3848:3844 3879 3964 0
3849:3844 3918 3964 0
3850:802 3851 0
3851:3850 3867 0
3852:802 3805 3832 3853 3860 3861 0
3853:802 3852 3882 3883 3884 0
3854:802 3829 3963 0
3855:3832 3885 3938 0
3856:3832 0
3857:3832 3922 0
3858:3832 3948 0
3859:3832 3935 0
3860:3823 3852 3862 0
3861:3852 3871 0
3862:3860 3863 3864 3865 3866 0
3863:3841 3862 0
3864:3862 0
3865:3862 3958 0
3866:3862 3917 0
3867:3836 3851 0
3868:3808 0
3869:3808 3918 3919 0
3870:3795 3835 0
3871:3795 3861 3897 3960 3961 3968 3974 3975 0
3872:3799 3800 3835 3886 3887 3888 0
3873:3836 3874 3875 3876 3877 3878 3879 3880 0
3874:3873 0
3875:3873 3955 0
3876:3873 3877 0
3877:3873 3876 3879 0
3878:3873 3914 3955 0
3879:3848 3873 3877 3919 3972 0
3880:3873 0
3881:3836 0
3882:3853 0
3883:3853 0
3884:3853 0
3885:3825 3855 3906 3924 3965 3978 0
3886:3826 3872 0
3887:3799 3872 0
3888:3872 3925 0
3889:3837 3890 0
3890:3837 3889 3900 0
3891:3892 0
3892:3891 3893 3894 0
3893:3892 3905 0
3894:3892 3941 3970 0
3895:3896 3897 0
3896:3895 3968 3969 0
3897:3871 3895 0
3898:3841 0
3899:3900 3901 0
3900:3890 3899 3902 0
3901:3899 3909 0
3902:3900 3907 3911 0
3903:3904 3905 3906 0
3904:3903 0
3905:3893 3903 3940 0
3906:3885 3903 3977 0
3907:3902 3908 0
3908:3907 3924 3970 0
3909:3901 3910 3911 0
3910:3909 0
3911:3902 3909 0
3912:3845 3913 3914 0
3913:3912 0
3914:3878 3912 3976 0
3915:3916 0
3916:3915 3970 0
3917:3866 0
3918:3849 3869 3920 3921 0
3919:3869 3879 3971 0
3920:3847 3918 0
3921:3843 3918 0
3922:3833 3857 0
3923:3833 3951 3957 3958 3966 0
3924:3837 3885 3908 0
3925:3888 3926 3927 0
3926:3925 0
3927:3925 3953 0
3928:3929 3930 3931 0
3929:3928 3932 0
3930:3928 0
3931:3928 3979 0
3932:3929 3933 0
3933:3932 3934 0
3934:3933 0
3935:3837 3847 3859 3936 3937 0
3936:3935 0
3937:3846 3935 0
3938:3837 3855 0
3939:3943 0
3940:3905 0
3941:3894 0
3942:3961 0
3943:3939 3977 3980 0
3944:3945 3946 0
3945:3944 3962 3965 0
3946:3944 3966 3967 0
3947:3834 0
3948:3834 3858 3956 0
3949:3950 3951 0
3950:3949 0
3951:3923 3949 0
3952:3953 0
3953:3927 3952 3954 0
3954:3953 3959 0
3955:3875 3878 3976 0
3956:3948 0
3957:3923 3958 0
3958:3865 3923 3957 0
3959:3954 3975 0
3960:3871 3961 0
3961:3871 3942 3960 0
3962:3945 0
3963:3854 0
3964:3848 3849 0
3965:3885 3945 0
3966:3923 3946 0
3967:3946 0
3968:3871 3896 0
3969:3826 3896 0
3970:3894 3908 3916 0
3971:3919 3972 0
3972:3879 3971 3973 0
3973:3813 3972 0
3974:3871 3975 0
3975:3871 3959 3974 0
3976:3914 3955 0
3977:3906 3943 3978 0
3978:3885 3977 0
3979:3931 0
3980:3943 0
3981:3828 0
3982:3983 0
3983:3982 4001 4042 0
3984:3985 3986 3987 0
3985:3984 4008 4009 0
3986:3984 4011 0
3987:3984 4040 4072 0
3988:3989 3990 0
3989:3988 3991 0
3990:3988 4068 0
3991:3989 3992 4045 0
3992:3991 3993 0
3993:3992 4011 0
3994:3995 0
3995:3994 4031 4074 0
3996:3997 3998 0
3997:3996 3998 4050 0
3998:3996 3997 4038 4048 4069 0
3999:4000 4001 4002 4003 0
4000:3999 4003 4030 4031 4032 0
4001:3983 3999 4066 0
4002:3999 4103 0
4003:3999 4000 0
4004:4005 4006 4007 0
4005:4004 4033 4034 4035 0
4006:4004 4100 0
4007:4004 4073 0
4008:3985 4010 4011 4012 4013 4014 0
4009:3985 4017 0
4010:4008 4028 4029 0
4011:3986 3993 4008 4016 4046 4047 4048 4049 0
4012:4008 0
4013:4008 4016 0
4014:4008 4038 4070 0
4015:4016 4017 4018 0
4016:4011 4013 4015 4019 4020 0
4017:4009 4015 0
4018:4015 4067 0
4019:4016 4067 0
4020:4016 4081 0
4021:3058 4022 4023 0
4022:4021 4024 4026 4027 0
4023:3057 4021 4060 4064 4090 0
4024:4022 4025 0
4025:4024 4078 4094 0
4026:4022 4071 0
4027:4022 4029 4080 4088 0
4028:4010 0
4029:4010 4027 4048 0
4030:502 4000 4042 4053 0
4031:3995 4000 4070 4091 4092 4093 0
4032:4000 4102 0
4033:4005 0
4034:4005 0
4035:4005 4036 4038 4039 0
4036:4035 4037 0
4037:4036 4040 4041 0
4038:3998 4014 4035 4072 4082 4087 4088 0
4039:4035 4106 0
4040:3987 4037 4061 4062 0
4041:4037 4072 0
4042:3983 4030 0
4043:4044 0
4044:4043 4053 4110 0
4045:3991 4065 0
4046:4011 0
4047:4011 0
4048:3998 4011 4029 4085 0
4049:4011 0
4050:3997 4051 0
4051:4050 4071 4077 4082 4088 0
4052:602 4065 0
4053:4030 4044 0
4054:4055 4056 0
4055:4054 4073 0
4056:4054 4074 0
4057:4058 4059 0
4058:4057 4060 0
4059:4057 4083 0
4060:4023 4058 0
4061:4040 0
4062:4040 0
4063:4064 0
4064:4023 4063 4083 4086 0
4065:4045 4052 0
4066:4001 4093 4102 0
4067:4018 4019 0
4068:3990 4095 0
4069:3998 4070 0
4070:4014 4031 4069 4089 0
4071:4026 4051 4080 4088 4089 0
4072:3987 4038 4041 0
4073:4007 4055 4074 0
4074:3995 4056 4073 0
4075:4076 4077 4078 4079 0
4076:4075 4077 0
4077:4051 4075 4076 0
4078:4025 4075 0
4079:4075 4088 0
4080:4027 4071 0
4081:4020 0
4082:4038 4051 0
4083:4059 4064 4084 0
4084:4083 4090 0
4085:4048 0
4086:3235 4064 0
4087:4038 0
4088:4027 4038 4051 4071 4079 0
4089:4070 4071 0
4090:4023 4084 0
4091:4031 0
4092:4031 0
4093:4031 4066 0
4094:4025 0
4095:4068 4096 0
4096:4095 4097 0
4097:4096 4098 4099 0
4098:4097 4105 0
4099:4097 4105 0
4100:4006 0
4101:4102 4103 0
4102:4032 4066 4101 4104 0
4103:4002 4101 0
4104:4102 0
4105:4098 4099 4142 4144 0
4106:4039 4107 4108 4109 0
4107:4106 0
4108:4106 0
4109:4106 0
4110:4044 0
4111:4112 0
4112:4111 4114 4116 4117 4118 0
4113:4114 0
4114:2822 4112 4113 4115 4116 0
4115:4114 0
4116:4112 4114 4128 4129 4130 0
4117:4112 0
4118:2922 4112 4175 4215 4237 4251 0
4119:2922 4120 4121 4122 0
4120:4119 4127 4135 4258 4259 0
4121:2780 2922 4119 4126 4242 4300 4311 0
4122:4119 0
4123:4124 4125 0
4124:4123 4126 4127 0
4125:4123 4334 4335 0
4126:642 4121 4124 4127 4185 4210 4268 4280 0
4127:4120 4124 4126 4281 0
4128:4116 4156 4195 4196 4197 0
4129:4116 4130 4162 4250 0
4130:4116 4129 4162 0
4131:4132 0
4132:4131 4133 4134 4135 0
4133:4132 0
4134:4132 4259 0
4135:4120 4132 0
4136:4137 4138 0
4137:4136 4164 4165 4166 0
4138:4136 4193 0
4139:4140 4141 0
4140:4139 4164 4167 4194 4234 0
4141:4139 4325 4326 4327 4328 0
4142:4105 0
4143:4144 0
4144:4105 4143 4152 4170 4171 4172 0
4145:4146 4147 4148 4149 4150 0
4146:4145 4148 0
4147:4145 0
4148:4145 4146 4179 0
4149:4145 0
4150:4145 4320 4321 0
4151:4152 4153 4154 4155 0
4152:4144 4151 4164 4227 4228 0
4153:4151 0
4154:4151 0
4155:4151 0
4156:2822 4128 4175 4176 4177 0
4157:4158 4159 4160 4161 0
4158:2823 4157 4162 4163 0
4159:4157 0
4160:4157 0
4161:4157 0
4162:4129 4130 4158 4255 0
4163:4158 0
4164:4137 4140 4152 4221 4231 4232 4233 0
4165:4137 4232 4338 0
4166:4137 0
4167:4140 4168 4169 0
4168:4167 0
4169:4167 0
4170:4144 4173 0
4171:4144 4174 0
4172:4144 4226 0
4173:4170 4278 0
4174:4171 0
4175:4118 4156 4191 4213 4216 4220 0
4176:4156 4191 4211 4238 4242 0
4177:4156 4319 0
4178:539 4179 4201 0
4179:539 2823 4148 4178 4201 4312 0
4180:539 0
4181:215 4255 0
4182:528 2531 4183 4184 0
4183:526 4182 4230 0
4184:4182 0
4185:642 2922 4126 0
4186:4187 4188 4189 0
4187:4186 4190 4191 4192 0
4188:4186 0
4189:4186 0
4190:4187 4198 4199 0
4191:4175 4176 4187 4192 4235 4237 0
4192:4187 4191 0
4193:197 4138 4194 0
4194:644 4140 4193 4253 0
4195:4128 4223 4224 4225 0
4196:4128 4197 0
4197:4128 4196 4292 0
4198:4190 0
4199:4190 0
4200:4201 0
4201:2823 4178 4179 4200 4202 4203 4205 0
4202:4201 0
4203:4201 4204 0
4204:4203 0
4205:2823 4201 4279 0
4206:2530 0
4207:2530 0
4208:4209 0
4209:4208 4210 0
4210:4126 4209 4260 4268 4286 0
4211:4176 4212 0
4212:642 4211 0
4213:4175 4214 4215 0
4214:4213 0
4215:4118 4213 4247 4248 4249 0
4216:4175 4217 4218 4219 0
4217:4216 4243 4244 4245 4246 0
4218:4216 0
4219:4216 0
4220:4175 4313 4314 4315 4316 4317 4318 0
4221:4164 4222 0
4222:4221 4264 4265 0
4223:4195 0
4224:4195 0
4225:4195 0
4226:614 4172 0
4227:4152 4228 4263 0
4228:4152 4227 4298 4299 0
4229:2531 0
4230:4183 0
4231:4164 4301 4302 4303 4304 4305 0
4232:4164 4165 0
4233:4164 4253 0
4234:4140 4256 4257 0
4235:4191 4236 0
4236:4235 0
4237:2922 4118 4191 4282 4283 4284 4285 0
4238:4176 4239 4240 4241 0
4239:4238 0
4240:4238 0
4241:4238 0
4242:2922 4121 4176 0
4243:4217 0
4244:4217 0
4245:4217 0
4246:4217 0
4247:4215 0
4248:4215 0
4249:4215 0
4250:4129 0
4251:4118 4252 0
4252:4251 0
4253:4194 4233 0
4254:644 2823 4255 0
4255:644 4162 4181 4254 0
4256:4234 0
4257:4234 0
4258:4120 4271 4272 4273 4274 4275 0
4259:4120 4134 4310 0
4260:4210 4261 4262 0
4261:4260 0
4262:4260 0
4263:4227 0
4264:4222 0
4265:4222 0
4266:953 0
4267:953 0
4268:4126 4210 4269 4270 0
4269:4268 4276 4277 0
4270:4268 0
4271:4258 4306 4307 4308 4309 0
4272:4258 0
4273:4258 0
4274:4258 0
4275:4258 0
4276:4269 0
4277:4269 0
4278:4173 0
4279:4205 0
4280:4126 4293 4294 4295 4296 4297 0
4281:4127 4329 4330 0
4282:4237 0
4283:4237 0
4284:4237 0
4285:4237 0
4286:4210 4287 4288 4289 0
4287:4286 0
4288:4286 0
4289:4286 0
4290:0
4291:0
4292:4197 0
4293:4280 0
4294:4280 0
4295:4280 0
4296:4280 0
4297:4280 0
4298:4228 0
4299:4228 0
4300:4121 0
4301:4231 0
4302:4231 0
4303:4231 0
4304:4231 0
4305:4231 0
4306:4271 0
4307:4271 0
4308:4271 0
4309:4271 0
4310:4259 4323 4324 0
4311:4121 4336 4337 0
4312:4179 0
4313:4220 0
4314:4220 0
4315:4220 0
4316:4220 0
4317:4220 0
4318:4220 0
4319:4177 0
4320:4150 0
4321:4150 0
4322:2923 0
4323:4310 0
4324:4310 0
4325:4141 0
4326:4141 0
4327:4141 0
4328:4141 4331 4332 4333 0
4329:4281 0
4330:4281 0
4331:4328 0
4332:4328 0
4333:4328 0
4334:4125 0
4335:4125 0
4336:4311 0
4337:4311 0
4338:4165 0
4339:4340 4341 4342 0
4340:4339 4370 0
4341:4339 0
4342:4339 4371 4392 0
4343:4344 0
4344:4343 4345 4349 0
4345:4344 4346 0
4346:4345 4360 4389 0
4347:4348 0
4348:4347 4357 4375 4376 0
4349:4344 4360 0
4350:4352 4355 4362 0
4351:4356 4358 4360 4366 0
4352:4350 4355 0
4353:4357 4375 0
4354:4358 4359 4361 4390 4398 4410 4411 0
4355:4350 4352 0
4356:4351 0
4357:4348 4353 4375 4376 0
4358:4351 4354 4359 4360 4361 0
4359:4354 4358 4393 0
4360:4346 4349 4351 4358 4381 4394 0
4361:4354 4358 4393 4396 0
4362:4350 0
4363:4364 0
4364:343 4363 0
4365:0
4366:4351 0
4367:400 4368 4402 4403 4405 0
4368:400 4367 4405 0
4369:4370 4374 4398 0
4370:4340 4369 4371 4372 4405 0
4371:4342 4370 4392 4405 4414 0
4372:4370 0
4373:4374 0
4374:4369 4373 4409 0
4375:4348 4353 4357 4376 0
4376:4348 4357 4375 0
4377:0
4378:4380 0
4379:0
4380:4378 0
4381:4360 4383 0
4382:0
4383:4381 0
4384:0
4385:4386 0
4386:4385 4387 0
4387:4386 4395 4397 4399 0
4388:316 4402 4403 0
4389:4346 4390 4391 0
4390:4354 4389 4413 0
4391:4389 0
4392:4342 4371 0
4393:4359 4361 0
4394:4360 0
4395:4387 4396 0
4396:4361 4395 4397 4398 0
4397:4387 4396 4398 4399 4406 0
4398:4354 4369 4396 4397 0
4399:4387 4397 4408 0
4400:0
4401:0
4402:4367 4388 0
4403:4367 4388 0
4404:4405 0
4405:4367 4368 4370 4371 4404 0
4406:4397 4409 0
4407:343 0
4408:4399 0
4409:4374 4406 0
4410:4354 0
4411:4354 0
4412:0
4413:4390 0
4414:4371 0
4415:4416 0
4416:376 4415 4417 4418 0
4417:376 4416 4418 4428 0
4418:4416 4417 4425 4429 0
4419:4420 4421 0
4420:4419 0
4421:376 4419 0
4422:419 0
4423:4424 4425 0
4424:4423 0
4425:4418 4423 0
4426:393 0
4427:376 0
4428:1334 4417 4429 4430 0
4429:1334 4418 4428 4431 0
4430:4428 0
4431:4429 0
4432:109 0
4433:913 0
4434:913 0
4435:4436 0
4436:4435 4437 0
4437:4436 0
4438:4439 0
4439:4438 4440 0
4440:4439 0
4441:0
4442:0
4443:0
4444:0
4445:55 0
4446:4447 4448 0
4447:3560 4446 4449 4478 4487 4488 4489 0
4448:4446 4516 4623 0
4449:4447 4450 0
4450:4449 4544 0
4451:2336 4452 4453 4454 4455 0
4452:4451 4580 4581 0
4453:4451 4586 4637 4638 4654 4669 0
4454:4451 4510 4684 0
4455:4451 0
4456:4457 4458 4459 0
4457:4456 4690 0
4458:4456 4583 4688 0
4459:4456 0
4460:4461 4462 0
4461:4460 4472 0
4462:4460 4480 4662 0
4463:4464 0
4464:4463 4525 0
4465:4466 4467 4468 4469 4470 0
4466:2360 3532 4465 4471 0
4467:4465 4538 4539 4540 0
4468:4465 4670 4671 0
4469:4465 4529 0
4470:4465 4610 0
4471:3329 4466 4598 4805 4829 4830 4831 0
4472:4461 0
4473:3532 4475 4476 0
4474:3532 3774 4508 4558 0
4475:2359 4473 4651 4652 4653 0
4476:2429 4473 4788 4789 0
4477:3460 3560 0
4478:4447 4479 0
4479:3460 4478 0
4480:4462 4481 4482 0
4481:3456 4480 4483 0
4482:4480 0
4483:4481 4502 0
4484:4485 4486 0
4485:4484 4494 4608 0
4486:2463 4484 0
4487:4447 4518 0
4488:4447 4584 0
4489:4447 4575 0
4490:4491 4492 4493 0
4491:4490 4494 4495 0
4492:4490 4520 0
4493:4490 4618 0
4494:4485 4491 4660 4661 0
4495:4491 4521 4714 0
4496:4497 4498 0
4497:4496 4518 0
4498:4496 4632 4634 4635 0
4499:3535 4500 0
4500:4499 4540 0
4501:4502 4503 0
4502:4483 4501 4523 4526 4527 0
4503:4501 4615 4627 0
4504:2478 3506 4508 0
4505:2478 0
4506:2478 4619 0
4507:2478 4552 0
4508:4474 4504 0
4509:2463 4510 4511 4512 0
4510:4454 4509 0
4511:4509 4679 4680 0
4512:4509 0
4513:4514 4515 0
4514:4513 4588 0
4515:4513 4542 0
4516:4448 4517 0
4517:4516 4550 4576 0
4518:4487 4497 4768 0
4519:4520 4521 4522 0
4520:4492 4519 4521 0
4521:4495 4519 4520 0
4522:4519 4779 0
4523:4502 4524 0
4524:4523 4525 0
4525:4464 4524 4694 0
4526:4502 0
4527:4502 0
4528:4529 0
4529:4469 4528 4530 0
4530:4529 4629 4633 0
4531:4532 4533 0
4532:4531 4556 4567 4572 0
4533:4531 4553 4620 0
4534:4535 4536 0
4535:2463 4534 4537 0
4536:4534 4618 0
4537:4535 4613 0
4538:4467 4585 4610 4611 0
4539:4467 4654 0
4540:4467 4500 0
4541:3535 4683 4698 0
4542:4515 4543 0
4543:4542 4629 4674 4678 0
4544:4450 4545 4546 4547 0
4545:4544 4559 4560 4561 0
4546:4544 4672 4673 0
4547:4544 0
4548:4549 4550 4551 0
4549:4548 0
4550:3506 4517 4548 0
4551:4548 4577 0
4552:4507 4553 0
4553:4533 4552 4659 0
4554:4555 4556 4557 0
4555:4554 4558 0
4556:4532 4554 4624 4625 0
4557:3538 4554 0
4558:4474 4555 4655 0
4559:4545 4690 4707 0
4560:4545 0
4561:4545 4700 0
4562:4563 4564 0
4563:4562 4565 4566 4567 4568 4569 4570 4571 0
4564:4562 4599 0
4565:4563 0
4566:4563 4626 4666 0
4567:4532 4563 4682 0
4568:4563 4711 4713 0
4569:4563 0
4570:4563 0
4571:4563 0
4572:4532 4767 0
4573:4574 4575 0
4574:4573 4583 0
4575:4489 4573 4678 4687 0
4576:4517 4577 0
4577:4551 4576 4612 4626 0
4578:3458 4579 0
4579:4578 4596 4644 4676 4706 0
4580:4452 0
4581:4452 0
4582:4583 0
4583:4458 4574 4582 0
4584:4488 4662 0
4585:4538 4586 4587 0
4586:4453 4585 4667 0
4587:4585 0
4588:4514 4589 4590 0
4589:2360 4588 4590 4592 4645 4665 0
4590:4588 4589 4702 0
4591:2354 4592 4593 4594 4595 0
4592:4589 4591 4609 0
4593:4591 0
4594:4591 4701 0
4595:4591 4656 4665 0
4596:3329 4579 4597 4598 0
4597:4596 4643 4644 0
4598:4471 4596 4783 4785 0
4599:4564 4600 4601 4602 4603 0
4600:4599 4703 4706 0
4601:4599 0
4602:4599 0
4603:4599 0
4604:4605 4606 4607 0
4605:4604 4643 0
4606:4604 0
4607:4604 0
4608:4485 0
4609:4592 4781 0
4610:4470 4538 4611 0
4611:4538 4610 0
4612:4577 0
4613:4537 4630 4697 0
4614:4615 4616 0
4615:4503 4614 4617 0
4616:4614 0
4617:4615 0
4618:4493 4536 0
4619:4506 4620 0
4620:4533 4619 0
4621:2470 2472 4685 0
4622:2470 4721 4735 0
4623:4448 4635 0
4624:4556 0
4625:4556 0
4626:4566 4577 0
4627:4503 4628 0
4628:4627 4690 4700 0
4629:4530 4543 0
4630:4613 0
4631:3530 4632 0
4632:4498 4631 4657 0
4633:4530 0
4634:4498 0
4635:4498 4623 0
4636:2479 3530 0
4637:4453 4638 4639 4640 4641 0
4638:4453 4637 4642 0
4639:4637 0
4640:4637 0
4641:4637 0
4642:4638 4669 4691 0
4643:4597 4605 0
4644:4579 4597 4699 0
4645:4589 4646 0
4646:4645 4671 4689 0
4647:3538 3774 0
4648:3538 4655 4683 0
4649:3538 4765 4766 0
4650:2359 0
4651:4475 0
4652:4475 0
4653:3460 4475 0
4654:4453 4539 4668 4782 0
4655:4558 4648 0
4656:4595 0
4657:4632 4658 0
4658:4657 0
4659:4553 0
4660:2475 4494 4708 0
4661:4494 4776 0
4662:4462 4584 0
4663:4664 4665 0
4664:4663 0
4665:4589 4595 4663 0
4666:4566 0
4667:4586 0
4668:4654 0
4669:4453 4642 4692 0
4670:4468 0
4671:4468 4646 4681 0
4672:3460 4546 4674 4675 0
4673:4546 4688 0
4674:2360 4543 4672 0
4675:4672 4690 0
4676:4579 4677 0
4677:4676 0
4678:4543 4575 0
4679:2453 4511 4705 0
4680:4511 4777 0
4681:4671 0
4682:4567 0
4683:4541 4648 0
4684:4454 4773 0
4685:4621 4720 4725 4756 4757 0
4686:4687 0
4687:4575 4686 0
4688:4458 4673 0
4689:4646 0
4690:4457 4559 4628 4675 0
4691:4642 0
4692:4669 4693 0
4693:4692 0
4694:4525 0
4695:2472 4742 4744 4760 0
4696:2472 4737 0
4697:2463 4613 0
4698:4541 0
4699:4644 4770 0
4700:4561 4628 0
4701:4594 4780 0
4702:4590 0
4703:4600 4704 0
4704:4703 0
4705:4679 0
4706:4579 4600 0
4707:4559 0
4708:4660 0
4709:2475 0
4710:873 2475 0
4711:4568 4712 0
4712:4711 0
4713:4568 0
4714:4495 4775 4776 0
4715:4716 4717 0
4716:4715 4732 0
4717:4715 4725 0
4718:4719 4720 0
4719:4718 4730 0
4720:4685 4718 0
4721:4622 4722 0
4722:4721 4723 0
4723:4722 4724 0
4724:4723 4735 0
4725:4685 4717 4726 4727 4728 0
4726:4725 4729 4733 4738 4753 0
4727:4725 4729 0
4728:4725 0
4729:4726 4727 0
4730:4719 4731 0
4731:4730 4732 0
4732:4716 4731 0
4733:4726 4734 0
4734:4733 4736 4743 4746 4751 4752 0
4735:4622 4724 0
4736:4734 4737 0
4737:4696 4736 4744 4754 4759 0
4738:4726 4739 0
4739:4738 4743 0
4740:4741 4742 0
4741:4740 4755 0
4742:4695 4740 0
4743:4734 4739 0
4744:4695 4737 4745 0
4745:4744 4763 4764 0
4746:4734 4747 0
4747:2473 2474 4746 0
4748:2473 4749 4750 0
4749:4748 0
4750:2473 4748 4772 0
4751:4734 0
4752:4734 0
4753:4726 4754 0
4754:4737 4753 0
4755:4741 4758 0
4756:4685 4761 0
4757:4685 0
4758:4755 4759 0
4759:4737 4758 0
4760:4695 4762 0
4761:4756 4762 0
4762:4760 4761 0
4763:4745 0
4764:4745 0
4765:4649 0
4766:4649 0
4767:4572 0
4768:4518 4769 0
4769:4768 0
4770:4699 4771 0
4771:4770 0
4772:4750 0
4773:4684 0
4774:4775 0
4775:4714 4774 0
4776:4661 4714 4778 0
4777:4680 0
4778:4776 0
4779:4522 0
4780:4701 0
4781:4609 0
4782:4654 0
4783:2270 4598 4784 0
4784:4783 4786 4798 0
4785:4598 4786 0
4786:3773 4784 4785 0
4787:3452 4792 4831 0
4788:4476 4805 4808 4809 0
4789:3482 4476 4809 0
4790:4791 4792 0
4791:4790 4845 0
4792:4787 4790 4845 0
4793:4794 4795 4796 0
4794:4793 4811 0
4795:4793 0
4796:3465 4793 4853 0
4797:4798 0
4798:2270 2429 2466 4784 4797 0
4799:4800 4801 4802 0
4800:4799 0
4801:4799 4835 0
4802:4799 4803 0
4803:4802 4804 0
4804:4803 4836 0
4805:4471 4788 4806 4807 0
4806:4805 0
4807:4805 0
4808:4788 0
4809:3410 4788 4789 4843 0
4810:4811 0
4811:3491 4794 4810 4812 4813 0
4812:4811 4835 4838 0
4813:3482 4811 4833 0
4814:3562 4849 4850 0
4815:3562 4846 0
4816:3562 4837 0
4817:1102 4818 0
4818:140 4817 0
4819:227 4820 0
4820:2457 4819 4825 0
4821:2379 0
4822:2457 4823 0
4823:140 4822 0
4824:2457 0
4825:4820 0
4826:3730 4827 0
4827:3773 4826 0
4828:1135 3410 0
4829:4471 0
4830:4471 0
4831:4471 4787 4844 0
4832:4833 4834 0
4833:4813 4832 4842 0
4834:4832 4854 0
4835:4801 4812 4836 4837 0
4836:4804 4835 0
4837:4816 4835 0
4838:140 4812 0
4839:4851 0
4840:0
4841:4851 4854 0
4842:4833 0
4843:3482 3773 4809 0
4844:4831 0
4845:4791 4792 0
4846:1135 4815 4847 4848 0
4847:4846 4849 0
4848:4846 4852 0
4849:4814 4847 0
4850:4814 0
4851:4839 4841 0
4852:4848 0
4853:4796 0
4854:4834 4841 0
4855:873 4856 0
4856:4855 4863 0
4857:13 0
4858:13 4860 0
4859:879 4860 0
4860:4858 4859 0
4861:879 4862 0
4862:908 4861 0
4863:4856 0
