N=4853 V=5743
1:2 3 4 0
2:1 422 429 430 431 432 0
3:1 426 450 451 452 0
4:1 470 515 0
5:6 7 8 9 0
6:5 3574 3610 0
7:5 0
8:5 0
9:5 3681 3760 0
10:11 0
11:10 3385 3466 0
12:13 0
13:12 4847 4848 0
14:0
15:16 17 0
16:15 31 32 33 34 0
17:15 46 0
18:19 0
19:18 20 21 0
20:19 0
21:19 22 23 24 25 26 0
22:21 27 0
23:21 129 130 0
24:21 104 0
25:21 27 129 194 201 222 0
26:21 30 0
27:22 25 60 0
28:29 30 0
29:28 58 59 97 174 175 176 0
30:26 28 0
31:16 0
32:16 35 36 37 38 0
33:16 0
34:16 94 164 0
35:32 0
36:32 0
37:32 43 66 0
38:32 115 0
39:40 41 0
40:39 42 43 0
41:39 186 0
42:40 44 0
43:37 40 0
44:42 160 241 251 0
45:46 47 0
46:17 45 109 0
47:45 64 0
48:49 0
49:48 108 125 0
50:51 0
51:50 54 150 165 522 532 0
52:53 54 0
53:52 114 0
54:51 52 125 165 214 4435 0
55:56 57 0
56:55 91 93 126 0
57:55 218 0
58:29 59 60 61 0
59:29 58 60 0
60:27 58 59 69 222 0
61:58 0
62:63 64 0
63:62 227 0
64:47 62 0
65:0
66:37 0
67:68 69 0
68:67 69 105 174 206 0
69:60 67 68 82 185 192 222 0
70:71 72 0
71:70 128 0
72:70 75 189 0
73:74 75 0
74:73 128 0
75:72 73 174 231 0
76:77 0
77:76 78 79 0
78:77 80 81 82 83 0
79:77 89 0
80:78 84 85 86 87 88 0
81:78 132 135 137 140 141 0
82:69 78 83 0
83:78 82 0
84:80 0
85:80 0
86:80 0
87:80 99 100 101 103 0
88:80 128 188 232 0
89:79 90 0
90:89 223 0
91:56 92 93 94 95 0
92:91 96 0
93:56 91 0
94:34 91 259 0
95:91 207 0
96:92 224 0
97:29 98 0
98:97 157 233 235 0
99:87 0
100:87 0
101:87 102 0
102:101 160 190 244 245 246 247 0
103:87 156 176 0
104:24 105 106 0
105:68 104 184 0
106:104 192 0
107:108 0
108:49 107 125 166 599 4422 0
109:46 187 207 0
110:111 112 113 0
111:110 179 196 197 0
112:110 119 122 179 0
113:110 0
114:53 147 0
115:38 116 0
116:115 158 0
117:118 0
118:117 171 0
119:112 120 121 122 123 0
120:119 123 0
121:119 123 0
122:112 119 0
123:119 120 121 246 251 0
124:125 0
125:49 54 108 124 162 215 2521 0
126:56 127 0
127:126 128 0
128:71 74 88 127 188 208 230 0
129:23 25 0
130:23 0
131:132 0
132:81 131 133 134 138 139 0
133:132 0
134:132 0
135:81 0
136:137 0
137:81 136 142 0
138:132 1026 1092 0
139:132 1124 4808 4813 4828 0
140:81 1039 1056 1125 0
141:81 2412 0
142:137 193 194 195 0
143:144 145 0
144:143 152 154 0
145:143 219 260 0
146:147 148 149 0
147:114 146 150 0
148:146 149 198 0
149:146 148 255 0
150:51 147 173 0
151:0
152:144 153 154 155 0
153:152 156 157 0
154:144 152 0
155:152 238 0
156:103 153 236 237 0
157:98 153 224 0
158:116 159 0
159:158 160 0
160:44 102 159 161 0
161:160 247 1072 0
162:125 163 0
163:162 0
164:34 258 261 0
165:51 54 0
166:108 167 0
167:166 223 0
168:169 0
169:168 0
170:0
171:118 240 0
172:197 0
173:150 256 527 539 0
174:29 68 75 0
175:29 0
176:29 103 0
177:178 179 0
178:177 196 0
179:111 112 177 0
180:182 0
181:217 0
182:180 183 0
183:182 0
184:105 252 253 254 0
185:69 0
186:41 187 188 0
187:109 186 227 0
188:88 128 186 207 218 228 229 0
189:72 216 0
190:102 191 0
191:190 1023 1094 0
192:69 106 0
193:142 194 202 203 204 0
194:25 142 193 243 0
195:142 204 638 944 4184 0
196:111 178 232 0
197:111 172 0
198:148 199 0
199:198 541 3820 0
200:201 0
201:25 200 0
202:193 0
203:193 0
204:193 195 560 599 0
205:206 0
206:68 205 0
207:95 109 188 208 0
208:128 207 0
209:0
210:0
211:0
212:0
213:534 4172 0
214:54 0
215:125 0
216:189 217 0
217:181 216 264 0
218:57 188 0
219:145 220 221 0
220:219 239 0
221:219 236 262 0
222:25 60 69 223 224 225 0
223:90 167 222 226 0
224:96 157 222 0
225:222 4809 0
226:223 263 0
227:63 187 0
228:188 231 0
229:188 0
230:128 0
231:75 228 0
232:88 196 0
233:98 234 0
234:233 0
235:98 0
236:156 221 0
237:156 238 239 0
238:155 237 248 249 0
239:220 237 0
240:171 241 242 0
241:44 240 243 0
242:240 0
243:194 241 0
244:102 0
245:102 0
246:102 123 0
247:102 161 1038 1077 1082 0
248:238 257 0
249:238 262 0
250:251 0
251:44 123 250 0
252:184 0
253:184 0
254:184 0
255:149 256 0
256:173 255 0
257:248 258 0
258:164 257 0
259:94 0
260:145 0
261:164 0
262:221 249 0
263:226 0
264:217 0
265:266 267 268 0
266:265 304 305 309 310 311 0
267:265 371 393 0
268:265 0
269:270 271 272 0
270:269 273 274 275 0
271:269 404 0
272:269 387 415 0
273:270 275 316 317 324 382 390 0
274:270 399 400 0
275:270 273 309 371 0
276:277 278 0
277:276 279 280 281 282 0
278:276 328 357 405 0
279:277 0
280:277 0
281:277 367 0
282:277 0
283:284 285 0
284:283 285 359 380 0
285:283 284 387 392 404 0
286:287 288 0
287:286 293 361 406 0
288:286 348 417 0
289:290 0
290:289 291 296 0
291:290 292 293 294 295 0
292:291 303 319 320 321 322 0
293:287 291 317 361 375 380 0
294:291 295 0
295:291 294 361 418 0
296:290 315 401 0
297:298 0
298:297 299 0
299:298 300 301 302 303 0
300:299 301 302 303 362 0
301:299 300 324 384 0
302:299 300 0
303:292 299 300 322 0
304:266 305 306 307 308 0
305:266 304 0
306:304 308 310 395 0
307:304 308 0
308:304 306 307 0
309:266 275 312 0
310:266 306 0
311:266 0
312:309 4378 0
313:314 315 0
314:313 316 317 0
315:296 313 0
316:273 314 324 368 0
317:273 293 314 323 348 0
318:319 0
319:292 318 0
320:292 321 325 0
321:292 320 0
322:292 303 0
323:317 324 325 0
324:273 301 316 323 0
325:320 323 335 336 0
326:327 328 329 330 331 0
327:326 332 333 334 0
328:278 326 0
329:326 330 344 412 0
330:326 329 0
331:326 0
332:327 335 336 0
333:327 344 0
334:327 340 341 405 0
335:325 332 0
336:325 332 0
337:338 339 0
338:337 395 396 0
339:337 4354 4397 0
340:334 341 0
341:334 340 0
342:343 0
343:342 378 379 385 0
344:329 333 0
345:346 0
346:345 347 348 0
347:346 409 0
348:288 317 346 350 374 0
349:350 0
350:348 349 351 352 354 355 356 0
351:350 0
352:350 353 0
353:352 0
354:350 0
355:350 0
356:350 374 397 0
357:278 358 0
358:357 0
359:284 360 0
360:359 390 391 0
361:287 293 295 0
362:300 363 364 365 0
363:362 364 365 0
364:362 363 365 367 0
365:362 363 364 381 0
366:0
367:281 364 0
368:316 1239 1390 0
369:370 0
370:369 371 372 0
371:267 275 370 407 0
372:370 4406 4407 4411 4417 0
373:374 0
374:348 356 373 0
375:293 0
376:377 0
377:376 378 0
378:343 377 379 0
379:343 378 402 409 0
380:284 293 0
381:365 0
382:273 383 0
383:382 0
384:301 0
385:343 0
386:387 388 389 0
387:272 285 386 404 413 414 0
388:386 0
389:386 4416 0
390:273 360 392 0
391:360 398 0
392:285 390 0
393:267 394 0
394:393 1138 1144 1230 1323 1325 0
395:306 338 0
396:338 4357 4358 0
397:356 0
398:391 0
399:274 0
400:274 0
401:296 416 0
402:379 403 0
403:402 0
404:271 285 387 0
405:278 334 410 411 0
406:287 0
407:371 408 0
408:407 0
409:347 379 0
410:405 0
411:405 0
412:329 0
413:387 0
414:387 0
415:272 4412 0
416:401 0
417:288 0
418:295 0
419:420 421 422 423 424 425 0
420:419 426 427 428 0
421:419 431 500 0
422:2 419 0
423:419 424 500 0
424:419 423 481 0
425:419 477 0
426:3 420 428 447 0
427:420 428 445 457 496 497 0
428:420 426 427 0
429:2 0
430:2 0
431:2 421 0
432:2 2418 0
433:434 0
434:433 442 484 488 501 0
435:436 0
436:435 470 0
437:438 0
438:437 439 440 441 442 0
439:438 443 444 445 446 0
440:438 448 449 0
441:438 467 0
442:434 438 0
443:439 446 460 461 462 463 464 0
444:439 466 0
445:427 439 478 494 0
446:439 443 502 0
447:426 2279 2280 2290 2291 0
448:440 501 510 0
449:440 466 468 0
450:3 471 490 0
451:3 885 2258 0
452:3 2400 2456 0
453:0
454:0
455:0
456:0
457:427 459 490 0
458:2263 2273 2303 0
459:457 2395 0
460:443 0
461:443 0
462:443 472 473 0
463:443 505 506 507 0
464:443 491 508 0
465:466 0
466:444 449 465 467 468 0
467:441 466 502 503 504 0
468:449 466 0
469:470 0
470:4 436 469 471 0
471:450 470 513 0
472:462 0
473:462 1482 1513 0
474:475 476 0
475:474 508 0
476:474 1564 0
477:425 478 479 480 481 482 483 0
478:445 477 0
479:477 0
480:477 499 0
481:424 477 499 0
482:477 488 495 0
483:477 487 495 0
484:434 485 486 487 488 0
485:484 0
486:484 494 0
487:483 484 0
488:434 482 484 0
489:490 0
490:450 457 489 0
491:464 492 493 0
492:491 1773 0
493:491 0
494:445 486 495 0
495:482 483 494 0
496:427 498 0
497:427 4021 0
498:496 1336 0
499:480 481 0
500:421 423 0
501:434 448 509 0
502:446 467 0
503:467 0
504:467 508 518 0
505:463 0
506:463 517 0
507:463 1569 1628 0
508:464 475 504 0
509:501 0
510:448 0
511:512 0
512:511 513 514 0
513:471 512 0
514:512 516 0
515:4 516 0
516:514 515 0
517:506 0
518:504 0
519:520 521 0
520:519 529 533 534 0
521:519 534 4174 0
522:51 523 0
523:522 4173 0
524:525 0
525:524 526 527 0
526:525 529 532 0
527:173 525 532 536 540 0
528:529 530 531 0
529:520 526 528 0
530:528 532 543 0
531:528 536 0
532:51 526 527 530 0
533:520 544 0
534:213 520 521 4169 4170 4171 0
535:536 537 538 539 0
536:527 531 535 537 542 543 0
537:535 536 0
538:535 542 0
539:173 535 0
540:527 541 0
541:199 540 679 0
542:536 538 0
543:530 536 0
544:533 0
545:546 547 0
546:545 1455 0
547:545 1445 0
548:2475 2476 0
549:552 2584 2585 2636 2771 0
550:2999 3000 0
551:2980 2981 3126 3127 0
552:549 3151 0
553:3148 0
554:3149 0
555:3150 0
556:3229 0
557:558 0
558:557 559 560 561 0
559:558 569 0
560:204 558 611 624 638 0
561:558 0
562:563 0
563:562 564 565 566 567 0
564:563 0
565:563 602 603 0
566:563 631 0
567:563 634 635 636 0
568:569 570 0
569:559 568 570 612 628 630 0
570:568 569 584 588 589 0
571:572 573 574 0
572:571 575 619 620 621 622 623 0
573:571 575 615 625 626 627 0
574:571 577 622 0
575:572 573 576 0
576:575 577 623 0
577:574 576 0
578:579 580 581 0
579:578 622 623 0
580:578 0
581:578 0
582:583 0
583:582 622 623 633 0
584:570 585 586 587 588 589 0
585:584 0
586:584 0
587:584 588 589 0
588:570 584 587 0
589:570 584 587 621 0
590:0
591:592 0
592:591 594 0
593:594 0
594:592 593 595 596 598 0
595:594 0
596:594 597 0
597:596 2442 4043 0
598:594 2290 2365 2420 0
599:108 204 600 601 0
600:599 905 909 0
601:599 0
602:565 604 0
603:565 605 0
604:602 605 609 0
605:603 604 610 0
606:607 608 0
607:606 0
608:606 4217 0
609:604 0
610:605 0
611:560 0
612:569 637 0
613:614 615 616 0
614:613 617 618 0
615:573 613 0
616:613 0
617:614 0
618:614 627 631 0
619:572 624 0
620:572 624 0
621:572 589 0
622:572 574 579 583 0
623:572 576 579 583 0
624:560 619 620 0
625:573 629 0
626:573 629 0
627:573 618 632 0
628:569 629 0
629:625 626 628 630 0
630:569 629 0
631:566 618 632 0
632:627 631 0
633:583 0
634:567 0
635:567 0
636:567 4117 4176 4203 0
637:612 0
638:195 560 944 2771 4185 4245 4246 0
639:640 641 642 643 0
640:639 694 698 702 725 0
641:639 0
642:639 0
643:639 0
644:645 646 647 0
645:644 660 661 662 663 0
646:644 0
647:644 662 742 0
648:649 0
649:648 650 651 0
650:649 676 683 684 685 686 0
651:649 700 702 705 0
652:653 654 0
653:652 759 0
654:652 707 740 764 780 781 0
655:656 0
656:655 765 788 790 791 0
657:658 659 0
658:657 661 667 0
659:657 708 0
660:645 0
661:645 658 664 665 666 0
662:645 647 706 707 0
663:645 747 748 0
664:661 718 753 0
665:661 715 753 0
666:661 735 762 763 0
667:658 706 708 709 710 0
668:669 0
669:668 670 671 672 673 674 0
670:669 714 715 0
671:669 715 720 721 722 0
672:669 721 0
673:669 740 766 0
674:669 0
675:0
676:650 677 678 679 0
677:676 0
678:676 0
679:541 676 699 753 757 775 0
680:681 682 0
681:680 0
682:680 724 725 0
683:650 0
684:650 0
685:650 698 723 0
686:650 0
687:0
688:0
689:0
690:0
691:0
692:0
693:694 0
694:640 693 695 696 697 0
695:694 698 699 0
696:694 0
697:694 704 774 0
698:640 685 695 743 755 756 757 0
699:679 695 760 0
700:651 0
701:702 0
702:640 651 701 703 704 0
703:702 0
704:697 702 758 0
705:651 756 792 793 0
706:662 667 0
707:654 662 0
708:659 667 0
709:667 732 733 0
710:667 764 0
711:712 0
712:711 713 0
713:712 718 727 739 740 741 0
714:670 0
715:665 670 671 727 730 0
716:717 0
717:716 718 719 0
718:664 713 717 741 752 0
719:717 781 799 0
720:671 0
721:671 672 729 754 0
722:671 740 0
723:685 0
724:682 0
725:640 682 777 0
726:727 0
727:713 715 726 728 729 730 0
728:727 731 0
729:721 727 772 773 0
730:715 727 789 0
731:728 0
732:709 0
733:709 745 749 0
734:735 736 737 738 0
735:666 734 737 0
736:734 782 784 0
737:734 735 748 786 0
738:734 778 796 0
739:713 0
740:654 673 713 722 741 746 0
741:713 718 740 770 0
742:647 0
743:698 0
744:745 0
745:733 744 746 0
746:740 745 771 0
747:663 0
748:663 737 761 0
749:733 0
750:751 0
751:750 0
752:718 0
753:664 665 679 775 795 0
754:721 0
755:698 0
756:698 705 785 0
757:679 698 800 0
758:704 0
759:653 0
760:699 0
761:748 0
762:666 0
763:666 0
764:654 710 0
765:656 0
766:673 0
767:0
768:0
769:0
770:741 0
771:746 0
772:729 0
773:729 797 0
774:697 0
775:679 753 776 0
776:775 0
777:725 0
778:738 779 0
779:778 0
780:654 0
781:654 719 798 0
782:736 783 0
783:782 0
784:736 0
785:756 0
786:737 0
787:788 0
788:656 787 0
789:730 0
790:656 0
791:656 0
792:705 0
793:705 0
794:0
795:753 3816 3835 3841 3843 3844 3845 0
796:738 0
797:773 0
798:781 0
799:719 0
800:757 0
801:802 803 804 0
802:801 805 806 807 808 0
803:801 826 827 0
804:801 808 818 845 0
805:802 806 824 825 826 0
806:802 805 807 828 829 0
807:802 806 835 836 838 839 0
808:802 804 810 896 0
809:810 0
810:808 809 812 820 821 822 0
811:812 813 814 815 0
812:810 811 816 817 818 819 0
813:811 814 817 844 0
814:811 813 844 846 847 0
815:811 847 866 0
816:812 0
817:812 813 845 0
818:804 812 865 0
819:812 866 877 888 0
820:810 0
821:810 885 0
822:810 871 888 1539 0
823:0
824:805 0
825:805 0
826:803 805 0
827:803 830 0
828:806 831 0
829:806 861 864 0
830:827 831 0
831:828 830 2371 2393 2466 0
832:833 834 0
833:832 848 849 0
834:832 839 871 0
835:807 0
836:807 837 0
837:836 839 0
838:807 840 841 842 843 0
839:807 834 837 0
840:838 894 0
841:838 895 0
842:838 855 0
843:838 855 0
844:813 814 845 0
845:804 817 844 0
846:814 0
847:814 815 872 0
848:833 862 863 0
849:833 898 0
850:851 0
851:850 0
852:853 0
853:852 855 857 860 861 0
854:855 0
855:842 843 853 854 856 0
856:855 0
857:853 858 859 0
858:857 861 0
859:857 0
860:853 0
861:829 853 858 0
862:848 0
863:848 897 0
864:829 4700 4845 0
865:818 873 0
866:815 819 880 881 0
867:0
868:882 0
869:870 0
870:869 4849 4851 0
871:822 834 883 884 0
872:847 0
873:865 874 0
874:873 2416 0
875:876 0
876:875 877 878 879 0
877:819 876 0
878:876 891 892 893 0
879:876 1409 0
880:866 0
881:866 890 0
882:868 0
883:871 0
884:871 888 1229 1526 1576 1577 0
885:451 821 0
886:889 0
887:0
888:819 822 884 0
889:886 0
890:881 891 0
891:878 890 893 0
892:878 0
893:878 891 1334 1335 0
894:840 1539 0
895:841 1539 0
896:808 0
897:863 898 0
898:849 897 899 0
899:898 4852 0
900:901 902 0
901:900 903 904 0
902:900 949 0
903:901 910 911 0
904:901 913 4423 4424 0
905:600 906 907 908 0
906:905 908 919 0
907:905 981 0
908:905 906 0
909:600 935 936 937 0
910:903 927 0
911:903 932 0
912:913 0
913:904 912 0
914:951 965 977 0
915:0
916:0
917:918 985 0
918:917 934 989 992 0
919:906 0
920:0
921:0
922:0
923:0
924:0
925:0
926:0
927:910 928 929 930 931 0
928:927 945 0
929:927 0
930:927 981 989 990 0
931:927 982 0
932:911 933 934 0
933:932 934 993 0
934:918 932 933 0
935:909 938 972 0
936:909 981 986 0
937:909 987 0
938:935 939 0
939:938 940 0
940:939 941 0
941:940 2365 0
942:943 0
943:942 944 0
944:195 638 943 4257 4258 0
945:928 946 947 948 0
946:945 0
947:945 0
948:945 0
949:902 972 0
950:958 959 0
951:914 975 0
952:0
953:956 0
954:983 0
955:980 992 0
956:953 972 0
957:996 997 0
958:950 960 961 962 963 964 0
959:950 0
960:958 0
961:958 0
962:958 0
963:958 0
964:958 0
965:914 966 967 968 0
966:965 0
967:965 0
968:965 0
969:970 0
970:969 0
971:0
972:935 949 956 973 974 0
973:972 988 0
974:972 978 986 987 994 995 0
975:951 976 982 983 0
976:975 983 984 0
977:914 0
978:974 979 980 0
979:978 983 994 0
980:955 978 991 0
981:907 930 936 986 0
982:931 975 991 0
983:954 975 976 979 0
984:976 1002 1003 0
985:917 988 0
986:936 974 981 987 990 993 0
987:937 974 986 993 995 0
988:973 985 993 0
989:918 930 0
990:930 986 0
991:980 982 992 993 0
992:918 955 991 0
993:933 986 987 988 991 0
994:974 979 0
995:974 987 0
996:957 998 999 0
997:957 1000 1001 0
998:996 0
999:996 0
1000:997 0
1001:997 0
1002:984 1004 1005 0
1003:984 1006 1007 0
1004:1002 0
1005:1002 0
1006:1003 0
1007:1003 0
1008:1009 1010 0
1009:1008 1015 0
1010:1008 0
1011:1012 1013 1014 0
1012:1011 1014 0
1013:1011 1015 0
1014:1011 1012 1037 1078 0
1015:1009 1013 1028 1029 0
1016:1017 1018 1019 0
1017:1016 0
1018:1016 1063 0
1019:1016 1057 1060 1062 1097 0
1020:1021 1022 1023 1024 0
1021:1020 1025 1026 1027 0
1022:1020 1065 1066 0
1023:191 1020 0
1024:1020 1096 0
1025:1021 1066 1111 0
1026:138 1021 0
1027:1021 0
1028:1015 1030 1031 0
1029:1015 1101 1103 0
1030:1028 1040 0
1031:1028 1038 1067 0
1032:1033 1034 1035 0
1033:1032 1035 1036 1037 0
1034:1032 1106 0
1035:1032 1033 1037 1107 0
1036:1033 1038 1039 0
1037:1014 1033 1035 0
1038:247 1031 1036 1080 1082 0
1039:140 1036 0
1040:1030 0
1041:1042 1043 1044 1045 1046 0
1042:1041 1047 1048 1049 0
1043:1041 1047 1050 1051 0
1044:1041 1076 0
1045:1041 1090 1091 0
1046:1041 1089 0
1047:1042 1043 1052 1053 1054 0
1048:1042 1068 0
1049:1042 1081 0
1050:1043 1052 1083 0
1051:1043 1089 1102 1127 0
1052:1047 1050 1081 1084 0
1053:1047 0
1054:1047 1081 0
1055:1056 1057 1058 1059 1060 0
1056:140 1055 1061 1062 0
1057:1019 1055 1088 0
1058:1055 1086 1117 0
1059:1055 1086 1117 0
1060:1019 1055 1128 0
1061:1056 1064 0
1062:1019 1056 1074 0
1063:1018 1071 1078 1085 0
1064:1061 0
1065:1022 0
1066:1022 1025 1094 0
1067:1031 1068 1069 0
1068:1048 1067 1069 1091 0
1069:1067 1068 1127 0
1070:1071 1072 0
1071:1063 1070 1077 1078 0
1072:161 1070 1100 0
1073:1074 1075 0
1074:1062 1073 1088 0
1075:1073 1098 0
1076:1044 1081 0
1077:247 1071 0
1078:1014 1063 1071 1107 1116 0
1079:1080 1081 0
1080:1038 1079 1082 0
1081:1049 1052 1054 1076 1079 1106 1118 0
1082:247 1038 1080 0
1083:1050 1104 0
1084:1052 0
1085:1063 0
1086:1058 1059 1087 0
1087:1086 1113 1115 1125 0
1088:1057 1074 0
1089:1046 1051 0
1090:1045 1091 0
1091:1045 1068 1090 1102 0
1092:138 1093 0
1093:1092 4807 0
1094:191 1066 1095 0
1095:1094 0
1096:1024 0
1097:1019 1098 1099 0
1098:1075 1097 1099 0
1099:1097 1098 1128 0
1100:1072 0
1101:1029 0
1102:1051 1091 0
1103:1029 0
1104:1083 1105 0
1105:1104 0
1106:1034 1081 0
1107:1035 1078 0
1108:0
1109:0
1110:0
1111:1025 0
1112:1113 1114 0
1113:1087 1112 1115 0
1114:1112 1115 1117 0
1115:1087 1113 1114 1117 0
1116:1078 0
1117:1058 1059 1114 1115 0
1118:1081 0
1119:0
1120:1126 0
1121:0
1122:0
1123:0
1124:139 0
1125:140 1087 0
1126:1120 4818 4836 0
1127:1051 1069 0
1128:1060 1099 1129 0
1129:1128 0
1130:1131 1132 1133 1134 1135 0
1131:1130 1136 0
1132:1130 1136 0
1133:1130 1856 1857 0
1134:1130 1975 0
1135:1130 1856 0
1136:1131 1132 1368 1731 0
1137:1138 1139 1140 1141 1142 0
1138:394 1137 0
1139:1137 1327 1422 0
1140:1137 1591 0
1141:1137 1984 0
1142:1137 1987 0
1143:1144 0
1144:394 1143 1231 0
1145:1146 1147 1148 0
1146:1145 1726 0
1147:1145 2131 0
1148:1145 1774 0
1149:1150 1151 1152 0
1150:1149 1153 0
1151:1149 1153 1768 1769 0
1152:1149 1309 1964 0
1153:1150 1151 1312 1313 1584 1617 1770 1771 0
1154:1155 1156 1157 1158 1159 1160 1161 0
1155:1154 1162 1163 0
1156:1154 1157 0
1157:1154 1156 1192 0
1158:1154 1365 1616 1637 0
1159:1154 1585 0
1160:1154 1584 0
1161:1154 1900 1901 0
1162:1155 1583 1588 0
1163:1155 1443 1719 1730 1731 1732 1733 0
1164:1165 1166 1167 0
1165:1164 1865 0
1166:1164 1974 0
1167:1164 1642 0
1168:1169 1170 1171 1172 1173 1174 0
1169:1168 1175 1176 0
1170:1168 1175 1462 1473 1474 0
1171:1168 1503 1504 0
1172:1168 1606 1607 1608 0
1173:1168 1524 1655 0
1174:1168 1342 0
1175:1169 1170 1347 0
1176:1169 1184 1292 1332 1588 1606 1654 0
1177:1178 1179 0
1178:1177 1180 0
1179:1177 1357 1417 1421 0
1180:1178 1181 1182 0
1181:1180 1514 0
1182:1180 1417 0
1183:0
1184:1176 1185 1186 1187 1188 0
1185:1184 0
1186:1184 1187 1292 1293 1389 1561 0
1187:1184 1186 1627 1639 1640 0
1188:1184 1292 1300 1332 1676 0
1189:1190 0
1190:1189 1851 0
1191:1192 1193 1194 0
1192:1157 1191 0
1193:1191 1894 0
1194:1191 1343 0
1195:1196 1197 1198 0
1196:1195 1757 1837 0
1197:1195 1903 0
1198:1195 0
1199:1200 1201 1202 0
1200:1199 0
1201:1199 1219 1220 1236 1240 1787 0
1202:1199 0
1203:1204 0
1204:1203 1250 1251 1252 1253 1254 1255 1256 0
1205:1206 1207 1208 1209 1210 1211 0
1206:1205 1212 1213 0
1207:1205 1212 1214 1215 1216 1217 0
1208:1205 1227 0
1209:1205 1217 1725 1726 0
1210:1205 1525 0
1211:1205 1468 1496 1540 1568 1818 0
1212:1206 1207 1218 0
1213:1206 1245 1248 1249 0
1214:1207 1222 1223 1224 1225 1226 1227 0
1215:1207 1525 0
1216:1207 1528 0
1217:1207 1209 0
1218:1212 1339 1726 0
1219:1201 1220 1221 0
1220:1201 1219 1650 1651 1652 1653 0
1221:1219 1273 0
1222:1214 1224 1294 0
1223:1214 1434 1435 1436 0
1224:1214 1222 1831 0
1225:1214 1988 0
1226:1214 2014 0
1227:1208 1214 2202 0
1228:1233 0
1229:884 1249 1339 1567 1706 1707 0
1230:394 1774 0
1231:1144 0
1232:1528 0
1233:1228 1490 1539 1576 0
1234:1235 1236 1237 1238 0
1235:1234 1239 1240 0
1236:1201 1234 1241 1242 1243 1244 0
1237:1234 1238 1241 2223 0
1238:1234 1237 0
1239:368 1235 1456 1457 0
1240:1201 1235 1322 1650 1704 0
1241:1236 1237 1244 1457 0
1242:1236 2214 2215 0
1243:1236 2223 0
1244:1236 1241 2233 2234 0
1245:1213 1246 1247 0
1246:1245 1615 0
1247:1245 1740 0
1248:1213 1569 1698 0
1249:1213 1229 1738 0
1250:1204 0
1251:1204 1475 0
1252:1204 1723 0
1253:1204 1680 2051 0
1254:1204 1537 2085 0
1255:1204 1852 0
1256:1204 1998 0
1257:1258 1259 1260 1261 1262 0
1258:1257 1263 1264 0
1259:1257 1263 1400 1600 1601 1602 0
1260:1257 1807 0
1261:1257 1508 0
1262:1257 1400 0
1263:1258 1259 1603 0
1264:1258 1400 1402 0
1265:1266 1267 1268 1269 1270 0
1266:1265 1271 1272 0
1267:1265 1341 1538 0
1268:1265 1288 1693 0
1269:1265 1560 1658 1736 1772 0
1270:1265 1906 1907 0
1271:1266 1377 1378 0
1272:1266 1465 1503 1654 1784 1785 1786 0
1273:1221 1274 1275 1276 1277 0
1274:1273 2091 0
1275:1273 1431 0
1276:1273 2207 0
1277:1273 2183 0
1278:1279 1280 1281 1282 0
1279:1278 1381 1382 0
1280:1278 0
1281:1278 1994 0
1282:1278 1822 0
1283:1291 1292 1293 0
1284:1291 1362 1363 0
1285:0
1286:1565 0
1287:1658 1659 0
1288:1268 1353 1669 1670 1671 1672 0
1289:1549 0
1290:1314 0
1291:1283 1284 0
1292:1176 1186 1188 1283 1333 1582 0
1293:1186 1283 1588 1669 1722 0
1294:1222 0
1295:1296 1297 1298 0
1296:1295 1507 1508 1509 0
1297:1295 1715 1810 1812 0
1298:1295 1721 1730 0
1299:1300 0
1300:1188 1299 0
1301:1302 1303 0
1302:1301 1914 0
1303:1301 1915 0
1304:1305 0
1305:1304 1312 1313 1314 1315 0
1306:1307 1308 0
1307:1306 2148 0
1308:1306 2174 0
1309:1152 1310 1311 0
1310:1309 1858 0
1311:1309 1943 0
1312:1153 1305 1790 0
1313:1153 1305 1791 0
1314:1290 1305 1558 1625 1722 0
1315:1305 1683 0
1316:1317 1318 1319 1320 1321 1322 0
1317:1316 1470 1471 0
1318:1316 1430 1696 0
1319:1316 1471 1697 1704 1802 1803 0
1320:1316 1604 1696 1804 0
1321:1316 1921 1922 1923 1924 1925 1926 0
1322:1240 1316 0
1323:394 1324 0
1324:1323 1326 0
1325:394 4418 4419 0
1326:1324 1327 0
1327:1139 1326 0
1328:1329 0
1329:1328 1330 1331 0
1330:1329 1424 1428 0
1331:1329 1393 1599 0
1332:1176 1188 1333 0
1333:1292 1332 1345 1346 1559 1560 0
1334:893 1739 0
1335:893 1738 0
1336:498 1346 1559 0
1337:1338 1339 0
1338:1337 1340 0
1339:1218 1229 1337 0
1340:1338 2153 0
1341:1267 1342 0
1342:1174 1341 0
1343:1194 1344 0
1344:1343 1827 0
1345:1333 1346 1347 1348 0
1346:1333 1336 1345 1599 1643 0
1347:1175 1345 1552 0
1348:1345 2576 2742 0
1349:1350 1351 1352 0
1350:1349 1360 1361 0
1351:1349 1825 0
1352:1349 1957 1958 1959 0
1353:1288 1354 1355 0
1354:1353 1555 1556 1557 1558 0
1355:1353 1556 1966 1967 0
1356:1357 1358 1359 0
1357:1179 1356 1421 1477 1763 1764 1766 0
1358:1356 1448 1450 0
1359:1356 0
1360:1350 1585 1670 1734 1788 1789 0
1361:1350 0
1362:1284 0
1363:1284 0
1364:1365 1366 1367 1368 1369 1370 1371 1372 0
1365:1158 1364 0
1366:1364 1367 1661 0
1367:1364 1366 1447 1702 0
1368:1136 1364 1450 1518 1593 1714 1719 1720 0
1369:1364 1661 1793 0
1370:1364 1448 0
1371:1364 1979 0
1372:1364 1977 1978 0
1373:1374 0
1374:1373 1375 1376 0
1375:1374 1612 1816 1817 0
1376:1374 1764 0
1377:1271 1778 0
1378:1271 1875 1936 1980 1981 0
1379:1380 0
1380:1379 1527 0
1381:1279 1822 1823 1824 0
1382:1279 2092 0
1383:1384 0
1384:1383 1385 1389 1390 1391 0
1385:1384 1386 1387 1388 0
1386:1385 1497 0
1387:1385 1802 0
1388:1385 1803 0
1389:1186 1384 1441 0
1390:368 1384 1649 1694 0
1391:1384 1441 1477 0
1392:1393 1394 0
1393:1331 1392 1395 0
1394:1392 2030 0
1395:1393 1609 1611 0
1396:1397 1398 1399 1400 0
1397:1396 1398 1688 0
1398:1396 1397 1400 1402 1605 1688 1708 0
1399:1396 1815 0
1400:1259 1262 1264 1396 1398 1600 1605 1647 0
1401:1402 1403 0
1402:1264 1398 1401 0
1403:1401 1448 1449 1755 1821 0
1404:1405 1406 0
1405:1404 1658 0
1406:1404 1564 0
1407:1408 1409 1410 0
1408:1407 1411 1412 1413 0
1409:879 1407 0
1410:1407 2192 0
1411:1408 1413 1423 0
1412:1408 1526 0
1413:1408 1411 1578 0
1414:1415 1416 0
1415:1414 1840 0
1416:1414 1674 2114 0
1417:1179 1182 1418 1419 1420 0
1418:1417 1562 1665 1666 0
1419:1417 1612 0
1420:1417 1510 0
1421:1179 1357 0
1422:1139 2000 0
1423:1411 1566 0
1424:1330 1425 1426 1427 0
1425:1424 1554 0
1426:1424 1454 0
1427:1424 0
1428:1330 1552 1632 1635 0
1429:1430 1431 1432 1433 0
1430:1318 1429 1432 1600 1601 0
1431:1275 1429 0
1432:1429 1430 0
1433:1429 1601 0
1434:1223 2093 0
1435:1223 1499 0
1436:1223 2013 0
1437:0
1438:1684 1762 0
1439:1782 0
1440:1720 0
1441:1389 1391 1443 1561 0
1442:1443 0
1443:1163 1441 1442 1444 1649 1755 0
1444:1443 0
1445:547 1455 0
1446:1447 0
1447:1367 1446 2241 0
1448:1358 1370 1403 1449 1450 1451 0
1449:1403 1448 1808 1809 1810 0
1450:1358 1368 1448 0
1451:1448 1809 2011 2012 0
1452:1453 1454 0
1453:1452 1464 0
1454:1426 1452 0
1455:546 1445 1505 1645 1647 0
1456:1239 0
1457:1239 1241 0
1458:1459 1460 0
1459:1458 1709 0
1460:1458 1811 0
1461:1462 1463 0
1462:1170 1461 1472 0
1463:1461 1633 0
1464:1453 2542 2543 2544 2545 0
1465:1272 0
1466:1467 1468 1469 0
1467:1466 1528 0
1468:1211 1466 0
1469:1466 1984 0
1470:1317 0
1471:1317 1319 1543 0
1472:1462 0
1473:1170 1541 0
1474:1170 1520 0
1475:1251 1573 1851 1852 1853 1854 0
1476:1477 1478 0
1477:1357 1391 1476 1479 0
1478:1476 1562 0
1479:1477 1845 1846 0
1480:1481 1482 0
1481:1480 1485 1569 0
1482:473 1480 1840 1841 0
1483:1484 1485 1486 0
1484:1483 1487 0
1485:1481 1483 1495 1630 1631 0
1486:1483 1838 0
1487:1484 2031 0
1488:1489 1490 0
1489:1488 1491 0
1490:1233 1488 1492 0
1491:1489 1629 1698 0
1492:1490 1569 1570 0
1493:1494 1495 1496 0
1494:1493 1623 0
1495:1485 1493 1699 0
1496:1211 1493 0
1497:1386 1498 1499 1500 1501 1502 0
1498:1497 1711 1712 1713 0
1499:1435 1497 0
1500:1497 0
1501:1497 0
1502:1497 2055 0
1503:1171 1272 1504 0
1504:1171 1503 2136 0
1505:1455 1506 0
1506:1505 1931 0
1507:1296 0
1508:1261 1296 0
1509:1296 0
1510:1420 1511 0
1511:1510 1512 0
1512:1511 1680 1703 0
1513:473 0
1514:1181 1682 1748 0
1515:1516 1517 1518 1519 0
1516:1515 1563 0
1517:1515 1745 0
1518:1368 1515 1594 0
1519:1515 2026 2048 2061 2062 0
1520:1474 1521 1522 1523 1524 0
1521:1520 1767 0
1522:1520 1895 1897 2005 2063 0
1523:1520 2003 0
1524:1173 1520 0
1525:1210 1215 1568 0
1526:884 1412 0
1527:1380 1540 0
1528:1216 1232 1467 1540 1747 0
1529:0
1530:0
1531:1580 1775 0
1532:1838 0
1533:2010 0
1534:2059 0
1535:0
1536:1581 0
1537:1254 0
1538:1267 2017 2080 2081 0
1539:822 894 895 1233 0
1540:1211 1527 1528 0
1541:1473 1542 0
1542:1541 1550 1552 1553 0
1543:1471 0
1544:1545 1546 1547 1548 0
1545:1544 1549 0
1546:1544 1681 0
1547:1544 1729 0
1548:1544 1902 0
1549:1289 1545 0
1550:1542 1551 0
1551:1550 1632 1636 0
1552:1347 1428 1542 1553 0
1553:1542 1552 0
1554:1425 1634 0
1555:1354 1624 1625 0
1556:1354 1355 2094 2095 0
1557:1354 2096 2097 0
1558:1314 1354 1879 0
1559:1333 1336 1737 0
1560:1269 1333 0
1561:1186 1441 0
1562:1418 1478 0
1563:1516 1745 0
1564:476 1406 0
1565:1286 1575 0
1566:1423 1567 0
1567:1229 1566 1619 1620 1622 0
1568:1211 1525 1747 0
1569:507 1248 1481 1492 0
1570:1492 1627 1638 0
1571:1572 1573 1574 0
1572:1571 1902 0
1573:1475 1571 0
1574:1571 1756 0
1575:1565 2120 0
1576:884 1233 0
1577:884 1707 0
1578:1413 0
1579:1580 0
1580:1531 1579 0
1581:1536 0
1582:1292 0
1583:1162 1584 1585 1586 1587 0
1584:1153 1160 1583 1760 0
1585:1159 1360 1583 1813 1814 0
1586:1583 1957 2066 2072 2127 2128 0
1587:1583 2242 0
1588:1162 1176 1293 1734 0
1589:1590 0
1590:1589 1591 0
1591:1140 1590 0
1592:1593 1594 1595 1596 1597 1598 0
1593:1368 1592 0
1594:1518 1592 0
1595:1592 1898 0
1596:1592 1598 1929 0
1597:1592 1985 0
1598:1592 1596 1985 2172 0
1599:1331 1346 1641 1642 0
1600:1259 1400 1430 1604 1605 0
1601:1259 1430 1433 1602 0
1602:1259 1601 1805 1806 1807 0
1603:1263 2247 0
1604:1320 1600 0
1605:1398 1400 1600 0
1606:1172 1176 0
1607:1172 1829 1848 1849 0
1608:1172 1905 2028 2069 2133 0
1609:1395 1610 0
1610:1609 1937 0
1611:1395 1658 1737 0
1612:1375 1419 1613 1614 0
1613:1612 1749 1850 0
1614:1612 0
1615:1246 1836 0
1616:1158 1617 1618 0
1617:1153 1616 1820 0
1618:1616 1637 1962 0
1619:1567 0
1620:1567 1621 0
1621:1620 2137 0
1622:1567 2153 0
1623:1494 1759 0
1624:1555 2053 0
1625:1314 1555 1879 0
1626:1627 0
1627:1187 1570 1626 0
1628:507 1629 1630 1631 0
1629:1491 1628 0
1630:1485 1628 1750 0
1631:1485 1628 0
1632:1428 1551 1633 1634 1635 1636 0
1633:1463 1632 0
1634:1554 1632 1636 0
1635:1428 1632 0
1636:1551 1632 1634 0
1637:1158 1618 1954 2036 0
1638:1570 0
1639:1187 0
1640:1187 1676 1776 0
1641:1599 2139 0
1642:1167 1599 2209 0
1643:1346 2883 2884 0
1644:1649 0
1645:1455 1657 0
1646:1766 0
1647:1400 1455 0
1648:2243 0
1649:1390 1443 1644 0
1650:1220 1240 0
1651:1220 0
1652:1220 1653 1787 0
1653:1220 1652 2237 2238 0
1654:1176 1272 0
1655:1173 1656 0
1656:1655 2045 2047 0
1657:1645 1932 2142 0
1658:1269 1287 1405 1611 0
1659:1287 1889 0
1660:1661 0
1661:1366 1369 1660 0
1662:1663 1664 0
1663:1662 1749 1782 0
1664:1662 1762 0
1665:1418 1666 1667 1668 0
1666:1418 1665 1761 0
1667:1665 1764 1765 0
1668:1665 1765 2091 0
1669:1288 1293 0
1670:1288 1360 1734 0
1671:1288 1944 1966 2064 0
1672:1288 1944 2065 2094 0
1673:1674 1675 0
1674:1416 1673 0
1675:1673 1903 0
1676:1188 1640 0
1677:0
1678:1786 0
1679:1770 0
1680:1253 1512 1681 1682 0
1681:1546 1680 0
1682:1514 1680 0
1683:1315 1727 0
1684:1438 1748 0
1685:1754 0
1686:1741 1832 0
1687:1753 1834 0
1688:1397 1398 0
1689:1690 0
1690:1689 1691 1692 0
1691:1690 1987 0
1692:1690 1988 0
1693:1268 1947 2146 0
1694:1390 1695 1696 0
1695:1694 1697 0
1696:1318 1320 1694 0
1697:1319 1695 0
1698:1248 1491 1699 1700 1701 0
1699:1495 1698 0
1700:1698 1836 0
1701:1698 0
1702:1367 0
1703:1512 1832 0
1704:1240 1319 1705 0
1705:1704 2149 2150 2151 0
1706:1229 0
1707:1229 1577 0
1708:1398 2050 0
1709:1459 1710 0
1710:1709 1817 0
1711:1498 2093 0
1712:1498 1930 0
1713:1498 2204 0
1714:1368 1715 1716 1717 1718 0
1715:1297 1714 1721 0
1716:1714 1718 0
1717:1714 1857 2057 0
1718:1714 1716 1898 2026 0
1719:1163 1368 0
1720:1368 1440 0
1721:1298 1715 0
1722:1293 1314 0
1723:1252 1724 0
1724:1723 1749 1843 1844 0
1725:1209 1746 0
1726:1146 1209 1218 1738 1746 0
1727:1683 1728 1729 0
1728:1727 2167 0
1729:1547 1727 0
1730:1163 1298 0
1731:1136 1163 0
1732:1163 0
1733:1163 0
1734:1360 1588 1670 0
1735:1736 0
1736:1269 1735 0
1737:1559 1611 1743 0
1738:1249 1335 1726 1739 1740 0
1739:1334 1738 0
1740:1247 1738 0
1741:1686 1742 0
1742:1741 2155 2163 0
1743:1737 1744 0
1744:1743 1751 0
1745:1517 1563 2164 0
1746:1725 1726 0
1747:1528 1568 0
1748:1514 1684 1749 0
1749:1613 1663 1724 1748 1783 0
1750:1630 0
1751:1744 1752 0
1752:1751 0
1753:1687 0
1754:1685 0
1755:1403 1443 0
1756:1574 1757 1758 0
1757:1196 1756 0
1758:1756 2191 0
1759:1623 1811 0
1760:1584 1874 2098 0
1761:1666 0
1762:1438 1664 0
1763:1357 0
1764:1357 1376 1667 1765 0
1765:1667 1668 1764 0
1766:1357 1646 0
1767:1521 1934 2082 0
1768:1151 1790 1791 1792 0
1769:1151 2144 0
1770:1153 1679 0
1771:1153 2128 0
1772:1269 0
1773:492 2114 0
1774:1148 1230 0
1775:1531 1776 1777 0
1776:1640 1775 0
1777:1775 0
1778:1377 1861 1868 1928 1936 2173 0
1779:1780 1781 0
1780:1779 2131 0
1781:1779 2153 0
1782:1439 1663 0
1783:1749 0
1784:1272 1829 0
1785:1272 1860 0
1786:1272 1678 0
1787:1201 1652 0
1788:1360 1952 2034 0
1789:1360 1946 2034 2205 0
1790:1312 1768 0
1791:1313 1768 0
1792:1768 1942 1943 0
1793:1369 2147 0
1794:2216 0
1795:2213 0
1796:2206 0
1797:2150 0
1798:2207 0
1799:2216 0
1800:2222 0
1801:2221 0
1802:1319 1387 0
1803:1319 1388 0
1804:1320 2182 2183 2184 2185 2186 2187 0
1805:1602 0
1806:1602 0
1807:1260 1602 0
1808:1449 2111 0
1809:1449 1451 1972 2024 0
1810:1297 1449 0
1811:1460 1759 0
1812:1297 0
1813:1585 2159 2229 0
1814:1585 2158 2179 0
1815:1399 2162 0
1816:1375 0
1817:1375 1710 0
1818:1211 0
1819:1820 0
1820:1617 1819 0
1821:1403 1972 2011 2161 2227 0
1822:1282 1381 0
1823:1381 1858 2118 2119 0
1824:1381 0
1825:1351 1826 1827 1828 0
1826:1825 1899 0
1827:1344 1825 0
1828:1825 2073 0
1829:1607 1784 1830 0
1830:1829 0
1831:1224 2194 2200 0
1832:1686 1703 2154 2155 2178 2199 0
1833:0
1834:1687 0
1835:2246 0
1836:1615 1700 0
1837:1196 0
1838:1486 1532 1839 0
1839:1838 1841 2078 2189 0
1840:1415 1482 1842 0
1841:1482 1839 2032 2143 2160 0
1842:1840 0
1843:1724 0
1844:1724 2170 0
1845:1479 0
1846:1479 1847 0
1847:1846 1930 0
1848:1607 2169 0
1849:1607 2071 2140 2196 0
1850:1613 2170 0
1851:1190 1475 0
1852:1255 1475 0
1853:1475 2070 0
1854:1475 2191 0
1855:0
1856:1133 1135 2008 2009 0
1857:1133 1717 0
1858:1310 1823 0
1859:1860 1861 0
1860:1785 1859 1867 1868 1869 1870 1871 0
1861:1778 1859 0
1862:1863 1864 0
1863:1862 1905 1910 0
1864:1862 2023 0
1865:1165 1866 0
1866:1865 0
1867:1860 0
1868:1778 1860 0
1869:1860 2016 0
1870:1860 2100 0
1871:1860 2080 0
1872:1873 1874 0
1873:1872 2019 2101 2130 0
1874:1760 1872 0
1875:1378 1876 0
1876:1875 0
1877:1878 1879 0
1878:1877 1991 0
1879:1558 1625 1877 2020 0
1880:1941 2021 2022 2023 0
1881:1905 2042 0
1882:0
1883:1904 0
1884:2041 2122 0
1885:2040 0
1886:0
1887:2224 0
1888:1889 1890 0
1889:1659 1888 0
1890:1888 1995 0
1891:1892 1893 0
1892:1891 2084 0
1893:1891 2024 0
1894:1193 1968 0
1895:1522 1896 1897 0
1896:1895 2083 0
1897:1522 1895 0
1898:1595 1718 0
1899:1826 1927 0
1900:1161 0
1901:1161 0
1902:1548 1572 0
1903:1197 1675 0
1904:1883 1905 0
1905:1608 1863 1881 1904 2039 2060 0
1906:1270 1908 1909 0
1907:1270 2173 0
1908:1906 1947 1980 0
1909:1906 1980 0
1910:1863 2181 0
1911:1912 1913 0
1912:1911 1960 0
1913:1911 2197 2198 0
1914:1302 0
1915:1303 1916 0
1916:1915 0
1917:1918 1919 1920 0
1918:1917 1919 2064 0
1919:1917 1918 0
1920:1917 2116 0
1921:1321 1926 1931 0
1922:1321 1924 1925 0
1923:1321 1924 0
1924:1321 1922 1923 1926 0
1925:1321 1922 1931 0
1926:1321 1921 1924 0
1927:1899 1928 0
1928:1778 1927 2035 0
1929:1596 1985 2062 0
1930:1712 1847 0
1931:1506 1921 1925 1932 0
1932:1657 1931 2142 0
1933:1934 1935 0
1934:1767 1933 2090 0
1935:1933 2090 0
1936:1378 1778 0
1937:1610 1938 0
1938:1937 0
1939:1940 1941 0
1940:1939 2125 0
1941:1880 1939 2166 2197 0
1942:1792 0
1943:1311 1792 0
1944:1671 1672 1945 1946 0
1945:1944 1947 1948 0
1946:1789 1944 1952 0
1947:1693 1908 1945 0
1948:1945 2193 0
1949:1950 1951 1952 0
1950:1949 2102 2180 0
1951:1949 2098 2229 0
1952:1788 1946 1949 2180 2205 0
1953:1954 1955 1956 0
1954:1637 1953 0
1955:1953 1961 0
1956:1953 1992 0
1957:1352 1586 2006 0
1958:1352 1959 2033 0
1959:1352 1958 0
1960:1912 0
1961:1955 1962 0
1962:1618 1961 0
1963:1964 1965 0
1964:1152 1963 0
1965:1963 0
1966:1355 1671 0
1967:1355 2094 0
1968:1894 1969 1970 0
1969:1968 1971 0
1970:1968 1986 0
1971:1969 2117 2138 0
1972:1809 1821 1973 0
1973:1972 2011 2024 0
1974:1166 2030 0
1975:1134 1976 0
1976:1975 2057 0
1977:1372 1978 0
1978:1372 1977 0
1979:1371 2117 0
1980:1378 1908 1909 1982 1983 0
1981:1378 2066 0
1982:1980 2007 2033 2035 0
1983:1980 2201 0
1984:1141 1469 0
1985:1597 1598 1929 0
1986:1970 2036 0
1987:1142 1691 0
1988:1225 1692 0
1989:1990 1991 1992 0
1990:1989 2130 0
1991:1878 1989 0
1992:1956 1989 2128 0
1993:1994 1995 0
1994:1281 1993 0
1995:1890 1993 2074 0
1996:1997 1998 0
1997:1996 1999 2104 0
1998:1256 1996 0
1999:1997 0
2000:1422 2001 0
2001:2000 0
2002:2003 2004 0
2003:1523 2002 0
2004:2002 2005 0
2005:1522 2004 0
2006:1957 2007 0
2007:1982 2006 2157 0
2008:1856 0
2009:1856 2117 0
2010:1533 0
2011:1451 1821 1973 0
2012:1451 0
2013:1436 2014 0
2014:1226 2013 0
2015:2016 2017 0
2016:1869 2015 2076 2077 2136 0
2017:1538 2015 0
2018:2019 2020 0
2019:1873 2018 0
2020:1879 2018 0
2021:1880 2107 2110 0
2022:1880 2043 0
2023:1864 1880 2038 0
2024:1809 1893 1973 0
2025:2026 0
2026:1519 1718 2025 2027 2048 0
2027:2026 0
2028:1608 2029 0
2029:2028 2125 0
2030:1394 1974 0
2031:1487 2032 0
2032:1841 2031 2143 0
2033:1958 1982 2034 0
2034:1788 1789 2033 0
2035:1928 1982 0
2036:1637 1986 2089 0
2037:2038 2039 0
2038:2023 2037 0
2039:1905 2037 0
2040:1885 2041 0
2041:1884 2040 0
2042:1881 2043 0
2043:2022 2042 2115 0
2044:2045 2046 0
2045:1656 2044 0
2046:2044 0
2047:1656 0
2048:1519 2026 0
2049:2050 0
2050:1708 2049 0
2051:1253 2052 0
2052:2051 2168 0
2053:1624 2054 0
2054:2053 2101 2102 2103 0
2055:1502 2056 0
2056:2055 0
2057:1717 1976 0
2058:2059 0
2059:1534 2058 0
2060:1905 2126 0
2061:1519 0
2062:1519 1929 0
2063:1522 2086 0
2064:1671 1918 2065 0
2065:1672 2064 0
2066:1586 1981 2156 0
2067:2068 2069 0
2068:2067 2141 0
2069:1608 2067 0
2070:1853 0
2071:1849 0
2072:1586 2073 0
2073:1828 2072 0
2074:1995 2129 0
2075:2076 2077 0
2076:2016 2075 0
2077:2016 2075 0
2078:1839 2079 0
2079:2078 2145 0
2080:1538 1871 0
2081:1538 0
2082:1767 2083 0
2083:1896 2082 0
2084:1892 2111 0
2085:1254 2152 0
2086:2063 2105 0
2087:2088 2089 0
2088:2087 2099 2188 0
2089:2036 2087 0
2090:1934 1935 0
2091:1274 1668 0
2092:1382 0
2093:1434 1711 0
2094:1556 1672 1967 2179 2180 0
2095:1556 2096 2171 0
2096:1557 2095 2116 0
2097:1557 2103 2171 0
2098:1760 1951 2099 0
2099:2088 2098 0
2100:1870 2126 0
2101:1873 2054 0
2102:1950 2054 0
2103:2054 2097 0
2104:1997 0
2105:2086 2132 0
2106:2107 2108 2109 0
2107:2021 2106 0
2108:2106 2109 2134 2135 0
2109:2106 2108 2203 0
2110:2021 2232 2235 0
2111:1808 2084 2112 2113 0
2112:2111 0
2113:2111 2240 0
2114:1416 1773 2160 0
2115:2043 2123 0
2116:1920 2096 0
2117:1971 1979 2009 0
2118:1823 2119 0
2119:1823 2118 0
2120:1575 0
2121:2122 0
2122:1884 2121 0
2123:2115 2124 0
2124:2123 2133 2181 0
2125:1940 2029 2166 0
2126:2060 2100 0
2127:1586 0
2128:1586 1771 1992 2188 0
2129:2074 0
2130:1873 1990 0
2131:1147 1780 0
2132:2105 2169 0
2133:1608 2124 0
2134:2108 0
2135:2108 0
2136:1504 2016 0
2137:1621 2148 0
2138:1971 0
2139:1641 0
2140:1849 2141 0
2141:2068 2140 0
2142:1657 1932 0
2143:1841 2032 2160 0
2144:1769 0
2145:2079 2189 0
2146:1693 2225 0
2147:1793 0
2148:1307 2137 0
2149:1705 2213 0
2150:1705 1797 0
2151:1705 2213 0
2152:2085 0
2153:1340 1622 1781 2174 2175 0
2154:1832 2155 0
2155:1742 1832 2154 0
2156:2066 2211 2228 0
2157:2007 2158 2159 0
2158:1814 2157 0
2159:1813 2157 0
2160:1841 2114 2143 0
2161:1821 2162 0
2162:1815 2161 2227 2230 0
2163:1742 2178 0
2164:1745 2165 0
2165:2164 2176 0
2166:1941 2125 0
2167:1728 2199 0
2168:2052 0
2169:1848 2132 2196 0
2170:1844 1850 2177 0
2171:2095 2097 0
2172:1598 2240 0
2173:1778 1907 0
2174:1308 2153 0
2175:2153 0
2176:2165 0
2177:2170 0
2178:1832 2163 0
2179:1814 2094 2205 0
2180:1950 1952 2094 0
2181:1910 2124 0
2182:1804 2208 0
2183:1277 1804 2184 2217 0
2184:1804 2183 2212 0
2185:1804 2219 0
2186:1804 2212 0
2187:1804 2212 0
2188:2088 2128 0
2189:1839 2145 2190 0
2190:2189 0
2191:1758 1854 0
2192:1410 0
2193:1948 2226 2228 0
2194:1831 2195 0
2195:2194 0
2196:1849 2169 2239 0
2197:1913 1941 0
2198:1913 2235 0
2199:1832 2167 0
2200:1831 0
2201:1983 2225 0
2202:1227 0
2203:2109 0
2204:1713 0
2205:1789 1952 2179 0
2206:1796 2207 0
2207:1276 1798 2206 2220 0
2208:2182 2218 2219 0
2209:1642 2210 0
2210:2209 0
2211:2156 0
2212:2184 2186 2187 0
2213:1795 2149 2151 2216 0
2214:1242 0
2215:1242 0
2216:1794 1799 2213 0
2217:2183 2218 2219 0
2218:2208 2217 2220 0
2219:2185 2208 2217 0
2220:2207 2218 0
2221:1801 2222 0
2222:1800 2221 0
2223:1237 1243 2236 0
2224:1887 0
2225:2146 2201 2226 0
2226:2193 2225 2231 0
2227:1821 2162 0
2228:2156 2193 0
2229:1813 1951 0
2230:2162 0
2231:2226 0
2232:2110 0
2233:1244 0
2234:1244 0
2235:2110 2198 0
2236:2223 0
2237:1653 0
2238:1653 0
2239:2196 0
2240:2113 2172 0
2241:1447 0
2242:1587 0
2243:1648 0
2244:2245 2246 0
2245:2244 2247 0
2246:1835 2244 0
2247:1603 2245 0
2248:2249 2250 0
2249:2248 2258 0
2250:2248 2258 0
2251:0
2252:2253 2254 0
2253:2252 2274 2275 0
2254:2252 2452 0
2255:2256 2257 0
2256:2255 0
2257:2255 2462 0
2258:451 2249 2250 0
2259:2260 2261 0
2260:2259 2315 2457 0
2261:2259 2370 4773 4788 0
2262:2263 2264 0
2263:458 2262 2302 2435 0
2264:2262 2330 0
2265:2266 2267 0
2266:2265 2303 0
2267:2265 2330 2401 2454 0
2268:2269 2270 0
2269:2268 2402 0
2270:2268 2272 0
2271:2272 2273 0
2272:2270 2271 2352 0
2273:458 2271 0
2274:2253 2275 2276 2277 0
2275:2253 2274 2276 2389 2409 2421 0
2276:2274 2275 2277 0
2277:2274 2276 2453 2458 2459 0
2278:2279 0
2279:447 2278 2280 0
2280:447 2279 2288 2289 0
2281:2287 0
2282:0
2283:2287 0
2284:2286 2445 0
2285:2445 0
2286:2284 0
2287:2281 2283 2400 2418 0
2288:2280 2292 0
2289:2280 2450 2451 0
2290:447 598 2291 2309 2310 2311 2312 2313 0
2291:447 2290 2311 2312 0
2292:2288 2432 0
2293:2294 2295 0
2294:2293 2300 0
2295:2293 2435 0
2296:2297 0
2297:2296 2301 0
2298:2299 2300 0
2299:2298 2302 0
2300:2294 2298 0
2301:2297 2308 0
2302:2263 2299 2366 0
2303:458 2266 2402 0
2304:2305 2306 2307 0
2305:2304 2329 0
2306:2304 2393 0
2307:2304 2460 2461 2462 2463 2464 2465 0
2308:2301 2446 0
2309:2290 2310 2362 2363 2364 2365 0
2310:2290 2309 2313 2410 2411 2412 0
2311:2290 2291 2338 0
2312:2290 2291 2358 2429 0
2313:2290 2310 2318 0
2314:2315 0
2315:2260 2314 2316 2317 2318 0
2316:2315 0
2317:2315 2334 0
2318:2313 2315 2388 2389 2405 0
2319:2320 2321 0
2320:2319 2368 2399 2400 0
2321:2319 0
2322:2323 2324 0
2323:2322 2331 2426 2427 0
2324:2322 2422 0
2325:2326 2327 2328 0
2326:2325 2329 2330 0
2327:2325 2345 4441 0
2328:2325 2346 0
2329:2305 2326 0
2330:2264 2267 2326 2444 0
2331:2323 2332 0
2332:2331 2392 2432 0
2333:2334 2335 0
2334:2317 2333 0
2335:2333 2467 0
2336:2337 2338 2339 0
2337:2336 2338 2419 0
2338:2311 2336 2337 2430 2431 2436 2443 0
2339:2336 2358 0
2340:2341 2342 0
2341:2340 2359 0
2342:2340 2417 2449 0
2343:2344 2345 2346 0
2344:2343 0
2345:2327 2343 4581 0
2346:2328 2343 0
2347:0
2348:0
2349:2352 0
2350:2351 4465 4640 0
2351:2350 2461 4456 4579 4664 0
2352:2272 2349 0
2353:2354 2355 0
2354:2353 2396 0
2355:2353 2449 0
2356:2357 2358 0
2357:2356 2388 0
2358:2312 2339 2356 2421 2429 2430 2431 0
2359:2341 2407 2417 0
2360:2361 0
2361:2360 2384 2413 2414 0
2362:2309 0
2363:2309 0
2364:2309 0
2365:598 941 2309 2439 0
2366:2302 2369 0
2367:2368 0
2368:2320 2367 0
2369:2366 2370 0
2370:2261 2369 4811 0
2371:831 2372 0
2372:2371 2381 0
2373:2374 2375 2376 2377 2378 0
2374:2373 2379 2380 0
2375:2373 0
2376:2373 0
2377:2373 2378 0
2378:2373 2377 0
2379:2374 0
2380:2374 2419 0
2381:2372 2401 0
2382:2383 0
2383:2382 2384 0
2384:2361 2383 2385 0
2385:2384 2415 2416 0
2386:2387 2388 2389 0
2387:2386 0
2388:2318 2357 2386 2405 0
2389:2275 2318 2386 0
2390:2391 2392 0
2391:2390 0
2392:2332 2390 2426 0
2393:831 2306 0
2394:2395 0
2395:459 2394 0
2396:2354 2408 2433 2434 0
2397:2416 0
2398:2434 0
2399:2320 2400 0
2400:452 2287 2320 2399 2456 0
2401:2267 2381 0
2402:2269 2303 0
2403:2404 0
2404:2403 0
2405:2318 2388 0
2406:2407 2408 0
2407:2359 2406 0
2408:2396 2406 0
2409:2275 0
2410:2310 0
2411:2310 0
2412:141 2310 0
2413:2361 2414 0
2414:2361 2413 0
2415:2385 0
2416:874 2385 2397 0
2417:2342 2359 0
2418:432 2287 0
2419:2337 2380 0
2420:598 4466 4788 0
2421:2275 2358 0
2422:2324 0
2423:0
2424:0
2425:0
2426:2323 2392 0
2427:2323 2432 0
2428:2429 0
2429:2312 2358 2428 0
2430:2338 2358 0
2431:2338 2358 0
2432:2292 2332 2427 0
2433:2396 0
2434:2396 2398 2449 0
2435:2263 2295 0
2436:2338 2437 0
2437:2436 0
2438:2439 2440 0
2439:2365 2438 2441 2446 2447 0
2440:2438 0
2441:2439 2442 0
2442:597 2441 0
2443:2338 0
2444:2330 4669 0
2445:2284 2285 0
2446:2308 2439 0
2447:2439 2448 0
2448:2447 4810 4812 4814 0
2449:2342 2355 2434 0
2450:2289 0
2451:2289 0
2452:2254 0
2453:2277 0
2454:2267 4476 4499 4525 4687 0
2455:2456 0
2456:452 2400 2455 0
2457:2260 4788 0
2458:2277 0
2459:2277 0
2460:2307 0
2461:2307 2351 4611 4612 0
2462:2257 2307 0
2463:2307 2465 4611 4685 4686 0
2464:2307 4737 4738 4740 0
2465:2307 2463 4737 0
2466:831 4650 4699 4700 0
2467:2335 0
2468:2469 2470 0
2469:2468 4494 4495 4496 4497 0
2470:2468 4626 0
2471:2472 0
2472:2471 2473 2474 0
2473:2472 2573 2576 2577 2578 0
2474:2472 2576 2578 2610 2695 2707 2710 0
2475:548 2631 2632 2633 2634 2635 0
2476:548 2663 2958 2959 2960 2961 0
2477:2478 2479 0
2478:2477 2646 3064 0
2479:2477 2504 3065 0
2480:2481 2482 0
2481:2480 2526 2638 2642 2643 2644 0
2482:2480 2962 2963 0
2483:0
2484:0
2485:2486 2487 0
2486:2485 2488 0
2487:2485 0
2488:2486 2580 2881 0
2489:2490 2491 0
2490:2489 2863 0
2491:2489 0
2492:2507 0
2493:2600 2601 0
2494:2722 0
2495:2602 2603 2860 2878 0
2496:2601 2911 0
2497:2916 0
2498:2917 0
2499:2979 0
2500:3031 0
2501:2752 0
2502:2691 3034 0
2503:2504 2505 2506 0
2504:2479 2503 2645 2646 2647 2648 0
2505:2503 2691 2930 0
2506:2503 2702 2712 2983 2984 0
2507:2492 2867 2991 0
2508:0
2509:0
2510:2548 2549 0
2511:2732 2733 2734 0
2512:2598 2866 2886 2887 2888 0
2513:2927 2928 0
2514:2810 0
2515:2598 0
2516:0
2517:0
2518:3193 0
2519:2582 3253 0
2520:2521 2522 0
2521:125 2520 4197 4198 0
2522:2520 4173 4220 0
2523:2524 0
2524:2523 2525 2526 2527 2528 0
2525:2524 0
2526:2481 2524 2540 2713 2714 0
2527:2524 2697 2906 2907 0
2528:2524 2540 2603 2697 2918 2919 0
2529:2530 2531 2532 2533 2534 0
2530:2529 0
2531:2529 2535 3001 0
2532:2529 0
2533:2529 2534 2536 2894 0
2534:2529 2533 0
2535:2531 2536 2537 0
2536:2533 2535 2560 2683 2684 2893 2894 0
2537:2535 0
2538:2539 2540 2541 0
2539:2538 2612 2614 2655 2679 2680 2681 0
2540:2526 2528 2538 2609 2611 2815 2816 0
2541:2538 0
2542:1464 2543 2568 2569 2570 0
2543:1464 2542 3036 0
2544:1464 2545 3036 3113 3137 0
2545:1464 2544 2570 3059 3109 0
2546:2547 0
2547:2546 2733 0
2548:2510 3004 3005 3006 3007 0
2549:2510 2908 3302 0
2550:2551 2552 2553 2554 0
2551:2550 0
2552:2550 2554 2638 2639 2858 2859 0
2553:2550 0
2554:2550 2552 0
2555:2556 2557 0
2556:2555 2729 2758 2792 0
2557:2555 3018 3019 3020 3021 0
2558:2559 0
2559:2558 2560 2561 0
2560:2536 2559 2817 0
2561:2559 3025 3026 3027 3028 3029 3030 0
2562:2563 2564 2565 2566 0
2563:2562 2567 3032 0
2564:2562 2566 3051 3054 3055 3056 0
2565:2562 3051 3277 0
2566:2562 2564 0
2567:2563 0
2568:2542 0
2569:2542 2985 2986 3257 0
2570:2542 2545 2986 0
2571:2637 0
2572:0
2573:2473 2832 2835 2841 2882 2883 0
2574:2827 2995 0
2575:3023 3024 3035 3036 0
2576:1348 2473 2474 2610 0
2577:2473 2610 2621 0
2578:2473 2474 2889 0
2579:2580 0
2580:2488 2579 0
2581:2582 0
2582:2519 2581 2583 0
2583:2582 2896 2957 0
2584:549 2585 2586 2587 0
2585:549 2584 2633 2636 0
2586:2584 0
2587:2584 0
2588:2589 2590 2591 2592 0
2589:2588 2591 2592 0
2590:2588 3224 3225 3226 0
2591:2588 2589 2592 0
2592:2588 2589 2591 0
2593:0
2594:0
2595:2596 2597 0
2596:2595 2725 2726 2727 2728 0
2597:2595 0
2598:2512 2515 2599 0
2599:2598 2794 0
2600:2493 0
2601:2493 2496 2902 0
2602:2495 2603 2604 0
2603:2495 2528 2602 2651 2654 2655 2656 2657 0
2604:2602 0
2605:2606 2607 2608 0
2606:2605 2609 2615 0
2607:2605 2609 2616 0
2608:2605 2679 2935 2938 2939 2940 0
2609:2540 2606 2607 2610 2611 2612 2613 0
2610:2474 2576 2577 2609 2614 0
2611:2540 2609 2625 0
2612:2539 2609 2793 0
2613:2609 0
2614:2539 2610 2682 0
2615:2606 2616 0
2616:2607 2615 0
2617:2618 2619 0
2618:2617 2619 2704 2705 2923 3038 3039 0
2619:2617 2618 3172 3173 3174 0
2620:2621 2622 2623 0
2621:2577 2620 2624 0
2622:2620 0
2623:2620 0
2624:2621 0
2625:2611 2926 0
2626:2627 2628 2629 2630 0
2627:2626 2686 2687 2688 2689 0
2628:2626 2717 3068 3071 3072 0
2629:2626 3008 3273 0
2630:2626 3009 3275 0
2631:2475 2648 2663 0
2632:2475 3074 3078 0
2633:2475 2585 3079 0
2634:2475 2648 2744 0
2635:2475 0
2636:549 2585 2727 2729 2730 2731 0
2637:2571 2929 0
2638:2481 2552 2639 2640 2641 0
2639:2552 2638 0
2640:2638 2641 0
2641:2638 2640 0
2642:2481 2764 2865 0
2643:2481 0
2644:2481 2891 0
2645:2504 2660 2661 2662 0
2646:2478 2504 2666 2668 0
2647:2504 2753 0
2648:2504 2631 2634 2658 2668 2743 2818 0
2649:2650 0
2650:2649 2750 0
2651:2603 2652 2653 0
2652:2651 2679 2933 2934 0
2653:2651 2935 2941 0
2654:2603 2860 3265 0
2655:2539 2603 3266 0
2656:2603 0
2657:2603 0
2658:2648 2659 0
2659:2658 2702 2954 2958 3039 3076 3098 0
2660:2645 0
2661:2645 0
2662:2645 0
2663:2476 2631 2958 3099 0
2664:2665 2666 2667 0
2665:2664 3100 0
2666:2646 2664 3101 0
2667:2664 0
2668:2646 2648 2702 0
2669:2670 2671 0
2670:2669 2759 2772 2773 2774 2775 0
2671:2669 0
2672:2673 2674 2675 2676 2677 2678 0
2673:2672 2674 2677 2735 2736 2737 2738 0
2674:2672 2673 2677 2864 0
2675:2672 0
2676:2672 0
2677:2672 2673 2674 0
2678:2672 0
2679:2539 2608 2652 0
2680:2539 0
2681:2539 0
2682:2614 2721 2731 2896 2903 2904 0
2683:2536 2684 2685 0
2684:2536 2683 2900 0
2685:2683 0
2686:2627 2715 2716 2717 2718 2719 2720 0
2687:2627 2688 3110 3111 0
2688:2627 2687 3110 0
2689:2627 2715 3268 0
2690:2691 2692 2693 0
2691:2502 2505 2690 2915 0
2692:2690 0
2693:2690 0
2694:2695 0
2695:2474 2694 2696 0
2696:2695 0
2697:2527 2528 2698 2699 0
2698:2697 0
2699:2697 0
2700:2701 0
2701:2700 2907 0
2702:2506 2659 2668 2954 0
2703:2704 0
2704:2618 2703 2705 2706 0
2705:2618 2704 0
2706:2704 0
2707:2474 2708 2709 0
2708:2707 0
2709:2707 0
2710:2474 0
2711:2712 0
2712:2506 2711 2885 2983 2984 3258 0
2713:2526 2860 2932 0
2714:2526 0
2715:2686 2689 2857 0
2716:2686 2905 0
2717:2628 2686 3072 3131 0
2718:2686 3132 0
2719:2686 3278 0
2720:2686 3217 3281 0
2721:2682 0
2722:2494 2911 2971 3134 3135 3136 0
2723:2724 0
2724:2723 2880 2907 0
2725:2596 2890 0
2726:2596 2821 0
2727:2596 2636 3130 0
2728:2596 3098 3138 3139 3140 0
2729:2556 2636 2757 2786 2787 0
2730:2636 2731 2757 2884 2895 2896 2897 0
2731:2636 2682 2730 2742 0
2732:2511 2733 2734 3183 0
2733:2511 2547 2732 2734 0
2734:2511 2732 2733 3285 3286 3287 3305 0
2735:2673 2739 2740 2741 0
2736:2673 2737 2772 3017 0
2737:2673 2736 2964 3207 0
2738:2673 0
2739:2735 2888 0
2740:2735 2741 3057 0
2741:2735 2740 3057 0
2742:1348 2731 0
2743:2648 2745 2746 2749 2750 0
2744:2634 2747 0
2745:2743 3145 0
2746:2743 3146 0
2747:2744 0
2748:0
2749:2743 2825 2826 0
2750:2650 2743 0
2751:2752 0
2752:2501 2751 2753 0
2753:2647 2752 2923 2924 0
2754:2755 2756 0
2755:2754 3075 3154 0
2756:2754 0
2757:2729 2730 0
2758:2556 2788 2789 2790 2791 0
2759:2670 0
2760:0
2761:0
2762:2763 0
2763:2762 2764 3070 0
2764:2642 2763 0
2765:2766 2770 3062 3063 0
2766:2765 2959 3063 3121 3144 3231 0
2767:3119 3123 3230 0
2768:0
2769:3075 3218 3299 3301 0
2770:2765 0
2771:549 638 4112 0
2772:2670 2736 2775 0
2773:2670 2796 2801 2806 0
2774:2670 0
2775:2670 2772 3203 0
2776:0
2777:0
2778:3169 0
2779:3170 0
2780:3171 0
2781:0
2782:0
2783:0
2784:3075 0
2785:0
2786:2729 0
2787:2729 0
2788:2758 0
2789:2758 0
2790:2758 0
2791:2758 0
2792:2556 3162 3163 3164 3165 3166 3167 0
2793:2612 0
2794:2599 0
2795:2802 2804 2809 0
2796:2773 0
2797:2803 0
2798:3180 0
2799:3181 0
2800:3182 0
2801:2773 2806 2866 2964 2965 0
2802:2795 3210 0
2803:2797 2912 3045 3046 0
2804:2795 0
2805:0
2806:2773 2801 0
2807:2809 0
2808:0
2809:2795 2807 3270 3271 0
2810:2514 3304 0
2811:2812 2813 2814 0
2812:2811 2814 2913 2914 0
2813:2811 2913 4105 4147 0
2814:2811 2812 4149 4170 4192 4196 4245 0
2815:2540 0
2816:2540 0
2817:2560 2871 3025 0
2818:2648 0
2819:3201 0
2820:2821 2822 2823 2824 0
2821:2726 2820 2912 0
2822:2820 0
2823:2820 3191 0
2824:2820 3191 0
2825:2749 2967 0
2826:2749 0
2827:2574 2828 2829 2830 0
2828:2827 3141 0
2829:2827 3195 0
2830:2827 2832 3227 0
2831:2832 0
2832:2573 2830 2831 0
2833:2834 0
2834:2833 2835 0
2835:2573 2834 2836 0
2836:2835 2982 0
2837:2838 0
2838:2837 2882 3199 0
2839:2840 0
2840:2839 2841 0
2841:2573 2840 2842 0
2842:2841 2843 0
2843:2842 0
2844:2845 2846 2847 2848 2849 2850 0
2845:2844 2848 3013 3014 3015 0
2846:2844 0
2847:2844 0
2848:2844 2845 0
2849:2844 2850 0
2850:2844 2849 3306 0
2851:0
2852:2896 3066 0
2853:2896 3115 0
2854:0
2855:0
2856:0
2857:2715 3240 0
2858:2552 2859 0
2859:2552 2858 0
2860:2495 2654 2713 2861 2862 0
2861:2860 3260 0
2862:2860 0
2863:2490 0
2864:2674 0
2865:2642 0
2866:2512 2801 0
2867:2507 2868 2877 2992 0
2868:2867 2876 2877 0
2869:0
2870:2871 2872 2909 3050 0
2871:2817 2870 2872 2874 3188 3189 3190 0
2872:2870 2871 3050 0
2873:0
2874:2871 0
2875:0
2876:2868 0
2877:2867 2868 0
2878:2495 0
2879:2880 0
2880:2724 2879 2907 0
2881:2488 0
2882:2573 2838 3037 0
2883:1643 2573 3202 0
2884:1643 2730 2893 2895 0
2885:2712 0
2886:2512 3215 0
2887:2512 3216 0
2888:2512 2739 0
2889:2578 0
2890:2725 0
2891:2644 2892 0
2892:2891 2917 0
2893:2536 2884 3232 0
2894:2533 2536 3041 0
2895:2730 2884 2910 0
2896:2583 2682 2730 2852 2853 2898 0
2897:2730 3238 0
2898:2896 2928 2955 3303 0
2899:2953 0
2900:2684 3239 0
2901:2902 0
2902:2601 2901 2931 0
2903:2682 2952 3308 0
2904:2682 2952 3309 0
2905:2716 3241 0
2906:2527 0
2907:2527 2701 2724 2880 0
2908:2549 3194 0
2909:2870 3242 0
2910:2895 3243 0
2911:2496 2722 3134 3175 0
2912:2803 2821 3045 3245 3246 0
2913:2812 2813 4109 4110 4112 4176 4228 4233 0
2914:2812 4313 0
2915:2691 3255 3256 0
2916:2497 3022 3247 0
2917:2498 2892 0
2918:2528 0
2919:2528 0
2920:2921 2922 0
2921:2920 3129 0
2922:2920 3000 3252 0
2923:2618 2753 3098 3184 3251 0
2924:2753 3174 0
2925:2926 0
2926:2625 2925 0
2927:2513 0
2928:2513 2898 0
2929:2637 0
2930:2505 0
2931:2902 3205 0
2932:2713 0
2933:2652 2935 2936 2937 0
2934:2652 0
2935:2608 2653 2933 2942 2949 0
2936:2933 0
2937:2933 0
2938:2608 2942 2943 2944 2945 2946 2947 2948 0
2939:2608 0
2940:2608 0
2941:2653 0
2942:2935 2938 2950 2951 0
2943:2938 0
2944:2938 0
2945:2938 0
2946:2938 0
2947:2938 0
2948:2938 0
2949:2935 0
2950:2942 0
2951:2942 0
2952:2903 2904 0
2953:2899 0
2954:2659 2702 0
2955:2898 2956 0
2956:2955 0
2957:2583 0
2958:2476 2659 2663 3074 3075 3076 3077 0
2959:2476 2766 2961 3121 3144 3147 0
2960:2476 0
2961:2476 2959 0
2962:2482 0
2963:2482 0
2964:2737 2801 2965 2966 0
2965:2801 2964 2966 3016 3017 0
2966:2964 2965 0
2967:2825 0
2968:2969 2970 0
2969:2968 3267 0
2970:2968 3267 0
2971:2722 0
2972:0
2973:2974 2975 2978 3142 3143 0
2974:2973 2975 2976 2977 3011 3143 0
2975:2973 2974 2978 3143 3228 0
2976:2974 2977 0
2977:2974 2976 0
2978:2973 2975 0
2979:2499 0
2980:551 0
2981:551 0
2982:2836 0
2983:2506 2712 2984 3261 3262 0
2984:2506 2712 2983 0
2985:2569 2986 2987 2988 2989 2990 0
2986:2569 2570 2985 3059 3102 0
2987:2985 2989 3055 3116 3117 0
2988:2985 2990 3059 3105 0
2989:2985 2987 0
2990:2985 2988 0
2991:2507 0
2992:2867 0
2993:2994 0
2994:2993 3161 3164 3165 3204 0
2995:2574 0
2996:2997 2998 0
2997:2996 2998 0
2998:2996 2997 3011 3012 0
2999:550 0
3000:550 2922 3250 0
3001:2531 3002 3003 0
3002:3001 3108 0
3003:3001 3106 3107 0
3004:2548 3007 0
3005:2548 3006 0
3006:2548 3005 0
3007:2548 3004 0
3008:2629 0
3009:2630 0
3010:3011 0
3011:2974 2998 3010 3012 0
3012:2998 3011 0
3013:2845 3014 0
3014:2845 3013 0
3015:2845 0
3016:2965 3017 0
3017:2736 2965 3016 3307 0
3018:2557 0
3019:2557 0
3020:2557 0
3021:2557 0
3022:2916 0
3023:2575 3024 0
3024:2575 3023 3112 3113 3114 0
3025:2561 2817 3029 3185 3186 3187 0
3026:2561 0
3027:2561 3028 3030 0
3028:2561 3027 3030 0
3029:2561 3025 0
3030:2561 3027 3028 0
3031:2500 0
3032:2563 3033 0
3033:3032 0
3034:2502 0
3035:2575 3036 0
3036:2543 2544 2575 3035 0
3037:2882 0
3038:2618 3039 0
3039:2618 2659 3038 3098 3153 0
3040:3041 3042 3043 3044 0
3041:2894 3040 3044 0
3042:3040 0
3043:3040 0
3044:3040 3041 0
3045:2803 2912 3046 3047 0
3046:2803 3045 0
3047:3045 0
3048:4014 0
3049:4012 0
3050:2870 2872 0
3051:2564 2565 3052 3053 3054 3055 3056 0
3052:3051 0
3053:3051 3056 0
3054:2564 3051 3055 3056 3071 0
3055:2564 2987 3051 3054 3117 3152 0
3056:2564 3051 3053 3054 3168 0
3057:2740 2741 0
3058:3059 3060 3061 0
3059:2545 2986 2988 3058 3060 3102 3109 0
3060:3058 3059 3263 3264 0
3061:3058 0
3062:2765 0
3063:2765 2766 0
3064:2478 0
3065:2479 0
3066:2852 0
3067:3068 0
3068:2628 3067 3071 0
3069:3070 0
3070:2763 3069 0
3071:2628 3054 3068 3073 0
3072:2628 2717 3131 0
3073:3071 0
3074:2632 2958 0
3075:2755 2769 2784 2958 3076 3077 3154 3218 0
3076:2659 2958 3075 3077 3276 0
3077:2958 3075 3076 0
3078:2632 0
3079:2633 0
3080:3081 0
3081:3080 3290 0
3082:3083 0
3083:3082 3273 0
3084:3085 0
3085:3084 3292 0
3086:3087 0
3087:3086 3288 0
3088:3089 0
3089:3088 3292 0
3090:3091 0
3091:3090 3267 0
3092:3093 0
3093:3092 3275 0
3094:3095 0
3095:3094 3279 0
3096:3097 0
3097:3096 3289 0
3098:2659 2728 2923 3039 3140 3184 0
3099:2663 0
3100:2665 0
3101:2666 0
3102:2986 3059 3103 0
3103:3102 0
3104:3105 0
3105:2988 3104 0
3106:3003 3107 0
3107:3003 3106 3108 0
3108:3002 3107 3133 3155 3156 0
3109:2545 3059 0
3110:2687 2688 0
3111:2687 0
3112:3024 0
3113:2544 3024 3114 3137 3244 0
3114:3024 3113 0
3115:2853 0
3116:2987 0
3117:2987 3055 3152 0
3118:3119 3120 0
3119:2767 3118 3121 3122 3123 3124 3125 0
3120:3118 0
3121:2766 2959 3119 3144 0
3122:3119 0
3123:2767 3119 0
3124:3119 0
3125:3119 0
3126:551 0
3127:551 0
3128:0
3129:2921 0
3130:2727 0
3131:2717 3072 0
3132:2718 0
3133:3108 0
3134:2722 2911 0
3135:2722 3136 0
3136:2722 3135 0
3137:2544 3113 3248 3249 0
3138:2728 0
3139:2728 0
3140:2728 3098 0
3141:2828 0
3142:2973 0
3143:2973 2974 2975 0
3144:2766 2959 3121 0
3145:2745 0
3146:2746 0
3147:2959 0
3148:553 0
3149:554 0
3150:555 0
3151:552 0
3152:3055 3117 0
3153:3039 0
3154:2755 3075 0
3155:3108 0
3156:3108 0
3157:3158 3159 0
3158:3157 3159 0
3159:3157 3158 0
3160:3164 3211 3213 0
3161:2994 3165 0
3162:2792 3163 0
3163:2792 3162 0
3164:2792 2994 3160 3298 0
3165:2792 2994 3161 3166 0
3166:2792 3165 0
3167:2792 0
3168:3056 0
3169:2778 0
3170:2779 0
3171:2780 0
3172:2619 3174 0
3173:2619 0
3174:2619 2924 3172 3297 0
3175:2911 0
3176:3177 0
3177:3176 3281 0
3178:3179 0
3179:3178 3280 0
3180:2798 0
3181:2799 0
3182:2800 0
3183:2732 0
3184:2923 3098 0
3185:3025 3186 3187 0
3186:3025 3185 3187 0
3187:3025 3185 3186 3295 3296 0
3188:2871 3189 3190 0
3189:2871 3188 3190 3254 3283 3300 0
3190:2871 3188 3189 0
3191:2823 2824 3192 0
3192:3191 0
3193:2518 0
3194:2908 0
3195:2829 3196 3197 3198 0
3196:3195 3198 0
3197:3195 0
3198:3195 3196 0
3199:2838 3200 0
3200:3199 0
3201:2819 0
3202:2883 0
3203:2775 0
3204:2994 0
3205:2931 3206 0
3206:3205 0
3207:2737 3214 0
3208:3209 0
3209:3208 3288 0
3210:2802 0
3211:3160 3212 3213 0
3212:3211 0
3213:3160 3211 3222 3223 0
3214:3207 0
3215:2886 0
3216:2887 0
3217:2720 0
3218:2769 3075 0
3219:3220 0
3220:3219 0
3221:0
3222:3213 0
3223:3213 0
3224:2590 0
3225:2590 0
3226:2590 4077 0
3227:2830 0
3228:2975 0
3229:556 0
3230:2767 0
3231:2766 0
3232:2893 0
3233:3234 3236 0
3234:3233 3236 0
3235:3237 0
3236:3233 3234 0
3237:3235 0
3238:2897 0
3239:2900 0
3240:2857 0
3241:2905 0
3242:2909 0
3243:2910 0
3244:3113 0
3245:2912 0
3246:2912 0
3247:2916 0
3248:3137 3249 0
3249:3137 3248 0
3250:3000 0
3251:2923 0
3252:2922 0
3253:2519 0
3254:3189 0
3255:2915 3256 0
3256:2915 3255 0
3257:2569 0
3258:2712 0
3259:3260 0
3260:2861 3259 0
3261:2983 3262 0
3262:2983 3261 0
3263:3060 0
3264:3060 0
3265:2654 0
3266:2655 0
3267:2969 2970 3091 3280 0
3268:2689 3269 0
3269:3268 0
3270:2809 3271 0
3271:2809 3270 3284 3294 0
3272:3273 0
3273:2629 3083 3272 0
3274:3275 0
3275:2630 3093 3274 0
3276:3076 0
3277:2565 0
3278:2719 3279 3280 0
3279:3095 3278 3292 0
3280:3179 3267 3278 0
3281:2720 3177 3282 0
3282:3281 3289 3290 0
3283:3189 0
3284:3271 0
3285:2734 3286 3287 0
3286:2734 3285 3287 0
3287:2734 3285 3286 0
3288:3087 3209 3289 0
3289:3097 3282 3288 0
3290:3081 3282 3291 0
3291:3290 0
3292:3085 3089 3279 0
3293:3294 0
3294:3271 3293 0
3295:3187 3296 0
3296:3187 3295 0
3297:3174 0
3298:3164 0
3299:2769 0
3300:3189 0
3301:2769 0
3302:2549 0
3303:2898 0
3304:2810 0
3305:2734 0
3306:2850 0
3307:3017 0
3308:2903 0
3309:2904 0
3310:3311 3312 3313 0
3311:3310 3589 3591 3592 3595 3596 3597 0
3312:3310 3437 0
3313:3310 0
3314:3315 3316 3317 3318 0
3315:3314 3319 3320 0
3316:3314 3448 3449 0
3317:3314 0
3318:3314 3363 0
3319:3315 3331 3380 3382 0
3320:3315 4461 4586 0
3321:3322 3323 3324 3325 3326 0
3322:3321 3327 3328 3329 0
3323:3321 3427 0
3324:3321 3622 0
3325:3321 3445 3687 0
3326:3321 3734 3735 0
3327:3322 3329 3364 3368 3369 3370 3371 3372 0
3328:3322 3428 0
3329:3322 3327 3444 3447 0
3330:3331 3332 0
3331:3319 3330 3333 3334 3335 0
3332:3330 3712 3714 0
3333:3331 0
3334:3331 0
3335:3331 0
3336:3337 0
3337:3336 3338 3637 0
3338:3337 3339 3340 0
3339:3338 3423 0
3340:3338 3722 3777 0
3341:3342 3343 3344 0
3342:3341 0
3343:3341 3446 3756 0
3344:3341 3452 0
3345:0
3346:0
3347:0
3348:3349 0
3349:3348 3393 3602 3628 3653 0
3350:3351 3352 3353 3354 3355 3356 3357 0
3351:3350 3436 3469 3470 0
3352:3350 3609 0
3353:3350 0
3354:3350 0
3355:3350 3398 0
3356:3350 3437 3608 0
3357:3350 3394 0
3358:3359 3360 3361 3362 3363 0
3359:3358 0
3360:3358 3439 3563 0
3361:3358 3746 0
3362:3358 3440 3715 0
3363:3318 3358 3775 0
3364:3327 3365 3366 3367 0
3365:3364 3652 0
3366:3364 3649 3651 0
3367:3364 3446 3766 0
3368:3327 3511 0
3369:3327 0
3370:3327 0
3371:3327 0
3372:3327 3600 3625 0
3373:3374 0
3374:3373 3539 0
3375:3378 3414 3415 3416 0
3376:3388 3450 3451 0
3377:3435 3515 3517 0
3378:3375 0
3379:3422 3685 0
3380:3319 3381 0
3381:3380 3746 0
3382:3319 3422 0
3383:3384 3385 3386 0
3384:3383 3542 0
3385:11 3383 3571 0
3386:3383 3468 3569 3570 0
3387:3388 3389 3390 3391 3392 3393 0
3388:3376 3387 3394 3395 3396 3397 3398 0
3389:3387 0
3390:3387 3663 0
3391:3387 3662 3706 0
3392:3387 3700 0
3393:3349 3387 0
3394:3357 3388 3434 3494 3495 3496 3497 0
3395:3388 0
3396:3388 0
3397:3388 3491 0
3398:3355 3388 0
3399:3400 3401 0
3400:3399 3658 0
3401:3399 4799 4818 0
3402:3403 3404 3405 3406 3407 0
3403:3402 3573 3597 0
3404:3402 3599 3643 3674 3675 3677 3681 0
3405:3402 3466 0
3406:3402 3466 0
3407:3402 3589 0
3408:3409 3410 3411 3412 3413 0
3409:3408 3474 3494 3520 3521 0
3410:3408 3556 3711 0
3411:3408 0
3412:3408 0
3413:3408 3475 3753 0
3414:3375 3429 3432 3433 0
3415:3375 3490 0
3416:3375 3492 0
3417:3418 3419 3420 3421 0
3418:3417 3422 3423 0
3419:3417 3644 3646 0
3420:3417 3769 0
3421:3417 3443 3646 0
3422:3379 3382 3418 3439 3442 3443 0
3423:3339 3418 3472 3473 0
3424:3425 3426 0
3425:3424 3447 3461 3462 3465 0
3426:3424 3501 3502 3623 3694 0
3427:3323 3622 3737 0
3428:3328 3734 3735 3739 3740 0
3429:3414 3430 3431 0
3430:3429 3778 0
3431:3429 3554 3634 0
3432:3414 0
3433:3414 3682 0
3434:3394 3510 0
3435:3377 0
3436:3351 0
3437:3312 3356 3682 0
3438:3496 0
3439:3360 3422 3440 3441 0
3440:3362 3439 0
3441:3439 3620 3776 0
3442:3422 0
3443:3421 3422 4777 0
3444:3329 3445 3446 0
3445:3325 3444 0
3446:3343 3367 3444 3511 3513 3757 3759 0
3447:3329 3425 3464 3482 4471 0
3448:3316 3714 0
3449:3316 4568 0
3450:3376 0
3451:3376 4467 4469 4643 4662 0
3452:3344 3453 3454 3455 3456 0
3453:3452 3476 3483 0
3454:3452 3619 3620 0
3455:3452 3747 0
3456:3452 4786 0
3457:3458 0
3458:3457 3758 0
3459:3460 0
3460:3459 3765 0
3461:3425 0
3462:3425 3463 3464 0
3463:3462 3623 0
3464:3447 3462 3532 0
3465:3425 3600 0
3466:11 3405 3406 3467 3468 3469 3470 3471 0
3467:3466 0
3468:3386 3466 0
3469:3351 3466 0
3470:3351 3466 0
3471:3466 3604 0
3472:3423 3581 3582 0
3473:3423 4779 4803 4833 0
3474:3409 3475 0
3475:3413 3474 3568 0
3476:3453 3477 3478 3479 3480 3481 0
3477:3476 3482 0
3478:3476 3576 0
3479:3476 3578 3585 3767 0
3480:3476 3762 0
3481:3476 3774 0
3482:3447 3477 4801 0
3483:3453 3584 3727 0
3484:3485 3486 3487 3488 3489 0
3485:3484 0
3486:3484 0
3487:3484 0
3488:3484 3696 0
3489:3484 3696 0
3490:3415 0
3491:3397 0
3492:3416 0
3493:3707 0
3494:3394 3409 3522 0
3495:3394 3523 0
3496:3394 3438 3725 0
3497:3394 4494 4540 0
3498:3499 3500 3501 3502 0
3499:3498 3612 3613 0
3500:3498 3616 3625 3664 3665 0
3501:3426 3498 3693 0
3502:3426 3498 0
3503:0
3504:3545 3621 0
3505:3626 0
3506:3629 0
3507:3702 3736 0
3508:0
3509:0
3510:3434 0
3511:3368 3446 3512 3513 3514 0
3512:3511 3630 3742 0
3513:3446 3511 3757 3772 0
3514:3511 3772 0
3515:3377 3516 3517 3518 3519 0
3516:3515 0
3517:3377 3515 0
3518:3515 3741 3744 3768 0
3519:3515 3669 3745 0
3520:3409 0
3521:3409 3522 4621 4626 0
3522:3494 3521 3523 0
3523:3495 3522 3765 4456 4463 4464 0
3524:3525 3526 0
3525:3524 0
3526:3524 4489 4531 0
3527:3528 3529 0
3528:3527 3730 0
3529:3527 4547 4637 4638 4639 0
3530:3531 0
3531:3530 3532 3533 0
3532:3464 3531 0
3533:3531 3534 0
3534:3533 3618 0
3535:3536 3537 3538 3539 0
3536:3535 0
3537:3535 3624 3625 0
3538:3535 3617 0
3539:3374 3535 3686 0
3540:0
3541:3542 0
3542:3384 3541 3543 3544 3605 3606 3621 0
3543:3542 0
3544:3542 0
3545:3504 0
3546:3547 0
3547:3546 3660 3661 0
3548:3549 3550 3551 0
3549:3548 0
3550:3548 0
3551:3548 4437 4467 0
3552:3553 0
3553:3552 3559 4804 4805 4806 0
3554:3431 0
3555:3556 0
3556:3410 3555 3731 0
3557:3558 0
3558:3557 3642 0
3559:3553 0
3560:3561 0
3561:3560 3635 3636 3637 0
3562:0
3563:3360 0
3564:3565 0
3565:3564 3775 0
3566:3567 0
3567:3566 3621 0
3568:3475 0
3569:3386 0
3570:3386 0
3571:3385 0
3572:3573 3574 0
3573:3403 3572 3574 0
3574:6 3572 3573 3661 3669 0
3575:3576 3577 3578 0
3576:3478 3575 3579 3580 0
3577:3575 0
3578:3479 3575 3728 0
3579:3576 3727 0
3580:3576 3587 0
3581:3472 3582 0
3582:3472 3581 0
3583:3584 3585 0
3584:3483 3583 3647 3648 0
3585:3479 3583 0
3586:3587 0
3587:3580 3586 0
3588:3589 0
3589:3311 3407 3588 3590 3593 3594 0
3590:3589 0
3591:3311 0
3592:3311 0
3593:3589 3699 0
3594:3589 3778 0
3595:3311 3697 3698 0
3596:3311 0
3597:3311 3403 0
3598:3599 0
3599:3404 3598 0
3600:3372 3465 0
3601:3602 3603 0
3602:3349 3601 0
3603:3601 3696 0
3604:3471 0
3605:3542 3606 3607 0
3606:3542 3605 0
3607:3605 0
3608:3356 0
3609:3352 3707 0
3610:6 3611 0
3611:3610 0
3612:3499 0
3613:3499 3614 3615 3616 0
3614:3613 0
3615:3613 3695 0
3616:3500 3613 0
3617:3538 3618 0
3618:3534 3617 0
3619:3454 0
3620:3441 3454 0
3621:3504 3542 3567 0
3622:3324 3427 0
3623:3426 3463 0
3624:3537 3625 0
3625:3372 3500 3537 3624 0
3626:3505 3655 0
3627:3628 3629 0
3628:3349 3627 0
3629:3506 3627 0
3630:3512 0
3631:3632 3633 0
3632:3631 0
3633:3631 0
3634:3431 0
3635:3561 0
3636:3561 0
3637:3337 3561 3667 3779 0
3638:3639 3640 0
3639:3638 3667 3723 3724 0
3640:3638 3659 0
3641:3642 0
3642:3558 3641 0
3643:3404 0
3644:3419 3645 0
3645:3644 0
3646:3419 3421 0
3647:3584 0
3648:3584 0
3649:3366 0
3650:3651 0
3651:3366 3650 3652 0
3652:3365 3651 0
3653:3349 3683 0
3654:0
3655:3626 0
3656:3743 0
3657:3743 0
3658:3400 3722 0
3659:3640 0
3660:3547 0
3661:3547 3574 0
3662:3391 0
3663:3390 3701 0
3664:3500 3666 0
3665:3500 3694 0
3666:3664 3770 3771 0
3667:3637 3639 0
3668:3669 0
3669:3519 3574 3668 0
3670:3671 0
3671:3670 3727 0
3672:3673 3674 3675 0
3673:3672 0
3674:3404 3672 3676 0
3675:3404 3672 3679 0
3676:3674 3677 3678 0
3677:3404 3676 3679 0
3678:3676 0
3679:3675 3677 3680 0
3680:3679 0
3681:9 3404 3703 0
3682:3433 3437 0
3683:3653 3696 0
3684:3685 3686 0
3685:3379 3684 0
3686:3539 3684 0
3687:3325 0
3688:3689 0
3689:3688 3694 0
3690:3691 0
3691:3690 3693 0
3692:3693 0
3693:3501 3691 3692 3694 3695 0
3694:3426 3665 3689 3693 0
3695:3615 3693 0
3696:3488 3489 3603 3683 0
3697:3595 0
3698:3595 3741 0
3699:3593 0
3700:3392 0
3701:3663 3702 0
3702:3507 3701 0
3703:3681 0
3704:3705 3706 0
3705:3704 0
3706:3391 3704 0
3707:3493 3609 0
3708:3709 0
3709:3708 3726 3777 0
3710:3711 0
3711:3410 3710 0
3712:3332 3713 0
3713:3712 0
3714:3332 3448 0
3715:3362 0
3716:3717 3718 3719 0
3717:3716 3751 0
3718:3716 0
3719:3716 3769 0
3720:3721 0
3721:3720 4816 0
3722:3340 3658 0
3723:3639 0
3724:3639 3755 0
3725:3496 0
3726:3709 0
3727:3483 3579 3671 0
3728:3578 3729 0
3729:3728 3749 3752 0
3730:3528 0
3731:3556 0
3732:3733 0
3733:3732 3747 3748 0
3734:3326 3428 0
3735:3326 3428 0
3736:3507 0
3737:3427 3738 0
3738:3737 0
3739:3428 0
3740:3428 0
3741:3518 3698 0
3742:3512 0
3743:3656 3657 0
3744:3518 0
3745:3519 0
3746:3361 3381 0
3747:3455 3733 0
3748:3733 0
3749:3729 3750 0
3750:3749 0
3751:3717 3754 0
3752:3729 0
3753:3413 0
3754:3751 3755 0
3755:3724 3754 3764 0
3756:3343 0
3757:3446 3513 0
3758:3458 3759 0
3759:3446 3758 0
3760:9 0
3761:3762 0
3762:3480 3761 0
3763:3764 0
3764:3755 3763 4776 4817 4833 0
3765:3460 3523 4464 4637 0
3766:3367 0
3767:3479 0
3768:3518 0
3769:3420 3719 0
3770:3666 0
3771:3666 0
3772:3513 3514 0
3773:3774 0
3774:3481 3773 0
3775:3363 3565 0
3776:3441 0
3777:3340 3709 0
3778:3430 3594 0
3779:3637 0
3780:3781 3782 0
3781:3780 3794 3819 0
3782:3780 3784 0
3783:3784 3785 3786 0
3784:3782 3783 3787 3807 3808 3809 3810 0
3785:3783 0
3786:3783 3787 3861 3862 0
3787:3784 3786 0
3788:3789 3790 3791 0
3789:3788 3826 0
3790:3788 3863 3878 0
3791:3788 3863 0
3792:3793 3794 3795 0
3793:3792 3796 0
3794:3781 3792 0
3795:3792 3827 3828 0
3796:3793 3806 3823 3827 3843 0
3797:3798 0
3798:3797 3799 3800 3801 0
3799:3798 3802 3829 3834 3859 3860 0
3800:3798 3801 3832 0
3801:3798 3800 0
3802:3799 3803 3804 0
3803:3802 0
3804:3802 3964 0
3805:3806 0
3806:3796 3805 3807 0
3807:3784 3806 3810 0
3808:3784 0
3809:3784 0
3810:3784 3807 0
3811:3812 3813 3814 3815 0
3812:3811 0
3813:3811 3816 3817 0
3814:3811 3851 0
3815:3811 0
3816:795 3813 3876 0
3817:3813 3877 3960 0
3818:3819 0
3819:3781 3818 3972 0
3820:199 3845 0
3821:3822 3823 3824 3825 0
3822:3821 0
3823:3796 3821 3843 3846 3847 3848 3849 3850 0
3824:3821 3913 3914 0
3825:3821 3938 3939 0
3826:3789 3861 3863 0
3827:3795 3796 3830 3831 3858 3864 3872 0
3828:3795 3837 3880 3881 3915 3926 3929 0
3829:3799 3830 3831 3832 3833 3834 0
3830:3827 3829 0
3831:3827 3829 0
3832:3800 3829 3833 3854 3889 0
3833:3829 3832 0
3834:3799 3829 3912 0
3835:795 3836 3837 3838 3839 3840 0
3836:3835 3903 0
3837:3828 3835 3928 0
3838:3835 3911 3926 0
3839:3835 3870 3955 0
3840:3835 3909 3955 0
3841:795 3842 0
3842:3841 3858 0
3843:795 3796 3823 3844 3851 3852 0
3844:795 3843 3873 3874 3875 0
3845:795 3820 3954 0
3846:3823 3876 3929 0
3847:3823 0
3848:3823 3913 0
3849:3823 3939 0
3850:3823 3926 0
3851:3814 3843 3853 0
3852:3843 3862 0
3853:3851 3854 3855 3856 3857 0
3854:3832 3853 0
3855:3853 0
3856:3853 3949 0
3857:3853 3908 0
3858:3827 3842 0
3859:3799 0
3860:3799 3909 3910 0
3861:3786 3826 0
3862:3786 3852 3888 3951 3952 3959 3965 3966 0
3863:3790 3791 3826 3877 3878 3879 0
3864:3827 3865 3866 3867 3868 3869 3870 3871 0
3865:3864 0
3866:3864 3946 0
3867:3864 3868 0
3868:3864 3867 3870 0
3869:3864 3905 3946 0
3870:3839 3864 3868 3910 3963 0
3871:3864 0
3872:3827 0
3873:3844 0
3874:3844 0
3875:3844 0
3876:3816 3846 3897 3915 3956 3969 0
3877:3817 3863 0
3878:3790 3863 0
3879:3863 3916 0
3880:3828 3881 0
3881:3828 3880 3891 0
3882:3883 0
3883:3882 3884 3885 0
3884:3883 3896 0
3885:3883 3932 3961 0
3886:3887 3888 0
3887:3886 3959 3960 0
3888:3862 3886 0
3889:3832 0
3890:3891 3892 0
3891:3881 3890 3893 0
3892:3890 3900 0
3893:3891 3898 3902 0
3894:3895 3896 3897 0
3895:3894 0
3896:3884 3894 3931 0
3897:3876 3894 3968 0
3898:3893 3899 0
3899:3898 3915 3961 0
3900:3892 3901 3902 0
3901:3900 0
3902:3893 3900 0
3903:3836 3904 3905 0
3904:3903 0
3905:3869 3903 3967 0
3906:3907 0
3907:3906 3961 0
3908:3857 0
3909:3840 3860 3911 3912 0
3910:3860 3870 3962 0
3911:3838 3909 0
3912:3834 3909 0
3913:3824 3848 0
3914:3824 3942 3948 3949 3957 0
3915:3828 3876 3899 0
3916:3879 3917 3918 0
3917:3916 0
3918:3916 3944 0
3919:3920 3921 3922 0
3920:3919 3923 0
3921:3919 0
3922:3919 3970 0
3923:3920 3924 0
3924:3923 3925 0
3925:3924 0
3926:3828 3838 3850 3927 3928 0
3927:3926 0
3928:3837 3926 0
3929:3828 3846 0
3930:3934 0
3931:3896 0
3932:3885 0
3933:3952 0
3934:3930 3968 3971 0
3935:3936 3937 0
3936:3935 3953 3956 0
3937:3935 3957 3958 0
3938:3825 0
3939:3825 3849 3947 0
3940:3941 3942 0
3941:3940 0
3942:3914 3940 0
3943:3944 0
3944:3918 3943 3945 0
3945:3944 3950 0
3946:3866 3869 3967 0
3947:3939 0
3948:3914 3949 0
3949:3856 3914 3948 0
3950:3945 3966 0
3951:3862 3952 0
3952:3862 3933 3951 0
3953:3936 0
3954:3845 0
3955:3839 3840 0
3956:3876 3936 0
3957:3914 3937 0
3958:3937 0
3959:3862 3887 0
3960:3817 3887 0
3961:3885 3899 3907 0
3962:3910 3963 0
3963:3870 3962 3964 0
3964:3804 3963 0
3965:3862 3966 0
3966:3862 3950 3965 0
3967:3905 3946 0
3968:3897 3934 3969 0
3969:3876 3968 0
3970:3922 0
3971:3934 0
3972:3819 0
3973:3974 0
3974:3973 3992 4033 0
3975:3976 3977 3978 0
3976:3975 3999 4000 0
3977:3975 4002 0
3978:3975 4031 4063 0
3979:3980 3981 0
3980:3979 3982 0
3981:3979 4059 0
3982:3980 3983 4036 0
3983:3982 3984 0
3984:3983 4002 0
3985:3986 0
3986:3985 4022 4065 0
3987:3988 3989 0
3988:3987 3989 4041 0
3989:3987 3988 4029 4039 4060 0
3990:3991 3992 3993 3994 0
3991:3990 3994 4021 4022 4023 0
3992:3974 3990 4057 0
3993:3990 4094 0
3994:3990 3991 0
3995:3996 3997 3998 0
3996:3995 4024 4025 4026 0
3997:3995 4091 0
3998:3995 4064 0
3999:3976 4001 4002 4003 4004 4005 0
4000:3976 4008 0
4001:3999 4019 4020 0
4002:3977 3984 3999 4007 4037 4038 4039 4040 0
4003:3999 0
4004:3999 4007 0
4005:3999 4029 4061 0
4006:4007 4008 4009 0
4007:4002 4004 4006 4010 4011 0
4008:4000 4006 0
4009:4006 4058 0
4010:4007 4058 0
4011:4007 4072 0
4012:3049 4013 4014 0
4013:4012 4015 4017 4018 0
4014:3048 4012 4051 4055 4081 0
4015:4013 4016 0
4016:4015 4069 4085 0
4017:4013 4062 0
4018:4013 4020 4071 4079 0
4019:4001 0
4020:4001 4018 4039 0
4021:497 3991 4033 4044 0
4022:3986 3991 4061 4082 4083 4084 0
4023:3991 4093 0
4024:3996 0
4025:3996 0
4026:3996 4027 4029 4030 0
4027:4026 4028 0
4028:4027 4031 4032 0
4029:3989 4005 4026 4063 4073 4078 4079 0
4030:4026 4097 0
4031:3978 4028 4052 4053 0
4032:4028 4063 0
4033:3974 4021 0
4034:4035 0
4035:4034 4044 4101 0
4036:3982 4056 0
4037:4002 0
4038:4002 0
4039:3989 4002 4020 4076 0
4040:4002 0
4041:3988 4042 0
4042:4041 4062 4068 4073 4079 0
4043:597 4056 0
4044:4021 4035 0
4045:4046 4047 0
4046:4045 4064 0
4047:4045 4065 0
4048:4049 4050 0
4049:4048 4051 0
4050:4048 4074 0
4051:4014 4049 0
4052:4031 0
4053:4031 0
4054:4055 0
4055:4014 4054 4074 4077 0
4056:4036 4043 0
4057:3992 4084 4093 0
4058:4009 4010 0
4059:3981 4086 0
4060:3989 4061 0
4061:4005 4022 4060 4080 0
4062:4017 4042 4071 4079 4080 0
4063:3978 4029 4032 0
4064:3998 4046 4065 0
4065:3986 4047 4064 0
4066:4067 4068 4069 4070 0
4067:4066 4068 0
4068:4042 4066 4067 0
4069:4016 4066 0
4070:4066 4079 0
4071:4018 4062 0
4072:4011 0
4073:4029 4042 0
4074:4050 4055 4075 0
4075:4074 4081 0
4076:4039 0
4077:3226 4055 0
4078:4029 0
4079:4018 4029 4042 4062 4070 0
4080:4061 4062 0
4081:4014 4075 0
4082:4022 0
4083:4022 0
4084:4022 4057 0
4085:4016 0
4086:4059 4087 0
4087:4086 4088 0
4088:4087 4089 4090 0
4089:4088 4096 0
4090:4088 4096 0
4091:3997 0
4092:4093 4094 0
4093:4023 4057 4092 4095 0
4094:3993 4092 0
4095:4093 0
4096:4089 4090 4133 4135 0
4097:4030 4098 4099 4100 0
4098:4097 0
4099:4097 0
4100:4097 0
4101:4035 0
4102:4103 0
4103:4102 4105 4107 4108 4109 0
4104:4105 0
4105:2813 4103 4104 4106 4107 0
4106:4105 0
4107:4103 4105 4119 4120 4121 0
4108:4103 0
4109:2913 4103 4166 4206 4228 4242 0
4110:2913 4111 4112 4113 0
4111:4110 4118 4126 4249 4250 0
4112:2771 2913 4110 4117 4233 4291 4302 0
4113:4110 0
4114:4115 4116 0
4115:4114 4117 4118 0
4116:4114 4325 4326 0
4117:636 4112 4115 4118 4176 4201 4259 4271 0
4118:4111 4115 4117 4272 0
4119:4107 4147 4186 4187 4188 0
4120:4107 4121 4153 4241 0
4121:4107 4120 4153 0
4122:4123 0
4123:4122 4124 4125 4126 0
4124:4123 0
4125:4123 4250 0
4126:4111 4123 0
4127:4128 4129 0
4128:4127 4155 4156 4157 0
4129:4127 4184 0
4130:4131 4132 0
4131:4130 4155 4158 4185 4225 0
4132:4130 4316 4317 4318 4319 0
4133:4096 0
4134:4135 0
4135:4096 4134 4143 4161 4162 4163 0
4136:4137 4138 4139 4140 4141 0
4137:4136 4139 0
4138:4136 0
4139:4136 4137 4170 0
4140:4136 0
4141:4136 4311 4312 0
4142:4143 4144 4145 4146 0
4143:4135 4142 4155 4218 4219 0
4144:4142 0
4145:4142 0
4146:4142 0
4147:2813 4119 4166 4167 4168 0
4148:4149 4150 4151 4152 0
4149:2814 4148 4153 4154 0
4150:4148 0
4151:4148 0
4152:4148 0
4153:4120 4121 4149 4246 0
4154:4149 0
4155:4128 4131 4143 4212 4222 4223 4224 0
4156:4128 4223 4329 0
4157:4128 0
4158:4131 4159 4160 0
4159:4158 0
4160:4158 0
4161:4135 4164 0
4162:4135 4165 0
4163:4135 4217 0
4164:4161 4269 0
4165:4162 0
4166:4109 4147 4182 4204 4207 4211 0
4167:4147 4182 4202 4229 4233 0
4168:4147 4310 0
4169:534 4170 4192 0
4170:534 2814 4139 4169 4192 4303 0
4171:534 0
4172:213 4246 0
4173:523 2522 4174 4175 0
4174:521 4173 4221 0
4175:4173 0
4176:636 2913 4117 0
4177:4178 4179 4180 0
4178:4177 4181 4182 4183 0
4179:4177 0
4180:4177 0
4181:4178 4189 4190 0
4182:4166 4167 4178 4183 4226 4228 0
4183:4178 4182 0
4184:195 4129 4185 0
4185:638 4131 4184 4244 0
4186:4119 4214 4215 4216 0
4187:4119 4188 0
4188:4119 4187 4283 0
4189:4181 0
4190:4181 0
4191:4192 0
4192:2814 4169 4170 4191 4193 4194 4196 0
4193:4192 0
4194:4192 4195 0
4195:4194 0
4196:2814 4192 4270 0
4197:2521 0
4198:2521 0
4199:4200 0
4200:4199 4201 0
4201:4117 4200 4251 4259 4277 0
4202:4167 4203 0
4203:636 4202 0
4204:4166 4205 4206 0
4205:4204 0
4206:4109 4204 4238 4239 4240 0
4207:4166 4208 4209 4210 0
4208:4207 4234 4235 4236 4237 0
4209:4207 0
4210:4207 0
4211:4166 4304 4305 4306 4307 4308 4309 0
4212:4155 4213 0
4213:4212 4255 4256 0
4214:4186 0
4215:4186 0
4216:4186 0
4217:608 4163 0
4218:4143 4219 4254 0
4219:4143 4218 4289 4290 0
4220:2522 0
4221:4174 0
4222:4155 4292 4293 4294 4295 4296 0
4223:4155 4156 0
4224:4155 4244 0
4225:4131 4247 4248 0
4226:4182 4227 0
4227:4226 0
4228:2913 4109 4182 4273 4274 4275 4276 0
4229:4167 4230 4231 4232 0
4230:4229 0
4231:4229 0
4232:4229 0
4233:2913 4112 4167 0
4234:4208 0
4235:4208 0
4236:4208 0
4237:4208 0
4238:4206 0
4239:4206 0
4240:4206 0
4241:4120 0
4242:4109 4243 0
4243:4242 0
4244:4185 4224 0
4245:638 2814 4246 0
4246:638 4153 4172 4245 0
4247:4225 0
4248:4225 0
4249:4111 4262 4263 4264 4265 4266 0
4250:4111 4125 4301 0
4251:4201 4252 4253 0
4252:4251 0
4253:4251 0
4254:4218 0
4255:4213 0
4256:4213 0
4257:944 0
4258:944 0
4259:4117 4201 4260 4261 0
4260:4259 4267 4268 0
4261:4259 0
4262:4249 4297 4298 4299 4300 0
4263:4249 0
4264:4249 0
4265:4249 0
4266:4249 0
4267:4260 0
4268:4260 0
4269:4164 0
4270:4196 0
4271:4117 4284 4285 4286 4287 4288 0
4272:4118 4320 4321 0
4273:4228 0
4274:4228 0
4275:4228 0
4276:4228 0
4277:4201 4278 4279 4280 0
4278:4277 0
4279:4277 0
4280:4277 0
4281:0
4282:0
4283:4188 0
4284:4271 0
4285:4271 0
4286:4271 0
4287:4271 0
4288:4271 0
4289:4219 0
4290:4219 0
4291:4112 0
4292:4222 0
4293:4222 0
4294:4222 0
4295:4222 0
4296:4222 0
4297:4262 0
4298:4262 0
4299:4262 0
4300:4262 0
4301:4250 4314 4315 0
4302:4112 4327 4328 0
4303:4170 0
4304:4211 0
4305:4211 0
4306:4211 0
4307:4211 0
4308:4211 0
4309:4211 0
4310:4168 0
4311:4141 0
4312:4141 0
4313:2914 0
4314:4301 0
4315:4301 0
4316:4132 0
4317:4132 0
4318:4132 0
4319:4132 4322 4323 4324 0
4320:4272 0
4321:4272 0
4322:4319 0
4323:4319 0
4324:4319 0
4325:4116 0
4326:4116 0
4327:4302 0
4328:4302 0
4329:4156 0
4330:4331 4332 4333 0
4331:4330 4360 0
4332:4330 0
4333:4330 4361 4382 0
4334:4335 0
4335:4334 4336 4340 0
4336:4335 4337 0
4337:4336 4350 4379 0
4338:4339 0
4339:4338 4347 4365 4366 0
4340:4335 4350 0
4341:4343 4345 4352 0
4342:4346 4348 4350 4356 0
4343:4341 4345 0
4344:4347 4365 0
4345:4341 4343 0
4346:4342 0
4347:4339 4344 4365 4366 0
4348:4342 4349 4350 4351 0
4349:4348 4383 0
4350:4337 4340 4342 4348 4371 4384 0
4351:4348 4383 4386 0
4352:4341 0
4353:4354 0
4354:339 4353 0
4355:0
4356:4342 0
4357:396 4358 4392 4393 4395 0
4358:396 4357 4395 0
4359:4360 4364 4388 0
4360:4331 4359 4361 4362 4395 0
4361:4333 4360 4382 4395 4404 0
4362:4360 0
4363:4364 0
4364:4359 4363 4399 0
4365:4339 4344 4347 4366 0
4366:4339 4347 4365 0
4367:0
4368:4370 0
4369:0
4370:4368 0
4371:4350 4373 0
4372:0
4373:4371 0
4374:0
4375:4376 0
4376:4375 4377 0
4377:4376 4385 4387 4389 0
4378:312 4392 4393 0
4379:4337 4380 4381 0
4380:4379 4403 0
4381:4379 0
4382:4333 4361 0
4383:4349 4351 0
4384:4350 0
4385:4377 4386 0
4386:4351 4385 4387 4388 0
4387:4377 4386 4388 4389 4396 0
4388:4359 4386 4387 0
4389:4377 4387 4398 0
4390:0
4391:0
4392:4357 4378 0
4393:4357 4378 0
4394:4395 0
4395:4357 4358 4360 4361 4394 0
4396:4387 4399 0
4397:339 0
4398:4389 0
4399:4364 4396 0
4400:0
4401:0
4402:0
4403:4380 0
4404:4361 0
4405:4406 0
4406:372 4405 4407 4408 0
4407:372 4406 4408 4418 0
4408:4406 4407 4415 4419 0
4409:4410 4411 0
4410:4409 0
4411:372 4409 0
4412:415 0
4413:4414 4415 0
4414:4413 0
4415:4408 4413 0
4416:389 0
4417:372 0
4418:1325 4407 4419 4420 0
4419:1325 4408 4418 4421 0
4420:4418 0
4421:4419 0
4422:108 0
4423:904 0
4424:904 0
4425:4426 0
4426:4425 4427 0
4427:4426 0
4428:4429 0
4429:4428 4430 0
4430:4429 0
4431:0
4432:0
4433:0
4434:0
4435:54 0
4436:4437 4438 0
4437:3551 4436 4439 4468 4477 4478 4479 0
4438:4436 4506 4613 0
4439:4437 4440 0
4440:4439 4534 0
4441:2327 4442 4443 4444 4445 0
4442:4441 4570 4571 0
4443:4441 4576 4627 4628 4644 4659 0
4444:4441 4500 4674 0
4445:4441 0
4446:4447 4448 4449 0
4447:4446 4680 0
4448:4446 4573 4678 0
4449:4446 0
4450:4451 4452 0
4451:4450 4462 0
4452:4450 4470 4652 0
4453:4454 0
4454:4453 4515 0
4455:4456 4457 4458 4459 4460 0
4456:2351 3523 4455 4461 0
4457:4455 4528 4529 4530 0
4458:4455 4660 4661 0
4459:4455 4519 0
4460:4455 4600 0
4461:3320 4456 4588 4795 4819 4820 4821 0
4462:4451 0
4463:3523 4465 4466 0
4464:3523 3765 4498 4548 0
4465:2350 4463 4641 4642 4643 0
4466:2420 4463 4778 4779 0
4467:3451 3551 0
4468:4437 4469 0
4469:3451 4468 0
4470:4452 4471 4472 0
4471:3447 4470 4473 0
4472:4470 0
4473:4471 4492 0
4474:4475 4476 0
4475:4474 4484 4598 0
4476:2454 4474 0
4477:4437 4508 0
4478:4437 4574 0
4479:4437 4565 0
4480:4481 4482 4483 0
4481:4480 4484 4485 0
4482:4480 4510 0
4483:4480 4608 0
4484:4475 4481 4650 4651 0
4485:4481 4511 4704 0
4486:4487 4488 0
4487:4486 4508 0
4488:4486 4622 4624 4625 0
4489:3526 4490 0
4490:4489 4530 0
4491:4492 4493 0
4492:4473 4491 4513 4516 4517 0
4493:4491 4605 4617 0
4494:2469 3497 4498 0
4495:2469 0
4496:2469 4609 0
4497:2469 4542 0
4498:4464 4494 0
4499:2454 4500 4501 4502 0
4500:4444 4499 0
4501:4499 4669 4670 0
4502:4499 0
4503:4504 4505 0
4504:4503 4578 0
4505:4503 4532 0
4506:4438 4507 0
4507:4506 4540 4566 0
4508:4477 4487 4758 0
4509:4510 4511 4512 0
4510:4482 4509 4511 0
4511:4485 4509 4510 0
4512:4509 4769 0
4513:4492 4514 0
4514:4513 4515 0
4515:4454 4514 4684 0
4516:4492 0
4517:4492 0
4518:4519 0
4519:4459 4518 4520 0
4520:4519 4619 4623 0
4521:4522 4523 0
4522:4521 4546 4557 4562 0
4523:4521 4543 4610 0
4524:4525 4526 0
4525:2454 4524 4527 0
4526:4524 4608 0
4527:4525 4603 0
4528:4457 4575 4600 4601 0
4529:4457 4644 0
4530:4457 4490 0
4531:3526 4673 4688 0
4532:4505 4533 0
4533:4532 4619 4664 4668 0
4534:4440 4535 4536 4537 0
4535:4534 4549 4550 4551 0
4536:4534 4662 4663 0
4537:4534 0
4538:4539 4540 4541 0
4539:4538 0
4540:3497 4507 4538 0
4541:4538 4567 0
4542:4497 4543 0
4543:4523 4542 4649 0
4544:4545 4546 4547 0
4545:4544 4548 0
4546:4522 4544 4614 4615 0
4547:3529 4544 0
4548:4464 4545 4645 0
4549:4535 4680 4697 0
4550:4535 0
4551:4535 4690 0
4552:4553 4554 0
4553:4552 4555 4556 4557 4558 4559 4560 4561 0
4554:4552 4589 0
4555:4553 0
4556:4553 4616 4656 0
4557:4522 4553 4672 0
4558:4553 4701 4703 0
4559:4553 0
4560:4553 0
4561:4553 0
4562:4522 4757 0
4563:4564 4565 0
4564:4563 4573 0
4565:4479 4563 4668 4677 0
4566:4507 4567 0
4567:4541 4566 4602 4616 0
4568:3449 4569 0
4569:4568 4586 4634 4666 4696 0
4570:4442 0
4571:4442 0
4572:4573 0
4573:4448 4564 4572 0
4574:4478 4652 0
4575:4528 4576 4577 0
4576:4443 4575 4657 0
4577:4575 0
4578:4504 4579 4580 0
4579:2351 4578 4580 4582 4635 4655 0
4580:4578 4579 4692 0
4581:2345 4582 4583 4584 4585 0
4582:4579 4581 4599 0
4583:4581 0
4584:4581 4691 0
4585:4581 4646 4655 0
4586:3320 4569 4587 4588 0
4587:4586 4633 4634 0
4588:4461 4586 4773 4775 0
4589:4554 4590 4591 4592 4593 0
4590:4589 4693 4696 0
4591:4589 0
4592:4589 0
4593:4589 0
4594:4595 4596 4597 0
4595:4594 4633 0
4596:4594 0
4597:4594 0
4598:4475 0
4599:4582 4771 0
4600:4460 4528 4601 0
4601:4528 4600 0
4602:4567 0
4603:4527 4620 4687 0
4604:4605 4606 0
4605:4493 4604 4607 0
4606:4604 0
4607:4605 0
4608:4483 4526 0
4609:4496 4610 0
4610:4523 4609 0
4611:2461 2463 4675 0
4612:2461 4711 4725 0
4613:4438 4625 0
4614:4546 0
4615:4546 0
4616:4556 4567 0
4617:4493 4618 0
4618:4617 4680 4690 0
4619:4520 4533 0
4620:4603 0
4621:3521 4622 0
4622:4488 4621 4647 0
4623:4520 0
4624:4488 0
4625:4488 4613 0
4626:2470 3521 0
4627:4443 4628 4629 4630 4631 0
4628:4443 4627 4632 0
4629:4627 0
4630:4627 0
4631:4627 0
4632:4628 4659 4681 0
4633:4587 4595 0
4634:4569 4587 4689 0
4635:4579 4636 0
4636:4635 4661 4679 0
4637:3529 3765 0
4638:3529 4645 4673 0
4639:3529 4755 4756 0
4640:2350 0
4641:4465 0
4642:4465 0
4643:3451 4465 0
4644:4443 4529 4658 4772 0
4645:4548 4638 0
4646:4585 0
4647:4622 4648 0
4648:4647 0
4649:4543 0
4650:2466 4484 4698 0
4651:4484 4766 0
4652:4452 4574 0
4653:4654 4655 0
4654:4653 0
4655:4579 4585 4653 0
4656:4556 0
4657:4576 0
4658:4644 0
4659:4443 4632 4682 0
4660:4458 0
4661:4458 4636 4671 0
4662:3451 4536 4664 4665 0
4663:4536 4678 0
4664:2351 4533 4662 0
4665:4662 4680 0
4666:4569 4667 0
4667:4666 0
4668:4533 4565 0
4669:2444 4501 4695 0
4670:4501 4767 0
4671:4661 0
4672:4557 0
4673:4531 4638 0
4674:4444 4763 0
4675:4611 4710 4715 4746 4747 0
4676:4677 0
4677:4565 4676 0
4678:4448 4663 0
4679:4636 0
4680:4447 4549 4618 4665 0
4681:4632 0
4682:4659 4683 0
4683:4682 0
4684:4515 0
4685:2463 4732 4734 4750 0
4686:2463 4727 0
4687:2454 4603 0
4688:4531 0
4689:4634 4760 0
4690:4551 4618 0
4691:4584 4770 0
4692:4580 0
4693:4590 4694 0
4694:4693 0
4695:4669 0
4696:4569 4590 0
4697:4549 0
4698:4650 0
4699:2466 0
4700:864 2466 0
4701:4558 4702 0
4702:4701 0
4703:4558 0
4704:4485 4765 4766 0
4705:4706 4707 0
4706:4705 4722 0
4707:4705 4715 0
4708:4709 4710 0
4709:4708 4720 0
4710:4675 4708 0
4711:4612 4712 0
4712:4711 4713 0
4713:4712 4714 0
4714:4713 4725 0
4715:4675 4707 4716 4717 4718 0
4716:4715 4719 4723 4728 4743 0
4717:4715 4719 0
4718:4715 0
4719:4716 4717 0
4720:4709 4721 0
4721:4720 4722 0
4722:4706 4721 0
4723:4716 4724 0
4724:4723 4726 4733 4736 4741 4742 0
4725:4612 4714 0
4726:4724 4727 0
4727:4686 4726 4734 4744 4749 0
4728:4716 4729 0
4729:4728 4733 0
4730:4731 4732 0
4731:4730 4745 0
4732:4685 4730 0
4733:4724 4729 0
4734:4685 4727 4735 0
4735:4734 4753 4754 0
4736:4724 4737 0
4737:2464 2465 4736 0
4738:2464 4739 4740 0
4739:4738 0
4740:2464 4738 4762 0
4741:4724 0
4742:4724 0
4743:4716 4744 0
4744:4727 4743 0
4745:4731 4748 0
4746:4675 4751 0
4747:4675 0
4748:4745 4749 0
4749:4727 4748 0
4750:4685 4752 0
4751:4746 4752 0
4752:4750 4751 0
4753:4735 0
4754:4735 0
4755:4639 0
4756:4639 0
4757:4562 0
4758:4508 4759 0
4759:4758 0
4760:4689 4761 0
4761:4760 0
4762:4740 0
4763:4674 0
4764:4765 0
4765:4704 4764 0
4766:4651 4704 4768 0
4767:4670 0
4768:4766 0
4769:4512 0
4770:4691 0
4771:4599 0
4772:4644 0
4773:2261 4588 4774 0
4774:4773 4776 4788 0
4775:4588 4776 0
4776:3764 4774 4775 0
4777:3443 4782 4821 0
4778:4466 4795 4798 4799 0
4779:3473 4466 4799 0
4780:4781 4782 0
4781:4780 4835 0
4782:4777 4780 4835 0
4783:4784 4785 4786 0
4784:4783 4801 0
4785:4783 0
4786:3456 4783 4843 0
4787:4788 0
4788:2261 2420 2457 4774 4787 0
4789:4790 4791 4792 0
4790:4789 0
4791:4789 4825 0
4792:4789 4793 0
4793:4792 4794 0
4794:4793 4826 0
4795:4461 4778 4796 4797 0
4796:4795 0
4797:4795 0
4798:4778 0
4799:3401 4778 4779 4833 0
4800:4801 0
4801:3482 4784 4800 4802 4803 0
4802:4801 4825 4828 0
4803:3473 4801 4823 0
4804:3553 4839 4840 0
4805:3553 4836 0
4806:3553 4827 0
4807:1093 4808 0
4808:139 4807 0
4809:225 4810 0
4810:2448 4809 4815 0
4811:2370 0
4812:2448 4813 0
4813:139 4812 0
4814:2448 0
4815:4810 0
4816:3721 4817 0
4817:3764 4816 0
4818:1126 3401 0
4819:4461 0
4820:4461 0
4821:4461 4777 4834 0
4822:4823 4824 0
4823:4803 4822 4832 0
4824:4822 4844 0
4825:4791 4802 4826 4827 0
4826:4794 4825 0
4827:4806 4825 0
4828:139 4802 0
4829:4841 0
4830:0
4831:4841 4844 0
4832:4823 0
4833:3473 3764 4799 0
4834:4821 0
4835:4781 4782 0
4836:1126 4805 4837 4838 0
4837:4836 4839 0
4838:4836 4842 0
4839:4804 4837 0
4840:4804 0
4841:4829 4831 0
4842:4838 0
4843:4786 0
4844:4824 4831 0
4845:864 4846 0
4846:4845 4853 0
4847:13 0
4848:13 4850 0
4849:870 4850 0
4850:4848 4849 0
4851:870 4852 0
4852:899 4851 0
4853:4846 0
