N=4843 V=5670
1:2 3 4 0
2:1 422 429 430 431 432 0
3:1 426 450 451 452 0
4:1 470 515 0
5:6 7 8 9 0
6:5 3564 3600 0
7:5 0
8:5 0
9:5 3671 3750 0
10:11 0
11:10 3375 3456 0
12:13 0
13:12 4837 4838 0
14:0
15:16 17 0
16:15 31 32 33 34 0
17:15 46 0
18:19 0
19:18 20 21 0
20:19 0
21:19 22 23 24 25 26 0
22:21 27 0
23:21 129 130 0
24:21 104 0
25:21 27 129 194 201 222 0
26:21 30 0
27:22 25 60 0
28:29 30 0
29:28 58 59 97 174 175 176 0
30:26 28 0
31:16 0
32:16 35 36 37 38 0
33:16 0
34:16 94 164 0
35:32 0
36:32 0
37:32 43 66 0
38:32 115 0
39:40 41 0
40:39 42 43 0
41:39 186 0
42:40 44 0
43:37 40 0
44:42 160 241 251 0
45:46 47 0
46:17 45 109 0
47:45 64 0
48:49 0
49:48 108 125 0
50:51 0
51:50 54 150 165 522 532 0
52:53 54 0
53:52 114 0
54:51 52 125 165 214 4425 0
55:56 57 0
56:55 91 93 126 0
57:55 218 0
58:29 59 60 61 0
59:29 58 60 0
60:27 58 59 69 222 0
61:58 0
62:63 64 0
63:62 227 0
64:47 62 0
65:0
66:37 0
67:68 69 0
68:67 69 105 174 206 0
69:60 67 68 82 185 192 222 0
70:71 72 0
71:70 128 0
72:70 75 189 0
73:74 75 0
74:73 128 0
75:72 73 174 231 0
76:77 0
77:76 78 79 0
78:77 80 81 82 83 0
79:77 89 0
80:78 84 85 86 87 88 0
81:78 132 135 137 140 141 0
82:69 78 83 0
83:78 82 0
84:80 0
85:80 0
86:80 0
87:80 99 100 101 103 0
88:80 128 188 232 0
89:79 90 0
90:89 223 0
91:56 92 93 94 95 0
92:91 96 0
93:56 91 0
94:34 91 259 0
95:91 207 0
96:92 224 0
97:29 98 0
98:97 157 233 235 0
99:87 0
100:87 0
101:87 102 0
102:101 160 190 244 245 246 247 0
103:87 156 176 0
104:24 105 106 0
105:68 104 184 0
106:104 192 0
107:108 0
108:49 107 125 166 599 4412 0
109:46 187 207 0
110:111 112 113 0
111:110 179 196 197 0
112:110 119 122 179 0
113:110 0
114:53 147 0
115:38 116 0
116:115 158 0
117:118 0
118:117 171 0
119:112 120 121 122 123 0
120:119 123 0
121:119 123 0
122:112 119 0
123:119 120 121 246 251 0
124:125 0
125:49 54 108 124 162 215 2511 0
126:56 127 0
127:126 128 0
128:71 74 88 127 188 208 230 0
129:23 25 0
130:23 0
131:132 0
132:81 131 133 134 138 139 0
133:132 0
134:132 0
135:81 0
136:137 0
137:81 136 142 0
138:132 1026 1091 0
139:132 1123 4798 4803 4818 0
140:81 1039 1056 1124 0
141:81 2403 0
142:137 193 194 195 0
143:144 145 0
144:143 152 154 0
145:143 219 260 0
146:147 148 149 0
147:114 146 150 0
148:146 149 198 0
149:146 148 255 0
150:51 147 173 0
151:0
152:144 153 154 155 0
153:152 156 157 0
154:144 152 0
155:152 238 0
156:103 153 236 237 0
157:98 153 224 0
158:116 159 0
159:158 160 0
160:44 102 159 161 0
161:160 247 1072 0
162:125 163 0
163:162 0
164:34 258 261 0
165:51 54 0
166:108 167 0
167:166 223 0
168:169 0
169:168 0
170:0
171:118 240 0
172:197 0
173:150 256 527 539 0
174:29 68 75 0
175:29 0
176:29 103 0
177:178 179 0
178:177 196 0
179:111 112 177 0
180:182 0
181:217 0
182:180 183 0
183:182 0
184:105 252 253 254 0
185:69 0
186:41 187 188 0
187:109 186 227 0
188:88 128 186 207 218 228 229 0
189:72 216 0
190:102 191 0
191:190 1023 1093 0
192:69 106 0
193:142 194 202 203 204 0
194:25 142 193 243 0
195:142 204 638 944 4174 0
196:111 178 232 0
197:111 172 0
198:148 199 0
199:198 541 3810 0
200:201 0
201:25 200 0
202:193 0
203:193 0
204:193 195 560 599 0
205:206 0
206:68 205 0
207:95 109 188 208 0
208:128 207 0
209:0
210:0
211:0
212:0
213:534 4162 0
214:54 0
215:125 0
216:189 217 0
217:181 216 264 0
218:57 188 0
219:145 220 221 0
220:219 239 0
221:219 236 262 0
222:25 60 69 223 224 225 0
223:90 167 222 226 0
224:96 157 222 0
225:222 4799 0
226:223 263 0
227:63 187 0
228:188 231 0
229:188 0
230:128 0
231:75 228 0
232:88 196 0
233:98 234 0
234:233 0
235:98 0
236:156 221 0
237:156 238 239 0
238:155 237 248 249 0
239:220 237 0
240:171 241 242 0
241:44 240 243 0
242:240 0
243:194 241 0
244:102 0
245:102 0
246:102 123 0
247:102 161 1038 1077 1081 0
248:238 257 0
249:238 262 0
250:251 0
251:44 123 250 0
252:184 0
253:184 0
254:184 0
255:149 256 0
256:173 255 0
257:248 258 0
258:164 257 0
259:94 0
260:145 0
261:164 0
262:221 249 0
263:226 0
264:217 0
265:266 267 268 0
266:265 304 305 309 310 311 0
267:265 371 393 0
268:265 0
269:270 271 272 0
270:269 273 274 275 0
271:269 404 0
272:269 387 415 0
273:270 275 316 317 324 382 390 0
274:270 399 400 0
275:270 273 309 371 0
276:277 278 0
277:276 279 280 281 282 0
278:276 328 357 405 0
279:277 0
280:277 0
281:277 367 0
282:277 0
283:284 285 0
284:283 285 359 380 0
285:283 284 387 392 404 0
286:287 288 0
287:286 293 361 406 0
288:286 348 417 0
289:290 0
290:289 291 296 0
291:290 292 293 294 295 0
292:291 303 319 320 321 322 0
293:287 291 317 361 375 380 0
294:291 295 0
295:291 294 361 418 0
296:290 315 401 0
297:298 0
298:297 299 0
299:298 300 301 302 303 0
300:299 301 302 303 362 0
301:299 300 324 384 0
302:299 300 0
303:292 299 300 322 0
304:266 305 306 307 308 0
305:266 304 0
306:304 308 310 395 0
307:304 308 0
308:304 306 307 0
309:266 275 312 0
310:266 306 0
311:266 0
312:309 4368 0
313:314 315 0
314:313 316 317 0
315:296 313 0
316:273 314 324 368 0
317:273 293 314 323 348 0
318:319 0
319:292 318 0
320:292 321 325 0
321:292 320 0
322:292 303 0
323:317 324 325 0
324:273 301 316 323 0
325:320 323 335 336 0
326:327 328 329 330 331 0
327:326 332 333 334 0
328:278 326 0
329:326 330 344 412 0
330:326 329 0
331:326 0
332:327 335 336 0
333:327 344 0
334:327 340 341 405 0
335:325 332 0
336:325 332 0
337:338 339 0
338:337 395 396 0
339:337 4344 4387 0
340:334 341 0
341:334 340 0
342:343 0
343:342 378 379 385 0
344:329 333 0
345:346 0
346:345 347 348 0
347:346 409 0
348:288 317 346 350 374 0
349:350 0
350:348 349 351 352 354 355 356 0
351:350 0
352:350 353 0
353:352 0
354:350 0
355:350 0
356:350 374 397 0
357:278 358 0
358:357 0
359:284 360 0
360:359 390 391 0
361:287 293 295 0
362:300 363 364 365 0
363:362 364 365 0
364:362 363 365 367 0
365:362 363 364 381 0
366:0
367:281 364 0
368:316 1235 1384 0
369:370 0
370:369 371 372 0
371:267 275 370 407 0
372:370 4396 4397 4401 4407 0
373:374 0
374:348 356 373 0
375:293 0
376:377 0
377:376 378 0
378:343 377 379 0
379:343 378 402 409 0
380:284 293 0
381:365 0
382:273 383 0
383:382 0
384:301 0
385:343 0
386:387 388 389 0
387:272 285 386 404 413 414 0
388:386 0
389:386 4406 0
390:273 360 392 0
391:360 398 0
392:285 390 0
393:267 394 0
394:393 1137 1143 1226 1319 1321 0
395:306 338 0
396:338 4347 4348 0
397:356 0
398:391 0
399:274 0
400:274 0
401:296 416 0
402:379 403 0
403:402 0
404:271 285 387 0
405:278 334 410 411 0
406:287 0
407:371 408 0
408:407 0
409:347 379 0
410:405 0
411:405 0
412:329 0
413:387 0
414:387 0
415:272 4402 0
416:401 0
417:288 0
418:295 0
419:420 421 422 423 424 425 0
420:419 426 427 428 0
421:419 431 500 0
422:2 419 0
423:419 424 500 0
424:419 423 481 0
425:419 477 0
426:3 420 428 447 0
427:420 428 445 457 496 497 0
428:420 426 427 0
429:2 0
430:2 0
431:2 421 0
432:2 2409 0
433:434 0
434:433 442 484 488 501 0
435:436 0
436:435 470 0
437:438 0
438:437 439 440 441 442 0
439:438 443 444 445 446 0
440:438 448 449 0
441:438 467 0
442:434 438 0
443:439 446 460 461 462 463 464 0
444:439 466 0
445:427 439 478 494 0
446:439 443 502 0
447:426 2271 2272 2282 0
448:440 501 510 0
449:440 466 468 0
450:3 471 490 0
451:3 885 2250 0
452:3 2391 2447 0
453:0
454:0
455:0
456:0
457:427 459 490 0
458:2255 2265 2294 0
459:457 2386 0
460:443 0
461:443 0
462:443 472 473 0
463:443 505 506 507 0
464:443 491 508 0
465:466 0
466:444 449 465 467 468 0
467:441 466 502 503 504 0
468:449 466 0
469:470 0
470:4 436 469 471 0
471:450 470 513 0
472:462 0
473:462 1474 1505 0
474:475 476 0
475:474 508 0
476:474 1556 0
477:425 478 479 480 481 482 483 0
478:445 477 0
479:477 0
480:477 499 0
481:424 477 499 0
482:477 488 495 0
483:477 487 495 0
484:434 485 486 487 488 0
485:484 0
486:484 494 0
487:483 484 0
488:434 482 484 0
489:490 0
490:450 457 489 0
491:464 492 493 0
492:491 1765 0
493:491 0
494:445 486 495 0
495:482 483 494 0
496:427 498 0
497:427 4011 0
498:496 1332 0
499:480 481 0
500:421 423 0
501:434 448 509 0
502:446 467 0
503:467 0
504:467 508 518 0
505:463 0
506:463 517 0
507:463 1561 1620 0
508:464 475 504 0
509:501 0
510:448 0
511:512 0
512:511 513 514 0
513:471 512 0
514:512 516 0
515:4 516 0
516:514 515 0
517:506 0
518:504 0
519:520 521 0
520:519 529 533 534 0
521:519 534 4164 0
522:51 523 0
523:522 4163 0
524:525 0
525:524 526 527 0
526:525 529 532 0
527:173 525 532 536 540 0
528:529 530 531 0
529:520 526 528 0
530:528 532 543 0
531:528 536 0
532:51 526 527 530 0
533:520 544 0
534:213 520 521 4159 4160 4161 0
535:536 537 538 539 0
536:527 531 535 537 542 543 0
537:535 536 0
538:535 542 0
539:173 535 0
540:527 541 0
541:199 540 679 0
542:536 538 0
543:530 536 0
544:533 0
545:546 547 0
546:545 1447 0
547:545 1437 0
548:2466 0
549:552 2574 2575 2626 2761 0
550:2989 2990 0
551:2970 2971 3116 3117 0
552:549 3141 0
553:3138 0
554:3139 0
555:3140 0
556:3219 0
557:558 0
558:557 559 560 561 0
559:558 569 0
560:204 558 611 624 638 0
561:558 0
562:563 0
563:562 564 565 566 567 0
564:563 0
565:563 602 603 0
566:563 631 0
567:563 634 635 636 0
568:569 570 0
569:559 568 570 612 628 630 0
570:568 569 584 588 589 0
571:572 573 574 0
572:571 575 619 620 621 622 623 0
573:571 575 615 625 626 627 0
574:571 577 622 0
575:572 573 576 0
576:575 577 623 0
577:574 576 0
578:579 580 581 0
579:578 622 623 0
580:578 0
581:578 0
582:583 0
583:582 622 623 633 0
584:570 585 586 587 588 589 0
585:584 0
586:584 0
587:584 588 589 0
588:570 584 587 0
589:570 584 587 621 0
590:0
591:592 0
592:591 594 0
593:594 0
594:592 593 595 596 598 0
595:594 0
596:594 597 0
597:596 2433 4033 0
598:594 2356 2411 0
599:108 204 600 601 0
600:599 905 909 0
601:599 0
602:565 604 0
603:565 605 0
604:602 605 609 0
605:603 604 610 0
606:607 608 0
607:606 0
608:606 4207 0
609:604 0
610:605 0
611:560 0
612:569 637 0
613:614 615 616 0
614:613 617 618 0
615:573 613 0
616:613 0
617:614 0
618:614 627 631 0
619:572 624 0
620:572 624 0
621:572 589 0
622:572 574 579 583 0
623:572 576 579 583 0
624:560 619 620 0
625:573 629 0
626:573 629 0
627:573 618 632 0
628:569 629 0
629:625 626 628 630 0
630:569 629 0
631:566 618 632 0
632:627 631 0
633:583 0
634:567 0
635:567 0
636:567 4107 4166 4193 0
637:612 0
638:195 560 944 2761 4175 4235 4236 0
639:640 641 642 643 0
640:639 694 698 702 725 0
641:639 0
642:639 0
643:639 0
644:645 646 647 0
645:644 660 661 662 663 0
646:644 0
647:644 662 742 0
648:649 0
649:648 650 651 0
650:649 676 683 684 685 686 0
651:649 700 702 705 0
652:653 654 0
653:652 759 0
654:652 707 740 764 780 781 0
655:656 0
656:655 765 788 790 791 0
657:658 659 0
658:657 661 667 0
659:657 708 0
660:645 0
661:645 658 664 665 666 0
662:645 647 706 707 0
663:645 747 748 0
664:661 718 753 0
665:661 715 753 0
666:661 735 762 763 0
667:658 706 708 709 710 0
668:669 0
669:668 670 671 672 673 674 0
670:669 714 715 0
671:669 715 720 721 722 0
672:669 721 0
673:669 740 766 0
674:669 0
675:0
676:650 677 678 679 0
677:676 0
678:676 0
679:541 676 699 753 757 775 0
680:681 682 0
681:680 0
682:680 724 725 0
683:650 0
684:650 0
685:650 698 723 0
686:650 0
687:0
688:0
689:0
690:0
691:0
692:0
693:694 0
694:640 693 695 696 697 0
695:694 698 699 0
696:694 0
697:694 704 774 0
698:640 685 695 743 755 756 757 0
699:679 695 760 0
700:651 0
701:702 0
702:640 651 701 703 704 0
703:702 0
704:697 702 758 0
705:651 756 792 793 0
706:662 667 0
707:654 662 0
708:659 667 0
709:667 732 733 0
710:667 764 0
711:712 0
712:711 713 0
713:712 718 727 739 740 741 0
714:670 0
715:665 670 671 727 730 0
716:717 0
717:716 718 719 0
718:664 713 717 741 752 0
719:717 781 799 0
720:671 0
721:671 672 729 754 0
722:671 740 0
723:685 0
724:682 0
725:640 682 777 0
726:727 0
727:713 715 726 728 729 730 0
728:727 731 0
729:721 727 772 773 0
730:715 727 789 0
731:728 0
732:709 0
733:709 745 749 0
734:735 736 737 738 0
735:666 734 737 0
736:734 782 784 0
737:734 735 748 786 0
738:734 778 796 0
739:713 0
740:654 673 713 722 741 746 0
741:713 718 740 770 0
742:647 0
743:698 0
744:745 0
745:733 744 746 0
746:740 745 771 0
747:663 0
748:663 737 761 0
749:733 0
750:751 0
751:750 0
752:718 0
753:664 665 679 775 795 0
754:721 0
755:698 0
756:698 705 785 0
757:679 698 800 0
758:704 0
759:653 0
760:699 0
761:748 0
762:666 0
763:666 0
764:654 710 0
765:656 0
766:673 0
767:0
768:0
769:0
770:741 0
771:746 0
772:729 0
773:729 797 0
774:697 0
775:679 753 776 0
776:775 0
777:725 0
778:738 779 0
779:778 0
780:654 0
781:654 719 798 0
782:736 783 0
783:782 0
784:736 0
785:756 0
786:737 0
787:788 0
788:656 787 0
789:730 0
790:656 0
791:656 0
792:705 0
793:705 0
794:0
795:753 3806 3825 3831 3833 3834 3835 0
796:738 0
797:773 0
798:781 0
799:719 0
800:757 0
801:802 803 804 0
802:801 805 806 807 808 0
803:801 826 827 0
804:801 808 818 845 0
805:802 806 824 825 826 0
806:802 805 807 828 829 0
807:802 806 835 836 838 839 0
808:802 804 810 896 0
809:810 0
810:808 809 812 820 821 822 0
811:812 813 814 815 0
812:810 811 816 817 818 819 0
813:811 814 817 844 0
814:811 813 844 846 847 0
815:811 847 866 0
816:812 0
817:812 813 845 0
818:804 812 865 0
819:812 866 877 888 0
820:810 0
821:810 885 0
822:810 871 888 1531 0
823:0
824:805 0
825:805 0
826:803 805 0
827:803 830 0
828:806 831 0
829:806 861 864 0
830:827 831 0
831:828 830 2362 2384 2457 0
832:833 834 0
833:832 848 849 0
834:832 839 871 0
835:807 0
836:807 837 0
837:836 839 0
838:807 840 841 842 843 0
839:807 834 837 0
840:838 894 0
841:838 895 0
842:838 855 0
843:838 855 0
844:813 814 845 0
845:804 817 844 0
846:814 0
847:814 815 872 0
848:833 862 863 0
849:833 898 0
850:851 0
851:850 0
852:853 0
853:852 855 857 860 861 0
854:855 0
855:842 843 853 854 856 0
856:855 0
857:853 858 859 0
858:857 861 0
859:857 0
860:853 0
861:829 853 858 0
862:848 0
863:848 897 0
864:829 4690 4835 0
865:818 873 0
866:815 819 880 881 0
867:0
868:882 0
869:870 0
870:869 4839 4841 0
871:822 834 883 884 0
872:847 0
873:865 874 0
874:873 2407 0
875:876 0
876:875 877 878 879 0
877:819 876 0
878:876 891 892 893 0
879:876 1401 0
880:866 0
881:866 890 0
882:868 0
883:871 0
884:871 888 1225 1518 1568 1569 0
885:451 821 0
886:889 0
887:0
888:819 822 884 0
889:886 0
890:881 891 0
891:878 890 893 0
892:878 0
893:878 891 1330 1331 0
894:840 1531 0
895:841 1531 0
896:808 0
897:863 898 0
898:849 897 899 0
899:898 4842 0
900:901 902 0
901:900 903 904 0
902:900 949 0
903:901 910 911 0
904:901 913 4413 4414 0
905:600 906 907 908 0
906:905 908 919 0
907:905 981 0
908:905 906 0
909:600 935 936 937 0
910:903 927 0
911:903 932 0
912:913 0
913:904 912 0
914:951 965 977 0
915:0
916:0
917:918 985 0
918:917 934 989 992 0
919:906 0
920:0
921:0
922:0
923:0
924:0
925:0
926:0
927:910 928 929 930 931 0
928:927 945 0
929:927 0
930:927 981 989 990 0
931:927 982 0
932:911 933 934 0
933:932 934 993 0
934:918 932 933 0
935:909 938 972 0
936:909 981 986 0
937:909 987 0
938:935 939 0
939:938 940 0
940:939 941 0
941:940 2356 0
942:943 0
943:942 944 0
944:195 638 943 4247 4248 0
945:928 946 947 948 0
946:945 0
947:945 0
948:945 0
949:902 972 0
950:958 959 0
951:914 975 0
952:0
953:956 0
954:983 0
955:980 992 0
956:953 972 0
957:996 997 0
958:950 960 961 962 963 964 0
959:950 0
960:958 0
961:958 0
962:958 0
963:958 0
964:958 0
965:914 966 967 968 0
966:965 0
967:965 0
968:965 0
969:970 0
970:969 0
971:0
972:935 949 956 973 974 0
973:972 988 0
974:972 978 986 987 994 995 0
975:951 976 982 983 0
976:975 983 984 0
977:914 0
978:974 979 980 0
979:978 983 994 0
980:955 978 991 0
981:907 930 936 986 0
982:931 975 991 0
983:954 975 976 979 0
984:976 1002 1003 0
985:917 988 0
986:936 974 981 987 990 993 0
987:937 974 986 993 995 0
988:973 985 993 0
989:918 930 0
990:930 986 0
991:980 982 992 993 0
992:918 955 991 0
993:933 986 987 988 991 0
994:974 979 0
995:974 987 0
996:957 998 999 0
997:957 1000 1001 0
998:996 0
999:996 0
1000:997 0
1001:997 0
1002:984 1004 1005 0
1003:984 1006 1007 0
1004:1002 0
1005:1002 0
1006:1003 0
1007:1003 0
1008:1009 1010 0
1009:1008 1015 0
1010:1008 0
1011:1012 1013 1014 0
1012:1011 1014 0
1013:1011 1015 0
1014:1011 1012 1037 1078 0
1015:1009 1013 1028 1029 0
1016:1017 1018 1019 0
1017:1016 0
1018:1016 1063 0
1019:1016 1057 1060 1062 1096 0
1020:1021 1022 1023 1024 0
1021:1020 1025 1026 1027 0
1022:1020 1065 1066 0
1023:191 1020 0
1024:1020 1095 0
1025:1021 1066 1110 0
1026:138 1021 0
1027:1021 0
1028:1015 1030 1031 0
1029:1015 1100 1102 0
1030:1028 1040 0
1031:1028 1038 1067 0
1032:1033 1034 1035 0
1033:1032 1035 1036 1037 0
1034:1032 1105 0
1035:1032 1033 1037 1106 0
1036:1033 1038 1039 0
1037:1014 1033 1035 0
1038:247 1031 1036 1080 1081 0
1039:140 1036 0
1040:1030 0
1041:1042 1043 1044 1045 1046 0
1042:1041 1047 1048 1049 0
1043:1041 1047 1050 1051 0
1044:1041 1076 0
1045:1041 1089 1090 0
1046:1041 1088 0
1047:1042 1043 1052 1053 1054 0
1048:1042 1068 0
1049:1042 0
1050:1043 1052 1082 0
1051:1043 1088 1101 1126 0
1052:1047 1050 1083 0
1053:1047 0
1054:1047 0
1055:1056 1057 1058 1059 1060 0
1056:140 1055 1061 1062 0
1057:1019 1055 1087 0
1058:1055 1085 1116 0
1059:1055 1085 1116 0
1060:1019 1055 1127 0
1061:1056 1064 0
1062:1019 1056 1074 0
1063:1018 1071 1078 1084 0
1064:1061 0
1065:1022 0
1066:1022 1025 1093 0
1067:1031 1068 1069 0
1068:1048 1067 1069 1090 0
1069:1067 1068 1126 0
1070:1071 1072 0
1071:1063 1070 1077 1078 0
1072:161 1070 1099 0
1073:1074 1075 0
1074:1062 1073 1087 0
1075:1073 1097 0
1076:1044 0
1077:247 1071 0
1078:1014 1063 1071 1106 1115 0
1079:1080 0
1080:1038 1079 1081 0
1081:247 1038 1080 0
1082:1050 1103 0
1083:1052 0
1084:1063 0
1085:1058 1059 1086 0
1086:1085 1112 1114 1124 0
1087:1057 1074 0
1088:1046 1051 0
1089:1045 1090 0
1090:1045 1068 1089 1101 0
1091:138 1092 0
1092:1091 4797 0
1093:191 1066 1094 0
1094:1093 0
1095:1024 0
1096:1019 1097 1098 0
1097:1075 1096 1098 0
1098:1096 1097 1127 0
1099:1072 0
1100:1029 0
1101:1051 1090 0
1102:1029 0
1103:1082 1104 0
1104:1103 0
1105:1034 0
1106:1035 1078 0
1107:0
1108:0
1109:0
1110:1025 0
1111:1112 1113 0
1112:1086 1111 1114 0
1113:1111 1114 1116 0
1114:1086 1112 1113 1116 0
1115:1078 0
1116:1058 1059 1113 1114 0
1117:0
1118:0
1119:1125 0
1120:0
1121:0
1122:0
1123:139 0
1124:140 1086 0
1125:1119 4808 4826 0
1126:1051 1069 0
1127:1060 1098 1128 0
1128:1127 0
1129:1130 1131 1132 1133 1134 0
1130:1129 1135 0
1131:1129 1135 0
1132:1129 1848 1849 0
1133:1129 1967 0
1134:1129 1848 0
1135:1130 1131 1723 0
1136:1137 1138 1139 1140 1141 0
1137:394 1136 0
1138:1136 1323 1414 0
1139:1136 1583 0
1140:1136 1976 0
1141:1136 1979 0
1142:1143 0
1143:394 1142 1227 0
1144:1145 1146 1147 0
1145:1144 1718 0
1146:1144 2123 0
1147:1144 1766 0
1148:1149 1150 1151 0
1149:1148 0
1150:1148 1760 1761 0
1151:1148 1305 1956 0
1152:1153 1154 1155 1156 1157 1158 1159 0
1153:1152 1160 1161 0
1154:1152 1155 0
1155:1152 1154 1190 0
1156:1152 1360 1608 1629 0
1157:1152 1577 0
1158:1152 1576 0
1159:1152 1892 1893 0
1160:1153 1575 1580 0
1161:1153 1435 1711 1722 1723 1724 1725 0
1162:1163 1164 1165 0
1163:1162 1857 0
1164:1162 1966 0
1165:1162 1634 0
1166:1167 1168 1169 1170 1171 1172 0
1167:1166 1173 1174 0
1168:1166 1173 1454 1465 1466 0
1169:1166 1495 1496 0
1170:1166 1598 1599 1600 0
1171:1166 1516 1647 0
1172:1166 1338 0
1173:1167 1168 1343 0
1174:1167 1182 1288 1328 1580 1598 1646 0
1175:1176 1177 0
1176:1175 1178 0
1177:1175 1353 1409 1413 0
1178:1176 1179 1180 0
1179:1178 1506 0
1180:1178 1409 0
1181:0
1182:1174 1183 1184 1185 1186 0
1183:1182 0
1184:1182 1185 1288 1289 1383 1553 0
1185:1182 1184 1619 1631 1632 0
1186:1182 1288 1296 1328 1668 0
1187:1188 0
1188:1187 1843 0
1189:1190 1191 1192 0
1190:1155 1189 0
1191:1189 1886 0
1192:1189 1339 0
1193:1194 1195 1196 0
1194:1193 1749 1829 0
1195:1193 1895 0
1196:1193 0
1197:1198 1199 1200 0
1198:1197 0
1199:1197 1215 1216 1232 1236 1779 0
1200:1197 0
1201:0
1202:1203 1204 1205 1206 1207 1208 0
1203:1202 1209 1210 0
1204:1202 1209 1211 1212 1213 0
1205:1202 1223 0
1206:1202 1213 1717 1718 0
1207:1202 1517 0
1208:1202 1460 1488 1532 1560 1810 0
1209:1203 1204 1214 0
1210:1203 1241 1244 1245 0
1211:1204 1517 0
1212:1204 1520 0
1213:1204 1206 0
1214:1209 1335 1718 0
1215:1199 1216 1217 0
1216:1199 1215 1642 1643 1644 1645 0
1217:1215 1269 0
1218:1220 1290 0
1219:1426 1427 1428 0
1220:1218 1823 0
1221:1980 0
1222:2006 0
1223:1205 2194 0
1224:1229 0
1225:884 1245 1335 1559 1698 1699 0
1226:394 1766 0
1227:1143 0
1228:1520 0
1229:1224 1482 1531 1568 0
1230:1231 1232 1233 1234 0
1231:1230 1235 1236 0
1232:1199 1230 1237 1238 1239 1240 0
1233:1230 1234 1237 2215 0
1234:1230 1233 0
1235:368 1231 1448 1449 0
1236:1199 1231 1318 1642 1696 0
1237:1232 1233 1240 1449 0
1238:1232 2206 2207 0
1239:1232 2215 0
1240:1232 1237 2225 2226 0
1241:1210 1242 1243 0
1242:1241 1607 0
1243:1241 1732 0
1244:1210 1561 1690 0
1245:1210 1225 1730 0
1246:0
1247:1467 0
1248:1715 0
1249:1672 2043 0
1250:1529 2077 0
1251:1844 0
1252:1990 0
1253:1254 1255 1256 1257 1258 0
1254:1253 1259 1260 0
1255:1253 1259 1592 1593 1594 0
1256:1253 1799 0
1257:1253 1500 0
1258:1253 0
1259:1254 1255 1595 0
1260:1254 1394 0
1261:1262 1263 1264 1265 1266 0
1262:1261 1267 1268 0
1263:1261 1337 1530 0
1264:1261 1284 1685 0
1265:1261 1552 1650 1728 1764 0
1266:1261 1898 1899 0
1267:1262 1371 1372 0
1268:1262 1457 1495 1646 1776 1777 1778 0
1269:1217 1270 1271 1272 1273 0
1270:1269 2083 0
1271:1269 1423 0
1272:1269 2199 0
1273:1269 2175 0
1274:1275 1276 1277 1278 0
1275:1274 1375 1376 0
1276:1274 0
1277:1274 1986 0
1278:1274 1814 0
1279:1287 1288 1289 0
1280:1287 1358 1359 0
1281:0
1282:1557 0
1283:1650 1651 0
1284:1264 1349 1661 1662 1663 1664 0
1285:1541 0
1286:1310 0
1287:1279 1280 0
1288:1174 1184 1186 1279 1329 1574 0
1289:1184 1279 1580 1661 1714 0
1290:1218 0
1291:1292 1293 1294 0
1292:1291 1499 1500 1501 0
1293:1291 1707 1802 1804 0
1294:1291 1713 1722 0
1295:1296 0
1296:1186 1295 0
1297:1298 1299 0
1298:1297 1906 0
1299:1297 1907 0
1300:1301 0
1301:1300 1308 1309 1310 1311 0
1302:1303 1304 0
1303:1302 2140 0
1304:1302 2166 0
1305:1151 1306 1307 0
1306:1305 1850 0
1307:1305 1935 0
1308:1301 1782 0
1309:1301 1783 0
1310:1286 1301 1550 1617 1714 0
1311:1301 1675 0
1312:1313 1314 1315 1316 1317 1318 0
1313:1312 1462 1463 0
1314:1312 1422 1688 0
1315:1312 1463 1689 1696 1794 1795 0
1316:1312 1596 1688 1796 0
1317:1312 1913 1914 1915 1916 1917 1918 0
1318:1236 1312 0
1319:394 1320 0
1320:1319 1322 0
1321:394 4408 4409 0
1322:1320 1323 0
1323:1138 1322 0
1324:1325 0
1325:1324 1326 1327 0
1326:1325 1416 1420 0
1327:1325 1387 1591 0
1328:1174 1186 1329 0
1329:1288 1328 1341 1342 1551 1552 0
1330:893 1731 0
1331:893 1730 0
1332:498 1342 1551 0
1333:1334 1335 0
1334:1333 1336 0
1335:1214 1225 1333 0
1336:1334 2145 0
1337:1263 1338 0
1338:1172 1337 0
1339:1192 1340 0
1340:1339 1819 0
1341:1329 1342 1343 1344 0
1342:1329 1332 1341 1591 1635 0
1343:1173 1341 1544 0
1344:1341 2566 2732 0
1345:1346 1347 1348 0
1346:1345 1356 1357 0
1347:1345 1817 0
1348:1345 1949 1950 1951 0
1349:1284 1350 1351 0
1350:1349 1547 1548 1549 1550 0
1351:1349 1548 1958 1959 0
1352:1353 1354 1355 0
1353:1177 1352 1413 1469 1755 1756 1758 0
1354:1352 1440 1442 0
1355:1352 0
1356:1346 1577 1662 1726 1780 1781 0
1357:1346 0
1358:1280 0
1359:1280 0
1360:1156 0
1361:1362 1653 0
1362:1361 1439 1694 0
1363:1653 1785 0
1364:1440 0
1365:1971 0
1366:1969 1970 0
1367:1368 0
1368:1367 1369 1370 0
1369:1368 1604 1808 1809 0
1370:1368 1756 0
1371:1267 1770 0
1372:1267 1867 1928 1972 1973 0
1373:1374 0
1374:1373 1519 0
1375:1275 1814 1815 1816 0
1376:1275 2084 0
1377:1378 0
1378:1377 1379 1383 1384 1385 0
1379:1378 1380 1381 1382 0
1380:1379 1489 0
1381:1379 1794 0
1382:1379 1795 0
1383:1184 1378 1433 0
1384:368 1378 1641 1686 0
1385:1378 1433 1469 0
1386:1387 1388 0
1387:1327 1386 1389 0
1388:1386 2022 0
1389:1387 1601 1603 0
1390:1391 1392 0
1391:1390 1680 0
1392:1390 1807 0
1393:1394 1395 0
1394:1260 1393 0
1395:1393 1440 1441 1747 1813 0
1396:1397 1398 0
1397:1396 1650 0
1398:1396 1556 0
1399:1400 1401 1402 0
1400:1399 1403 1404 1405 0
1401:879 1399 0
1402:1399 2184 0
1403:1400 1405 1415 0
1404:1400 1518 0
1405:1400 1403 1570 0
1406:1407 1408 0
1407:1406 1832 0
1408:1406 1666 2106 0
1409:1177 1180 1410 1411 1412 0
1410:1409 1554 1657 1658 0
1411:1409 1604 0
1412:1409 1502 0
1413:1177 1353 0
1414:1138 1992 0
1415:1403 1558 0
1416:1326 1417 1418 1419 0
1417:1416 1546 0
1418:1416 1446 0
1419:1416 0
1420:1326 1544 1624 1627 0
1421:1422 1423 1424 1425 0
1422:1314 1421 1424 1592 1593 0
1423:1271 1421 0
1424:1421 1422 0
1425:1421 1593 0
1426:1219 2085 0
1427:1219 1491 0
1428:1219 2005 0
1429:0
1430:1676 1754 0
1431:1774 0
1432:1712 0
1433:1383 1385 1435 1553 0
1434:1435 0
1435:1161 1433 1434 1436 1641 1747 0
1436:1435 0
1437:547 1447 0
1438:1439 0
1439:1362 1438 2233 0
1440:1354 1364 1395 1441 1442 1443 0
1441:1395 1440 1800 1801 1802 0
1442:1354 1440 0
1443:1440 1801 2003 2004 0
1444:1445 1446 0
1445:1444 1456 0
1446:1418 1444 0
1447:546 1437 1497 1637 1639 0
1448:1235 0
1449:1235 1237 0
1450:1451 1452 0
1451:1450 1701 0
1452:1450 1803 0
1453:1454 1455 0
1454:1168 1453 1464 0
1455:1453 1625 0
1456:1445 2532 2533 2534 2535 0
1457:1268 0
1458:1459 1460 1461 0
1459:1458 1520 0
1460:1208 1458 0
1461:1458 1976 0
1462:1313 0
1463:1313 1315 1535 0
1464:1454 0
1465:1168 1533 0
1466:1168 1512 0
1467:1247 1565 1843 1844 1845 1846 0
1468:1469 1470 0
1469:1353 1385 1468 1471 0
1470:1468 1554 0
1471:1469 1837 1838 0
1472:1473 1474 0
1473:1472 1477 1561 0
1474:473 1472 1832 1833 0
1475:1476 1477 1478 0
1476:1475 1479 0
1477:1473 1475 1487 1622 1623 0
1478:1475 1830 0
1479:1476 2023 0
1480:1481 1482 0
1481:1480 1483 0
1482:1229 1480 1484 0
1483:1481 1621 1690 0
1484:1482 1561 1562 0
1485:1486 1487 1488 0
1486:1485 1615 0
1487:1477 1485 1691 0
1488:1208 1485 0
1489:1380 1490 1491 1492 1493 1494 0
1490:1489 1703 1704 1705 0
1491:1427 1489 0
1492:1489 0
1493:1489 0
1494:1489 2047 0
1495:1169 1268 1496 0
1496:1169 1495 2128 0
1497:1447 1498 0
1498:1497 1923 0
1499:1292 0
1500:1257 1292 0
1501:1292 0
1502:1412 1503 0
1503:1502 1504 0
1504:1503 1672 1695 0
1505:473 0
1506:1179 1674 1740 0
1507:1508 1509 1510 1511 0
1508:1507 1555 0
1509:1507 1737 0
1510:1507 1586 0
1511:1507 2018 2040 2053 2054 0
1512:1466 1513 1514 1515 1516 0
1513:1512 1759 0
1514:1512 1887 1889 1997 2055 0
1515:1512 1995 0
1516:1171 1512 0
1517:1207 1211 1560 0
1518:884 1404 0
1519:1374 1532 0
1520:1212 1228 1459 1532 1739 0
1521:0
1522:0
1523:1572 1767 0
1524:1830 0
1525:2002 0
1526:2051 0
1527:0
1528:1573 0
1529:1250 0
1530:1263 2009 2072 2073 0
1531:822 894 895 1229 0
1532:1208 1519 1520 0
1533:1465 1534 0
1534:1533 1542 1544 1545 0
1535:1463 0
1536:1537 1538 1539 1540 0
1537:1536 1541 0
1538:1536 1673 0
1539:1536 1721 0
1540:1536 1894 0
1541:1285 1537 0
1542:1534 1543 0
1543:1542 1624 1628 0
1544:1343 1420 1534 1545 0
1545:1534 1544 0
1546:1417 1626 0
1547:1350 1616 1617 0
1548:1350 1351 2086 2087 0
1549:1350 2088 2089 0
1550:1310 1350 1871 0
1551:1329 1332 1729 0
1552:1265 1329 0
1553:1184 1433 0
1554:1410 1470 0
1555:1508 1737 0
1556:476 1398 0
1557:1282 1567 0
1558:1415 1559 0
1559:1225 1558 1611 1612 1614 0
1560:1208 1517 1739 0
1561:507 1244 1473 1484 0
1562:1484 1619 1630 0
1563:1564 1565 1566 0
1564:1563 1894 0
1565:1467 1563 0
1566:1563 1748 0
1567:1557 2112 0
1568:884 1229 0
1569:884 1699 0
1570:1405 0
1571:1572 0
1572:1523 1571 0
1573:1528 0
1574:1288 0
1575:1160 1576 1577 1578 1579 0
1576:1158 1575 1752 0
1577:1157 1356 1575 1805 1806 0
1578:1575 1949 2058 2064 2119 2120 0
1579:1575 2234 0
1580:1160 1174 1289 1726 0
1581:1582 0
1582:1581 1583 0
1583:1139 1582 0
1584:1585 1586 1587 1588 1589 1590 0
1585:1584 0
1586:1510 1584 0
1587:1584 1890 0
1588:1584 1590 1921 0
1589:1584 1977 0
1590:1584 1588 1977 2164 0
1591:1327 1342 1633 1634 0
1592:1255 1422 1596 1597 0
1593:1255 1422 1425 1594 0
1594:1255 1593 1797 1798 1799 0
1595:1259 2239 0
1596:1316 1592 0
1597:1592 0
1598:1170 1174 0
1599:1170 1821 1840 1841 0
1600:1170 1897 2020 2061 2125 0
1601:1389 1602 0
1602:1601 1929 0
1603:1389 1650 1729 0
1604:1369 1411 1605 1606 0
1605:1604 1741 1842 0
1606:1604 0
1607:1242 1828 0
1608:1156 1609 1610 0
1609:1608 1812 0
1610:1608 1629 1954 0
1611:1559 0
1612:1559 1613 0
1613:1612 2129 0
1614:1559 2145 0
1615:1486 1751 0
1616:1547 2045 0
1617:1310 1547 1871 0
1618:1619 0
1619:1185 1562 1618 0
1620:507 1621 1622 1623 0
1621:1483 1620 0
1622:1477 1620 1742 0
1623:1477 1620 0
1624:1420 1543 1625 1626 1627 1628 0
1625:1455 1624 0
1626:1546 1624 1628 0
1627:1420 1624 0
1628:1543 1624 1626 0
1629:1156 1610 1946 2028 0
1630:1562 0
1631:1185 0
1632:1185 1668 1768 0
1633:1591 2131 0
1634:1165 1591 2201 0
1635:1342 2873 2874 0
1636:1641 0
1637:1447 1649 0
1638:1758 0
1639:1447 0
1640:2235 0
1641:1384 1435 1636 0
1642:1216 1236 0
1643:1216 0
1644:1216 1645 1779 0
1645:1216 1644 2229 2230 0
1646:1174 1268 0
1647:1171 1648 0
1648:1647 2037 2039 0
1649:1637 1924 2134 0
1650:1265 1283 1397 1603 0
1651:1283 1881 0
1652:1653 0
1653:1361 1363 1652 0
1654:1655 1656 0
1655:1654 1741 1774 0
1656:1654 1754 0
1657:1410 1658 1659 1660 0
1658:1410 1657 1753 0
1659:1657 1756 1757 0
1660:1657 1757 2083 0
1661:1284 1289 0
1662:1284 1356 1726 0
1663:1284 1936 1958 2056 0
1664:1284 1936 2057 2086 0
1665:1666 1667 0
1666:1408 1665 0
1667:1665 1895 0
1668:1186 1632 0
1669:0
1670:1778 0
1671:1762 0
1672:1249 1504 1673 1674 0
1673:1538 1672 0
1674:1506 1672 0
1675:1311 1719 0
1676:1430 1740 0
1677:1746 0
1678:1733 1824 0
1679:1745 1826 0
1680:1391 0
1681:1682 0
1682:1681 1683 1684 0
1683:1682 1979 0
1684:1682 1980 0
1685:1264 1939 2138 0
1686:1384 1687 1688 0
1687:1686 1689 0
1688:1314 1316 1686 0
1689:1315 1687 0
1690:1244 1483 1691 1692 1693 0
1691:1487 1690 0
1692:1690 1828 0
1693:1690 0
1694:1362 0
1695:1504 1824 0
1696:1236 1315 1697 0
1697:1696 2141 2142 2143 0
1698:1225 0
1699:1225 1569 0
1700:2042 0
1701:1451 1702 0
1702:1701 1809 0
1703:1490 2085 0
1704:1490 1922 0
1705:1490 2196 0
1706:1707 1708 1709 1710 0
1707:1293 1706 1713 0
1708:1706 1710 0
1709:1706 1849 2049 0
1710:1706 1708 1890 2018 0
1711:1161 0
1712:1432 0
1713:1294 1707 0
1714:1289 1310 0
1715:1248 1716 0
1716:1715 1741 1835 1836 0
1717:1206 1738 0
1718:1145 1206 1214 1730 1738 0
1719:1675 1720 1721 0
1720:1719 2159 0
1721:1539 1719 0
1722:1161 1294 0
1723:1135 1161 0
1724:1161 0
1725:1161 0
1726:1356 1580 1662 0
1727:1728 0
1728:1265 1727 0
1729:1551 1603 1735 0
1730:1245 1331 1718 1731 1732 0
1731:1330 1730 0
1732:1243 1730 0
1733:1678 1734 0
1734:1733 2147 2155 0
1735:1729 1736 0
1736:1735 1743 0
1737:1509 1555 2156 0
1738:1717 1718 0
1739:1520 1560 0
1740:1506 1676 1741 0
1741:1605 1655 1716 1740 1775 0
1742:1622 0
1743:1736 1744 0
1744:1743 0
1745:1679 0
1746:1677 0
1747:1395 1435 0
1748:1566 1749 1750 0
1749:1194 1748 0
1750:1748 2183 0
1751:1615 1803 0
1752:1576 1866 2090 0
1753:1658 0
1754:1430 1656 0
1755:1353 0
1756:1353 1370 1659 1757 0
1757:1659 1660 1756 0
1758:1353 1638 0
1759:1513 1926 2074 0
1760:1150 1782 1783 1784 0
1761:1150 2136 0
1762:1671 0
1763:2120 0
1764:1265 0
1765:492 2106 0
1766:1147 1226 0
1767:1523 1768 1769 0
1768:1632 1767 0
1769:1767 0
1770:1371 1853 1860 1920 1928 2165 0
1771:1772 1773 0
1772:1771 2123 0
1773:1771 2145 0
1774:1431 1655 0
1775:1741 0
1776:1268 1821 0
1777:1268 1852 0
1778:1268 1670 0
1779:1199 1644 0
1780:1356 1944 2026 0
1781:1356 1938 2026 2197 0
1782:1308 1760 0
1783:1309 1760 0
1784:1760 1934 1935 0
1785:1363 2139 0
1786:2208 0
1787:2205 0
1788:2198 0
1789:2142 0
1790:2199 0
1791:2208 0
1792:2214 0
1793:2213 0
1794:1315 1381 0
1795:1315 1382 0
1796:1316 2174 2175 2176 2177 2178 2179 0
1797:1594 0
1798:1594 0
1799:1256 1594 0
1800:1441 2103 0
1801:1441 1443 1964 2016 0
1802:1293 1441 0
1803:1452 1751 0
1804:1293 0
1805:1577 2151 2221 0
1806:1577 2150 2171 0
1807:1392 2154 0
1808:1369 0
1809:1369 1702 0
1810:1208 0
1811:1812 0
1812:1609 1811 0
1813:1395 1964 2003 2153 2219 0
1814:1278 1375 0
1815:1375 1850 2110 2111 0
1816:1375 0
1817:1347 1818 1819 1820 0
1818:1817 1891 0
1819:1340 1817 0
1820:1817 2065 0
1821:1599 1776 1822 0
1822:1821 0
1823:1220 2186 2192 0
1824:1678 1695 2146 2147 2170 2191 0
1825:0
1826:1679 0
1827:2238 0
1828:1607 1692 0
1829:1194 0
1830:1478 1524 1831 0
1831:1830 1833 2070 2181 0
1832:1407 1474 1834 0
1833:1474 1831 2024 2135 2152 0
1834:1832 0
1835:1716 0
1836:1716 2162 0
1837:1471 0
1838:1471 1839 0
1839:1838 1922 0
1840:1599 2161 0
1841:1599 2063 2132 2188 0
1842:1605 2162 0
1843:1188 1467 0
1844:1251 1467 0
1845:1467 2062 0
1846:1467 2183 0
1847:0
1848:1132 1134 2000 2001 0
1849:1132 1709 0
1850:1306 1815 0
1851:1852 1853 0
1852:1777 1851 1859 1860 1861 1862 1863 0
1853:1770 1851 0
1854:1855 1856 0
1855:1854 1897 1902 0
1856:1854 2015 0
1857:1163 1858 0
1858:1857 0
1859:1852 0
1860:1770 1852 0
1861:1852 2008 0
1862:1852 2092 0
1863:1852 2072 0
1864:1865 1866 0
1865:1864 2011 2093 2122 0
1866:1752 1864 0
1867:1372 1868 0
1868:1867 0
1869:1870 1871 0
1870:1869 1983 0
1871:1550 1617 1869 2012 0
1872:1933 2013 2014 2015 0
1873:1897 2034 0
1874:0
1875:1896 0
1876:2033 2114 0
1877:2032 0
1878:0
1879:2216 0
1880:1881 1882 0
1881:1651 1880 0
1882:1880 1987 0
1883:1884 1885 0
1884:1883 2076 0
1885:1883 2016 0
1886:1191 1960 0
1887:1514 1888 1889 0
1888:1887 2075 0
1889:1514 1887 0
1890:1587 1710 0
1891:1818 1919 0
1892:1159 0
1893:1159 0
1894:1540 1564 0
1895:1195 1667 0
1896:1875 1897 0
1897:1600 1855 1873 1896 2031 2052 0
1898:1266 1900 1901 0
1899:1266 2165 0
1900:1898 1939 1972 0
1901:1898 1972 0
1902:1855 2173 0
1903:1904 1905 0
1904:1903 1952 0
1905:1903 2189 2190 0
1906:1298 0
1907:1299 1908 0
1908:1907 0
1909:1910 1911 1912 0
1910:1909 1911 2056 0
1911:1909 1910 0
1912:1909 2108 0
1913:1317 1918 1923 0
1914:1317 1916 1917 0
1915:1317 1916 0
1916:1317 1914 1915 1918 0
1917:1317 1914 1923 0
1918:1317 1913 1916 0
1919:1891 1920 0
1920:1770 1919 2027 0
1921:1588 1977 2054 0
1922:1704 1839 0
1923:1498 1913 1917 1924 0
1924:1649 1923 2134 0
1925:1926 1927 0
1926:1759 1925 2082 0
1927:1925 2082 0
1928:1372 1770 0
1929:1602 1930 0
1930:1929 0
1931:1932 1933 0
1932:1931 2117 0
1933:1872 1931 2158 2189 0
1934:1784 0
1935:1307 1784 0
1936:1663 1664 1937 1938 0
1937:1936 1939 1940 0
1938:1781 1936 1944 0
1939:1685 1900 1937 0
1940:1937 2185 0
1941:1942 1943 1944 0
1942:1941 2094 2172 0
1943:1941 2090 2221 0
1944:1780 1938 1941 2172 2197 0
1945:1946 1947 1948 0
1946:1629 1945 0
1947:1945 1953 0
1948:1945 1984 0
1949:1348 1578 1998 0
1950:1348 1951 2025 0
1951:1348 1950 0
1952:1904 0
1953:1947 1954 0
1954:1610 1953 0
1955:1956 1957 0
1956:1151 1955 0
1957:1955 0
1958:1351 1663 0
1959:1351 2086 0
1960:1886 1961 1962 0
1961:1960 1963 0
1962:1960 1978 0
1963:1961 2109 2130 0
1964:1801 1813 1965 0
1965:1964 2003 2016 0
1966:1164 2022 0
1967:1133 1968 0
1968:1967 2049 0
1969:1366 1970 0
1970:1366 1969 0
1971:1365 2109 0
1972:1372 1900 1901 1974 1975 0
1973:1372 2058 0
1974:1972 1999 2025 2027 0
1975:1972 2193 0
1976:1140 1461 0
1977:1589 1590 1921 0
1978:1962 2028 0
1979:1141 1683 0
1980:1221 1684 0
1981:1982 1983 1984 0
1982:1981 2122 0
1983:1870 1981 0
1984:1948 1981 2120 0
1985:1986 1987 0
1986:1277 1985 0
1987:1882 1985 2066 0
1988:1989 1990 0
1989:1988 1991 2096 0
1990:1252 1988 0
1991:1989 0
1992:1414 1993 0
1993:1992 0
1994:1995 1996 0
1995:1515 1994 0
1996:1994 1997 0
1997:1514 1996 0
1998:1949 1999 0
1999:1974 1998 2149 0
2000:1848 0
2001:1848 2109 0
2002:1525 0
2003:1443 1813 1965 0
2004:1443 0
2005:1428 2006 0
2006:1222 2005 0
2007:2008 2009 0
2008:1861 2007 2068 2069 2128 0
2009:1530 2007 0
2010:2011 2012 0
2011:1865 2010 0
2012:1871 2010 0
2013:1872 2099 2102 0
2014:1872 2035 0
2015:1856 1872 2030 0
2016:1801 1885 1965 0
2017:2018 0
2018:1511 1710 2017 2019 2040 0
2019:2018 0
2020:1600 2021 0
2021:2020 2117 0
2022:1388 1966 0
2023:1479 2024 0
2024:1833 2023 2135 0
2025:1950 1974 2026 0
2026:1780 1781 2025 0
2027:1920 1974 0
2028:1629 1978 2081 0
2029:2030 2031 0
2030:2015 2029 0
2031:1897 2029 0
2032:1877 2033 0
2033:1876 2032 0
2034:1873 2035 0
2035:2014 2034 2107 0
2036:2037 2038 0
2037:1648 2036 0
2038:2036 0
2039:1648 0
2040:1511 2018 0
2041:2042 0
2042:1700 2041 0
2043:1249 2044 0
2044:2043 2160 0
2045:1616 2046 0
2046:2045 2093 2094 2095 0
2047:1494 2048 0
2048:2047 0
2049:1709 1968 0
2050:2051 0
2051:1526 2050 0
2052:1897 2118 0
2053:1511 0
2054:1511 1921 0
2055:1514 2078 0
2056:1663 1910 2057 0
2057:1664 2056 0
2058:1578 1973 2148 0
2059:2060 2061 0
2060:2059 2133 0
2061:1600 2059 0
2062:1845 0
2063:1841 0
2064:1578 2065 0
2065:1820 2064 0
2066:1987 2121 0
2067:2068 2069 0
2068:2008 2067 0
2069:2008 2067 0
2070:1831 2071 0
2071:2070 2137 0
2072:1530 1863 0
2073:1530 0
2074:1759 2075 0
2075:1888 2074 0
2076:1884 2103 0
2077:1250 2144 0
2078:2055 2097 0
2079:2080 2081 0
2080:2079 2091 2180 0
2081:2028 2079 0
2082:1926 1927 0
2083:1270 1660 0
2084:1376 0
2085:1426 1703 0
2086:1548 1664 1959 2171 2172 0
2087:1548 2088 2163 0
2088:1549 2087 2108 0
2089:1549 2095 2163 0
2090:1752 1943 2091 0
2091:2080 2090 0
2092:1862 2118 0
2093:1865 2046 0
2094:1942 2046 0
2095:2046 2089 0
2096:1989 0
2097:2078 2124 0
2098:2099 2100 2101 0
2099:2013 2098 0
2100:2098 2101 2126 2127 0
2101:2098 2100 2195 0
2102:2013 2224 2227 0
2103:1800 2076 2104 2105 0
2104:2103 0
2105:2103 2232 0
2106:1408 1765 2152 0
2107:2035 2115 0
2108:1912 2088 0
2109:1963 1971 2001 0
2110:1815 2111 0
2111:1815 2110 0
2112:1567 0
2113:2114 0
2114:1876 2113 0
2115:2107 2116 0
2116:2115 2125 2173 0
2117:1932 2021 2158 0
2118:2052 2092 0
2119:1578 0
2120:1578 1763 1984 2180 0
2121:2066 0
2122:1865 1982 0
2123:1146 1772 0
2124:2097 2161 0
2125:1600 2116 0
2126:2100 0
2127:2100 0
2128:1496 2008 0
2129:1613 2140 0
2130:1963 0
2131:1633 0
2132:1841 2133 0
2133:2060 2132 0
2134:1649 1924 0
2135:1833 2024 2152 0
2136:1761 0
2137:2071 2181 0
2138:1685 2217 0
2139:1785 0
2140:1303 2129 0
2141:1697 2205 0
2142:1697 1789 0
2143:1697 2205 0
2144:2077 0
2145:1336 1614 1773 2166 2167 0
2146:1824 2147 0
2147:1734 1824 2146 0
2148:2058 2203 2220 0
2149:1999 2150 2151 0
2150:1806 2149 0
2151:1805 2149 0
2152:1833 2106 2135 0
2153:1813 2154 0
2154:1807 2153 2219 2222 0
2155:1734 2170 0
2156:1737 2157 0
2157:2156 2168 0
2158:1933 2117 0
2159:1720 2191 0
2160:2044 0
2161:1840 2124 2188 0
2162:1836 1842 2169 0
2163:2087 2089 0
2164:1590 2232 0
2165:1770 1899 0
2166:1304 2145 0
2167:2145 0
2168:2157 0
2169:2162 0
2170:1824 2155 0
2171:1806 2086 2197 0
2172:1942 1944 2086 0
2173:1902 2116 0
2174:1796 2200 0
2175:1273 1796 2176 2209 0
2176:1796 2175 2204 0
2177:1796 2211 0
2178:1796 2204 0
2179:1796 2204 0
2180:2080 2120 0
2181:1831 2137 2182 0
2182:2181 0
2183:1750 1846 0
2184:1402 0
2185:1940 2218 2220 0
2186:1823 2187 0
2187:2186 0
2188:1841 2161 2231 0
2189:1905 1933 0
2190:1905 2227 0
2191:1824 2159 0
2192:1823 0
2193:1975 2217 0
2194:1223 0
2195:2101 0
2196:1705 0
2197:1781 1944 2171 0
2198:1788 2199 0
2199:1272 1790 2198 2212 0
2200:2174 2210 2211 0
2201:1634 2202 0
2202:2201 0
2203:2148 0
2204:2176 2178 2179 0
2205:1787 2141 2143 2208 0
2206:1238 0
2207:1238 0
2208:1786 1791 2205 0
2209:2175 2210 2211 0
2210:2200 2209 2212 0
2211:2177 2200 2209 0
2212:2199 2210 0
2213:1793 2214 0
2214:1792 2213 0
2215:1233 1239 2228 0
2216:1879 0
2217:2138 2193 2218 0
2218:2185 2217 2223 0
2219:1813 2154 0
2220:2148 2185 0
2221:1805 1943 0
2222:2154 0
2223:2218 0
2224:2102 0
2225:1240 0
2226:1240 0
2227:2102 2190 0
2228:2215 0
2229:1645 0
2230:1645 0
2231:2188 0
2232:2105 2164 0
2233:1439 0
2234:1579 0
2235:1640 0
2236:2237 2238 0
2237:2236 2239 0
2238:1827 2236 0
2239:1595 2237 0
2240:2241 2242 0
2241:2240 2250 0
2242:2240 2250 0
2243:0
2244:2245 2246 0
2245:2244 2266 2267 0
2246:2244 2443 0
2247:2248 2249 0
2248:2247 0
2249:2247 2453 0
2250:451 2241 2242 0
2251:2252 2253 0
2252:2251 2306 2448 0
2253:2251 2361 4763 4778 0
2254:2255 2256 0
2255:458 2254 2293 2426 0
2256:2254 2321 0
2257:2258 2259 0
2258:2257 2294 0
2259:2257 2321 2392 2445 0
2260:2261 2262 0
2261:2260 2393 0
2262:2260 2264 0
2263:2264 2265 0
2264:2262 2263 2343 0
2265:458 2263 0
2266:2245 2267 2268 2269 0
2267:2245 2266 2268 2380 2400 2412 0
2268:2266 2267 2269 0
2269:2266 2268 2444 2449 2450 0
2270:2271 0
2271:447 2270 2272 0
2272:447 2271 2280 2281 0
2273:2279 0
2274:0
2275:2279 0
2276:2278 2436 0
2277:2436 0
2278:2276 0
2279:2273 2275 2391 2409 0
2280:2272 2283 0
2281:2272 2441 2442 0
2282:447 2302 2303 0
2283:2280 2423 0
2284:2285 2286 0
2285:2284 2291 0
2286:2284 2426 0
2287:2288 0
2288:2287 2292 0
2289:2290 2291 0
2290:2289 2293 0
2291:2285 2289 0
2292:2288 2299 0
2293:2255 2290 2357 0
2294:458 2258 2393 0
2295:2296 2297 2298 0
2296:2295 2320 0
2297:2295 2384 0
2298:2295 2451 2452 2453 2454 2455 2456 0
2299:2292 2437 0
2300:2301 2353 2354 2355 2356 0
2301:2300 2304 2401 2402 2403 0
2302:2282 2329 0
2303:2282 2349 2420 0
2304:2301 2309 0
2305:2306 0
2306:2252 2305 2307 2308 2309 0
2307:2306 0
2308:2306 2325 0
2309:2304 2306 2379 2380 2396 0
2310:2311 2312 0
2311:2310 2359 2390 2391 0
2312:2310 0
2313:2314 2315 0
2314:2313 2322 2417 2418 0
2315:2313 2413 0
2316:2317 2318 2319 0
2317:2316 2320 2321 0
2318:2316 2336 4431 0
2319:2316 2337 0
2320:2296 2317 0
2321:2256 2259 2317 2435 0
2322:2314 2323 0
2323:2322 2383 2423 0
2324:2325 2326 0
2325:2308 2324 0
2326:2324 2458 0
2327:2328 2329 2330 0
2328:2327 2329 2410 0
2329:2302 2327 2328 2421 2422 2427 2434 0
2330:2327 2349 0
2331:2332 2333 0
2332:2331 2350 0
2333:2331 2408 2440 0
2334:2335 2336 2337 0
2335:2334 0
2336:2318 2334 4571 0
2337:2319 2334 0
2338:0
2339:0
2340:2343 0
2341:2342 4455 4630 0
2342:2341 2452 4446 4569 4654 0
2343:2264 2340 0
2344:2345 2346 0
2345:2344 2387 0
2346:2344 2440 0
2347:2348 2349 0
2348:2347 2379 0
2349:2303 2330 2347 2412 2420 2421 2422 0
2350:2332 2398 2408 0
2351:2352 0
2352:2351 2375 2404 2405 0
2353:2300 0
2354:2300 0
2355:2300 0
2356:598 941 2300 2430 0
2357:2293 2360 0
2358:2359 0
2359:2311 2358 0
2360:2357 2361 0
2361:2253 2360 4801 0
2362:831 2363 0
2363:2362 2372 0
2364:2365 2366 2367 2368 2369 0
2365:2364 2370 2371 0
2366:2364 0
2367:2364 0
2368:2364 2369 0
2369:2364 2368 0
2370:2365 0
2371:2365 2410 0
2372:2363 2392 0
2373:2374 0
2374:2373 2375 0
2375:2352 2374 2376 0
2376:2375 2406 2407 0
2377:2378 2379 2380 0
2378:2377 0
2379:2309 2348 2377 2396 0
2380:2267 2309 2377 0
2381:2382 2383 0
2382:2381 0
2383:2323 2381 2417 0
2384:831 2297 0
2385:2386 0
2386:459 2385 0
2387:2345 2399 2424 2425 0
2388:2407 0
2389:2425 0
2390:2311 2391 0
2391:452 2279 2311 2390 2447 0
2392:2259 2372 0
2393:2261 2294 0
2394:2395 0
2395:2394 0
2396:2309 2379 0
2397:2398 2399 0
2398:2350 2397 0
2399:2387 2397 0
2400:2267 0
2401:2301 0
2402:2301 0
2403:141 2301 0
2404:2352 2405 0
2405:2352 2404 0
2406:2376 0
2407:874 2376 2388 0
2408:2333 2350 0
2409:432 2279 0
2410:2328 2371 0
2411:598 4456 4778 0
2412:2267 2349 0
2413:2315 0
2414:0
2415:0
2416:0
2417:2314 2383 0
2418:2314 2423 0
2419:2420 0
2420:2303 2349 2419 0
2421:2329 2349 0
2422:2329 2349 0
2423:2283 2323 2418 0
2424:2387 0
2425:2387 2389 2440 0
2426:2255 2286 0
2427:2329 2428 0
2428:2427 0
2429:2430 2431 0
2430:2356 2429 2432 2437 2438 0
2431:2429 0
2432:2430 2433 0
2433:597 2432 0
2434:2329 0
2435:2321 4659 0
2436:2276 2277 0
2437:2299 2430 0
2438:2430 2439 0
2439:2438 4800 4802 4804 0
2440:2333 2346 2425 0
2441:2281 0
2442:2281 0
2443:2246 0
2444:2269 0
2445:2259 4466 4489 4515 4677 0
2446:2447 0
2447:452 2391 2446 0
2448:2252 4778 0
2449:2269 0
2450:2269 0
2451:2298 0
2452:2298 2342 4601 4602 0
2453:2249 2298 0
2454:2298 2456 4601 4675 4676 0
2455:2298 4727 4728 4730 0
2456:2298 2454 4727 0
2457:831 4640 4689 4690 0
2458:2326 0
2459:2460 2461 0
2460:2459 4484 4485 4486 4487 0
2461:2459 4616 0
2462:2463 0
2463:2462 2464 2465 0
2464:2463 2563 2566 2567 2568 0
2465:2463 2566 2568 2600 2685 2697 2700 0
2466:548 2653 2948 2949 2950 2951 0
2467:2468 2469 0
2468:2467 2636 3054 0
2469:2467 2494 3055 0
2470:2471 2472 0
2471:2470 2516 2628 2632 2633 2634 0
2472:2470 2952 2953 0
2473:0
2474:0
2475:2476 2477 0
2476:2475 2478 0
2477:2475 0
2478:2476 2570 2871 0
2479:2480 2481 0
2480:2479 2853 0
2481:2479 0
2482:2497 0
2483:2590 2591 0
2484:2712 0
2485:2592 2593 2850 2868 0
2486:2591 2901 0
2487:2906 0
2488:2907 0
2489:2969 0
2490:3021 0
2491:2742 0
2492:2681 3024 0
2493:2494 2495 2496 0
2494:2469 2493 2635 2636 2637 2638 0
2495:2493 2681 2920 0
2496:2493 2692 2702 2973 2974 0
2497:2482 2857 2981 0
2498:0
2499:0
2500:2538 2539 0
2501:2722 2723 2724 0
2502:2588 2856 2876 2877 2878 0
2503:2917 2918 0
2504:2800 0
2505:2588 0
2506:0
2507:0
2508:3183 0
2509:2572 3243 0
2510:2511 2512 0
2511:125 2510 4187 4188 0
2512:2510 4163 4210 0
2513:2514 0
2514:2513 2515 2516 2517 2518 0
2515:2514 0
2516:2471 2514 2530 2703 2704 0
2517:2514 2687 2896 2897 0
2518:2514 2530 2593 2687 2908 2909 0
2519:2520 2521 2522 2523 2524 0
2520:2519 0
2521:2519 2525 2991 0
2522:2519 0
2523:2519 2524 2526 2884 0
2524:2519 2523 0
2525:2521 2526 2527 0
2526:2523 2525 2550 2673 2674 2883 2884 0
2527:2525 0
2528:2529 2530 2531 0
2529:2528 2602 2604 2645 2669 2670 2671 0
2530:2516 2518 2528 2599 2601 2805 2806 0
2531:2528 0
2532:1456 2533 2558 2559 2560 0
2533:1456 2532 3026 0
2534:1456 2535 3026 3103 3127 0
2535:1456 2534 2560 3049 3099 0
2536:2537 0
2537:2536 2723 0
2538:2500 2994 2995 2996 2997 0
2539:2500 2898 3292 0
2540:2541 2542 2543 2544 0
2541:2540 0
2542:2540 2544 2628 2629 2848 2849 0
2543:2540 0
2544:2540 2542 0
2545:2546 2547 0
2546:2545 2719 2748 2782 0
2547:2545 3008 3009 3010 3011 0
2548:2549 0
2549:2548 2550 2551 0
2550:2526 2549 2807 0
2551:2549 3015 3016 3017 3018 3019 3020 0
2552:2553 2554 2555 2556 0
2553:2552 2557 3022 0
2554:2552 2556 3041 3044 3045 3046 0
2555:2552 3041 3267 0
2556:2552 2554 0
2557:2553 0
2558:2532 0
2559:2532 2975 2976 3247 0
2560:2532 2535 2976 0
2561:2627 0
2562:0
2563:2464 2822 2825 2831 2872 2873 0
2564:2817 2985 0
2565:3013 3014 3025 3026 0
2566:1344 2464 2465 2600 0
2567:2464 2600 2611 0
2568:2464 2465 2879 0
2569:2570 0
2570:2478 2569 0
2571:2572 0
2572:2509 2571 2573 0
2573:2572 2886 2947 0
2574:549 2575 2576 2577 0
2575:549 2574 2623 2626 0
2576:2574 0
2577:2574 0
2578:2579 2580 2581 2582 0
2579:2578 2581 2582 0
2580:2578 3214 3215 3216 0
2581:2578 2579 2582 0
2582:2578 2579 2581 0
2583:0
2584:0
2585:2586 2587 0
2586:2585 2715 2716 2717 2718 0
2587:2585 0
2588:2502 2505 2589 0
2589:2588 2784 0
2590:2483 0
2591:2483 2486 2892 0
2592:2485 2593 2594 0
2593:2485 2518 2592 2641 2644 2645 2646 2647 0
2594:2592 0
2595:2596 2597 2598 0
2596:2595 2599 2605 0
2597:2595 2599 2606 0
2598:2595 2669 2925 2928 2929 2930 0
2599:2530 2596 2597 2600 2601 2602 2603 0
2600:2465 2566 2567 2599 2604 0
2601:2530 2599 2615 0
2602:2529 2599 2783 0
2603:2599 0
2604:2529 2600 2672 0
2605:2596 2606 0
2606:2597 2605 0
2607:2608 2609 0
2608:2607 2609 2694 2695 2913 3028 3029 0
2609:2607 2608 3162 3163 3164 0
2610:2611 2612 2613 0
2611:2567 2610 2614 0
2612:2610 0
2613:2610 0
2614:2611 0
2615:2601 2916 0
2616:2617 2618 2619 2620 0
2617:2616 2676 2677 2678 2679 0
2618:2616 2707 3058 3061 3062 0
2619:2616 2998 3263 0
2620:2616 2999 3265 0
2621:2638 2653 0
2622:3064 3068 0
2623:2575 3069 0
2624:2638 2734 0
2625:0
2626:549 2575 2717 2719 2720 2721 0
2627:2561 2919 0
2628:2471 2542 2629 2630 2631 0
2629:2542 2628 0
2630:2628 2631 0
2631:2628 2630 0
2632:2471 2754 2855 0
2633:2471 0
2634:2471 2881 0
2635:2494 2650 2651 2652 0
2636:2468 2494 2656 2658 0
2637:2494 2743 0
2638:2494 2621 2624 2648 2658 2733 2808 0
2639:2640 0
2640:2639 2740 0
2641:2593 2642 2643 0
2642:2641 2669 2923 2924 0
2643:2641 2925 2931 0
2644:2593 2850 3255 0
2645:2529 2593 3256 0
2646:2593 0
2647:2593 0
2648:2638 2649 0
2649:2648 2692 2944 2948 3029 3066 3088 0
2650:2635 0
2651:2635 0
2652:2635 0
2653:2466 2621 2948 3089 0
2654:2655 2656 2657 0
2655:2654 3090 0
2656:2636 2654 3091 0
2657:2654 0
2658:2636 2638 2692 0
2659:2660 2661 0
2660:2659 2749 2762 2763 2764 2765 0
2661:2659 0
2662:2663 2664 2665 2666 2667 2668 0
2663:2662 2664 2667 2725 2726 2727 2728 0
2664:2662 2663 2667 2854 0
2665:2662 0
2666:2662 0
2667:2662 2663 2664 0
2668:2662 0
2669:2529 2598 2642 0
2670:2529 0
2671:2529 0
2672:2604 2711 2721 2886 2893 2894 0
2673:2526 2674 2675 0
2674:2526 2673 2890 0
2675:2673 0
2676:2617 2705 2706 2707 2708 2709 2710 0
2677:2617 2678 3100 3101 0
2678:2617 2677 3100 0
2679:2617 2705 3258 0
2680:2681 2682 2683 0
2681:2492 2495 2680 2905 0
2682:2680 0
2683:2680 0
2684:2685 0
2685:2465 2684 2686 0
2686:2685 0
2687:2517 2518 2688 2689 0
2688:2687 0
2689:2687 0
2690:2691 0
2691:2690 2897 0
2692:2496 2649 2658 2944 0
2693:2694 0
2694:2608 2693 2695 2696 0
2695:2608 2694 0
2696:2694 0
2697:2465 2698 2699 0
2698:2697 0
2699:2697 0
2700:2465 0
2701:2702 0
2702:2496 2701 2875 2973 2974 3248 0
2703:2516 2850 2922 0
2704:2516 0
2705:2676 2679 2847 0
2706:2676 2895 0
2707:2618 2676 3062 3121 0
2708:2676 3122 0
2709:2676 3268 0
2710:2676 3207 3271 0
2711:2672 0
2712:2484 2901 2961 3124 3125 3126 0
2713:2714 0
2714:2713 2870 2897 0
2715:2586 2880 0
2716:2586 2811 0
2717:2586 2626 3120 0
2718:2586 3088 3128 3129 3130 0
2719:2546 2626 2747 2776 2777 0
2720:2626 2721 2747 2874 2885 2886 2887 0
2721:2626 2672 2720 2732 0
2722:2501 2723 2724 3173 0
2723:2501 2537 2722 2724 0
2724:2501 2722 2723 3275 3276 3277 3295 0
2725:2663 2729 2730 2731 0
2726:2663 2727 2762 3007 0
2727:2663 2726 2954 3197 0
2728:2663 0
2729:2725 2878 0
2730:2725 2731 3047 0
2731:2725 2730 3047 0
2732:1344 2721 0
2733:2638 2735 2736 2739 2740 0
2734:2624 2737 0
2735:2733 3135 0
2736:2733 3136 0
2737:2734 0
2738:0
2739:2733 2815 2816 0
2740:2640 2733 0
2741:2742 0
2742:2491 2741 2743 0
2743:2637 2742 2913 2914 0
2744:2745 2746 0
2745:2744 3065 3144 0
2746:2744 0
2747:2719 2720 0
2748:2546 2778 2779 2780 2781 0
2749:2660 0
2750:0
2751:0
2752:2753 0
2753:2752 2754 3060 0
2754:2632 2753 0
2755:2756 2760 3052 3053 0
2756:2755 2949 3053 3111 3134 3221 0
2757:3109 3113 3220 0
2758:0
2759:3065 3208 3289 3291 0
2760:2755 0
2761:549 638 4102 0
2762:2660 2726 2765 0
2763:2660 2786 2791 2796 0
2764:2660 0
2765:2660 2762 3193 0
2766:0
2767:0
2768:3159 0
2769:3160 0
2770:3161 0
2771:0
2772:0
2773:0
2774:3065 0
2775:0
2776:2719 0
2777:2719 0
2778:2748 0
2779:2748 0
2780:2748 0
2781:2748 0
2782:2546 3152 3153 3154 3155 3156 3157 0
2783:2602 0
2784:2589 0
2785:2792 2794 2799 0
2786:2763 0
2787:2793 0
2788:3170 0
2789:3171 0
2790:3172 0
2791:2763 2796 2856 2954 2955 0
2792:2785 3200 0
2793:2787 2902 3035 3036 0
2794:2785 0
2795:0
2796:2763 2791 0
2797:2799 0
2798:0
2799:2785 2797 3260 3261 0
2800:2504 3294 0
2801:2802 2803 2804 0
2802:2801 2804 2903 2904 0
2803:2801 2903 4095 4137 0
2804:2801 2802 4139 4160 4182 4186 4235 0
2805:2530 0
2806:2530 0
2807:2550 2861 3015 0
2808:2638 0
2809:3191 0
2810:2811 2812 2813 2814 0
2811:2716 2810 2902 0
2812:2810 0
2813:2810 3181 0
2814:2810 3181 0
2815:2739 2957 0
2816:2739 0
2817:2564 2818 2819 2820 0
2818:2817 3131 0
2819:2817 3185 0
2820:2817 2822 3217 0
2821:2822 0
2822:2563 2820 2821 0
2823:2824 0
2824:2823 2825 0
2825:2563 2824 2826 0
2826:2825 2972 0
2827:2828 0
2828:2827 2872 3189 0
2829:2830 0
2830:2829 2831 0
2831:2563 2830 2832 0
2832:2831 2833 0
2833:2832 0
2834:2835 2836 2837 2838 2839 2840 0
2835:2834 2838 3003 3004 3005 0
2836:2834 0
2837:2834 0
2838:2834 2835 0
2839:2834 2840 0
2840:2834 2839 3296 0
2841:0
2842:2886 3056 0
2843:2886 3105 0
2844:0
2845:0
2846:0
2847:2705 3230 0
2848:2542 2849 0
2849:2542 2848 0
2850:2485 2644 2703 2851 2852 0
2851:2850 3250 0
2852:2850 0
2853:2480 0
2854:2664 0
2855:2632 0
2856:2502 2791 0
2857:2497 2858 2867 2982 0
2858:2857 2866 2867 0
2859:0
2860:2861 2862 2899 3040 0
2861:2807 2860 2862 2864 3178 3179 3180 0
2862:2860 2861 3040 0
2863:0
2864:2861 0
2865:0
2866:2858 0
2867:2857 2858 0
2868:2485 0
2869:2870 0
2870:2714 2869 2897 0
2871:2478 0
2872:2563 2828 3027 0
2873:1635 2563 3192 0
2874:1635 2720 2883 2885 0
2875:2702 0
2876:2502 3205 0
2877:2502 3206 0
2878:2502 2729 0
2879:2568 0
2880:2715 0
2881:2634 2882 0
2882:2881 2907 0
2883:2526 2874 3222 0
2884:2523 2526 3031 0
2885:2720 2874 2900 0
2886:2573 2672 2720 2842 2843 2888 0
2887:2720 3228 0
2888:2886 2918 2945 3293 0
2889:2943 0
2890:2674 3229 0
2891:2892 0
2892:2591 2891 2921 0
2893:2672 2942 3298 0
2894:2672 2942 3299 0
2895:2706 3231 0
2896:2517 0
2897:2517 2691 2714 2870 0
2898:2539 3184 0
2899:2860 3232 0
2900:2885 3233 0
2901:2486 2712 3124 3165 0
2902:2793 2811 3035 3235 3236 0
2903:2802 2803 4099 4100 4102 4166 4218 4223 0
2904:2802 4303 0
2905:2681 3245 3246 0
2906:2487 3012 3237 0
2907:2488 2882 0
2908:2518 0
2909:2518 0
2910:2911 2912 0
2911:2910 3119 0
2912:2910 2990 3242 0
2913:2608 2743 3088 3174 3241 0
2914:2743 3164 0
2915:2916 0
2916:2615 2915 0
2917:2503 0
2918:2503 2888 0
2919:2627 0
2920:2495 0
2921:2892 3195 0
2922:2703 0
2923:2642 2925 2926 2927 0
2924:2642 0
2925:2598 2643 2923 2932 2939 0
2926:2923 0
2927:2923 0
2928:2598 2932 2933 2934 2935 2936 2937 2938 0
2929:2598 0
2930:2598 0
2931:2643 0
2932:2925 2928 2940 2941 0
2933:2928 0
2934:2928 0
2935:2928 0
2936:2928 0
2937:2928 0
2938:2928 0
2939:2925 0
2940:2932 0
2941:2932 0
2942:2893 2894 0
2943:2889 0
2944:2649 2692 0
2945:2888 2946 0
2946:2945 0
2947:2573 0
2948:2466 2649 2653 3064 3065 3066 3067 0
2949:2466 2756 2951 3111 3134 3137 0
2950:2466 0
2951:2466 2949 0
2952:2472 0
2953:2472 0
2954:2727 2791 2955 2956 0
2955:2791 2954 2956 3006 3007 0
2956:2954 2955 0
2957:2815 0
2958:2959 2960 0
2959:2958 3257 0
2960:2958 3257 0
2961:2712 0
2962:0
2963:2964 2965 2968 3132 3133 0
2964:2963 2965 2966 2967 3001 3133 0
2965:2963 2964 2968 3133 3218 0
2966:2964 2967 0
2967:2964 2966 0
2968:2963 2965 0
2969:2489 0
2970:551 0
2971:551 0
2972:2826 0
2973:2496 2702 2974 3251 3252 0
2974:2496 2702 2973 0
2975:2559 2976 2977 2978 2979 2980 0
2976:2559 2560 2975 3049 3092 0
2977:2975 2979 3045 3106 3107 0
2978:2975 2980 3049 3095 0
2979:2975 2977 0
2980:2975 2978 0
2981:2497 0
2982:2857 0
2983:2984 0
2984:2983 3151 3154 3155 3194 0
2985:2564 0
2986:2987 2988 0
2987:2986 2988 0
2988:2986 2987 3001 3002 0
2989:550 0
2990:550 2912 3240 0
2991:2521 2992 2993 0
2992:2991 3098 0
2993:2991 3096 3097 0
2994:2538 2997 0
2995:2538 2996 0
2996:2538 2995 0
2997:2538 2994 0
2998:2619 0
2999:2620 0
3000:3001 0
3001:2964 2988 3000 3002 0
3002:2988 3001 0
3003:2835 3004 0
3004:2835 3003 0
3005:2835 0
3006:2955 3007 0
3007:2726 2955 3006 3297 0
3008:2547 0
3009:2547 0
3010:2547 0
3011:2547 0
3012:2906 0
3013:2565 3014 0
3014:2565 3013 3102 3103 3104 0
3015:2551 2807 3019 3175 3176 3177 0
3016:2551 0
3017:2551 3018 3020 0
3018:2551 3017 3020 0
3019:2551 3015 0
3020:2551 3017 3018 0
3021:2490 0
3022:2553 3023 0
3023:3022 0
3024:2492 0
3025:2565 3026 0
3026:2533 2534 2565 3025 0
3027:2872 0
3028:2608 3029 0
3029:2608 2649 3028 3088 3143 0
3030:3031 3032 3033 3034 0
3031:2884 3030 3034 0
3032:3030 0
3033:3030 0
3034:3030 3031 0
3035:2793 2902 3036 3037 0
3036:2793 3035 0
3037:3035 0
3038:4004 0
3039:4002 0
3040:2860 2862 0
3041:2554 2555 3042 3043 3044 3045 3046 0
3042:3041 0
3043:3041 3046 0
3044:2554 3041 3045 3046 3061 0
3045:2554 2977 3041 3044 3107 3142 0
3046:2554 3041 3043 3044 3158 0
3047:2730 2731 0
3048:3049 3050 3051 0
3049:2535 2976 2978 3048 3050 3092 3099 0
3050:3048 3049 3253 3254 0
3051:3048 0
3052:2755 0
3053:2755 2756 0
3054:2468 0
3055:2469 0
3056:2842 0
3057:3058 0
3058:2618 3057 3061 0
3059:3060 0
3060:2753 3059 0
3061:2618 3044 3058 3063 0
3062:2618 2707 3121 0
3063:3061 0
3064:2622 2948 0
3065:2745 2759 2774 2948 3066 3067 3144 3208 0
3066:2649 2948 3065 3067 3266 0
3067:2948 3065 3066 0
3068:2622 0
3069:2623 0
3070:3071 0
3071:3070 3280 0
3072:3073 0
3073:3072 3263 0
3074:3075 0
3075:3074 3282 0
3076:3077 0
3077:3076 3278 0
3078:3079 0
3079:3078 3282 0
3080:3081 0
3081:3080 3257 0
3082:3083 0
3083:3082 3265 0
3084:3085 0
3085:3084 3269 0
3086:3087 0
3087:3086 3279 0
3088:2649 2718 2913 3029 3130 3174 0
3089:2653 0
3090:2655 0
3091:2656 0
3092:2976 3049 3093 0
3093:3092 0
3094:3095 0
3095:2978 3094 0
3096:2993 3097 0
3097:2993 3096 3098 0
3098:2992 3097 3123 3145 3146 0
3099:2535 3049 0
3100:2677 2678 0
3101:2677 0
3102:3014 0
3103:2534 3014 3104 3127 3234 0
3104:3014 3103 0
3105:2843 0
3106:2977 0
3107:2977 3045 3142 0
3108:3109 3110 0
3109:2757 3108 3111 3112 3113 3114 3115 0
3110:3108 0
3111:2756 2949 3109 3134 0
3112:3109 0
3113:2757 3109 0
3114:3109 0
3115:3109 0
3116:551 0
3117:551 0
3118:0
3119:2911 0
3120:2717 0
3121:2707 3062 0
3122:2708 0
3123:3098 0
3124:2712 2901 0
3125:2712 3126 0
3126:2712 3125 0
3127:2534 3103 3238 3239 0
3128:2718 0
3129:2718 0
3130:2718 3088 0
3131:2818 0
3132:2963 0
3133:2963 2964 2965 0
3134:2756 2949 3111 0
3135:2735 0
3136:2736 0
3137:2949 0
3138:553 0
3139:554 0
3140:555 0
3141:552 0
3142:3045 3107 0
3143:3029 0
3144:2745 3065 0
3145:3098 0
3146:3098 0
3147:3148 3149 0
3148:3147 3149 0
3149:3147 3148 0
3150:3154 3201 3203 0
3151:2984 3155 0
3152:2782 3153 0
3153:2782 3152 0
3154:2782 2984 3150 3288 0
3155:2782 2984 3151 3156 0
3156:2782 3155 0
3157:2782 0
3158:3046 0
3159:2768 0
3160:2769 0
3161:2770 0
3162:2609 3164 0
3163:2609 0
3164:2609 2914 3162 3287 0
3165:2901 0
3166:3167 0
3167:3166 3271 0
3168:3169 0
3169:3168 3270 0
3170:2788 0
3171:2789 0
3172:2790 0
3173:2722 0
3174:2913 3088 0
3175:3015 3176 3177 0
3176:3015 3175 3177 0
3177:3015 3175 3176 3285 3286 0
3178:2861 3179 3180 0
3179:2861 3178 3180 3244 3273 3290 0
3180:2861 3178 3179 0
3181:2813 2814 3182 0
3182:3181 0
3183:2508 0
3184:2898 0
3185:2819 3186 3187 3188 0
3186:3185 3188 0
3187:3185 0
3188:3185 3186 0
3189:2828 3190 0
3190:3189 0
3191:2809 0
3192:2873 0
3193:2765 0
3194:2984 0
3195:2921 3196 0
3196:3195 0
3197:2727 3204 0
3198:3199 0
3199:3198 3278 0
3200:2792 0
3201:3150 3202 3203 0
3202:3201 0
3203:3150 3201 3212 3213 0
3204:3197 0
3205:2876 0
3206:2877 0
3207:2710 0
3208:2759 3065 0
3209:3210 0
3210:3209 0
3211:0
3212:3203 0
3213:3203 0
3214:2580 0
3215:2580 0
3216:2580 4067 0
3217:2820 0
3218:2965 0
3219:556 0
3220:2757 0
3221:2756 0
3222:2883 0
3223:3224 3226 0
3224:3223 3226 0
3225:3227 0
3226:3223 3224 0
3227:3225 0
3228:2887 0
3229:2890 0
3230:2847 0
3231:2895 0
3232:2899 0
3233:2900 0
3234:3103 0
3235:2902 0
3236:2902 0
3237:2906 0
3238:3127 3239 0
3239:3127 3238 0
3240:2990 0
3241:2913 0
3242:2912 0
3243:2509 0
3244:3179 0
3245:2905 3246 0
3246:2905 3245 0
3247:2559 0
3248:2702 0
3249:3250 0
3250:2851 3249 0
3251:2973 3252 0
3252:2973 3251 0
3253:3050 0
3254:3050 0
3255:2644 0
3256:2645 0
3257:2959 2960 3081 3270 0
3258:2679 3259 0
3259:3258 0
3260:2799 3261 0
3261:2799 3260 3274 3284 0
3262:3263 0
3263:2619 3073 3262 0
3264:3265 0
3265:2620 3083 3264 0
3266:3066 0
3267:2555 0
3268:2709 3269 3270 0
3269:3085 3268 3282 0
3270:3169 3257 3268 0
3271:2710 3167 3272 0
3272:3271 3279 3280 0
3273:3179 0
3274:3261 0
3275:2724 3276 3277 0
3276:2724 3275 3277 0
3277:2724 3275 3276 0
3278:3077 3199 3279 0
3279:3087 3272 3278 0
3280:3071 3272 3281 0
3281:3280 0
3282:3075 3079 3269 0
3283:3284 0
3284:3261 3283 0
3285:3177 3286 0
3286:3177 3285 0
3287:3164 0
3288:3154 0
3289:2759 0
3290:3179 0
3291:2759 0
3292:2539 0
3293:2888 0
3294:2800 0
3295:2724 0
3296:2840 0
3297:3007 0
3298:2893 0
3299:2894 0
3300:3301 3302 3303 0
3301:3300 3579 3581 3582 3585 3586 3587 0
3302:3300 3427 0
3303:3300 0
3304:3305 3306 3307 3308 0
3305:3304 3309 3310 0
3306:3304 3438 3439 0
3307:3304 0
3308:3304 3353 0
3309:3305 3321 3370 3372 0
3310:3305 4451 4576 0
3311:3312 3313 3314 3315 3316 0
3312:3311 3317 3318 3319 0
3313:3311 3417 0
3314:3311 3612 0
3315:3311 3435 3677 0
3316:3311 3724 3725 0
3317:3312 3319 3354 3358 3359 3360 3361 3362 0
3318:3312 3418 0
3319:3312 3317 3434 3437 0
3320:3321 3322 0
3321:3309 3320 3323 3324 3325 0
3322:3320 3702 3704 0
3323:3321 0
3324:3321 0
3325:3321 0
3326:3327 0
3327:3326 3328 3627 0
3328:3327 3329 3330 0
3329:3328 3413 0
3330:3328 3712 3767 0
3331:3332 3333 3334 0
3332:3331 0
3333:3331 3436 3746 0
3334:3331 3442 0
3335:0
3336:0
3337:0
3338:3339 0
3339:3338 3383 3592 3618 3643 0
3340:3341 3342 3343 3344 3345 3346 3347 0
3341:3340 3426 3459 3460 0
3342:3340 3599 0
3343:3340 0
3344:3340 0
3345:3340 3388 0
3346:3340 3427 3598 0
3347:3340 3384 0
3348:3349 3350 3351 3352 3353 0
3349:3348 0
3350:3348 3429 3553 0
3351:3348 3736 0
3352:3348 3430 3705 0
3353:3308 3348 3765 0
3354:3317 3355 3356 3357 0
3355:3354 3642 0
3356:3354 3639 3641 0
3357:3354 3436 3756 0
3358:3317 3501 0
3359:3317 0
3360:3317 0
3361:3317 0
3362:3317 3590 3615 0
3363:3364 0
3364:3363 3529 0
3365:3368 3404 3405 3406 0
3366:3378 3440 3441 0
3367:3425 3505 3507 0
3368:3365 0
3369:3412 3675 0
3370:3309 3371 0
3371:3370 3736 0
3372:3309 3412 0
3373:3374 3375 3376 0
3374:3373 3532 0
3375:11 3373 3561 0
3376:3373 3458 3559 3560 0
3377:3378 3379 3380 3381 3382 3383 0
3378:3366 3377 3384 3385 3386 3387 3388 0
3379:3377 0
3380:3377 3653 0
3381:3377 3652 3696 0
3382:3377 3690 0
3383:3339 3377 0
3384:3347 3378 3424 3484 3485 3486 3487 0
3385:3378 0
3386:3378 0
3387:3378 3481 0
3388:3345 3378 0
3389:3390 3391 0
3390:3389 3648 0
3391:3389 4789 4808 0
3392:3393 3394 3395 3396 3397 0
3393:3392 3563 3587 0
3394:3392 3589 3633 3664 3665 3667 3671 0
3395:3392 3456 0
3396:3392 3456 0
3397:3392 3579 0
3398:3399 3400 3401 3402 3403 0
3399:3398 3464 3484 3510 3511 0
3400:3398 3546 3701 0
3401:3398 0
3402:3398 0
3403:3398 3465 3743 0
3404:3365 3419 3422 3423 0
3405:3365 3480 0
3406:3365 3482 0
3407:3408 3409 3410 3411 0
3408:3407 3412 3413 0
3409:3407 3634 3636 0
3410:3407 3759 0
3411:3407 3433 3636 0
3412:3369 3372 3408 3429 3432 3433 0
3413:3329 3408 3462 3463 0
3414:3415 3416 0
3415:3414 3437 3451 3452 3455 0
3416:3414 3491 3492 3613 3684 0
3417:3313 3612 3727 0
3418:3318 3724 3725 3729 3730 0
3419:3404 3420 3421 0
3420:3419 3768 0
3421:3419 3544 3624 0
3422:3404 0
3423:3404 3672 0
3424:3384 3500 0
3425:3367 0
3426:3341 0
3427:3302 3346 3672 0
3428:3486 0
3429:3350 3412 3430 3431 0
3430:3352 3429 0
3431:3429 3610 3766 0
3432:3412 0
3433:3411 3412 4767 0
3434:3319 3435 3436 0
3435:3315 3434 0
3436:3333 3357 3434 3501 3503 3747 3749 0
3437:3319 3415 3454 3472 4461 0
3438:3306 3704 0
3439:3306 4558 0
3440:3366 0
3441:3366 4457 4459 4633 4652 0
3442:3334 3443 3444 3445 3446 0
3443:3442 3466 3473 0
3444:3442 3609 3610 0
3445:3442 3737 0
3446:3442 4776 0
3447:3448 0
3448:3447 3748 0
3449:3450 0
3450:3449 3755 0
3451:3415 0
3452:3415 3453 3454 0
3453:3452 3613 0
3454:3437 3452 3522 0
3455:3415 3590 0
3456:11 3395 3396 3457 3458 3459 3460 3461 0
3457:3456 0
3458:3376 3456 0
3459:3341 3456 0
3460:3341 3456 0
3461:3456 3594 0
3462:3413 3571 3572 0
3463:3413 4769 4793 4823 0
3464:3399 3465 0
3465:3403 3464 3558 0
3466:3443 3467 3468 3469 3470 3471 0
3467:3466 3472 0
3468:3466 3566 0
3469:3466 3568 3575 3757 0
3470:3466 3752 0
3471:3466 3764 0
3472:3437 3467 4791 0
3473:3443 3574 3717 0
3474:3475 3476 3477 3478 3479 0
3475:3474 0
3476:3474 0
3477:3474 0
3478:3474 3686 0
3479:3474 3686 0
3480:3405 0
3481:3387 0
3482:3406 0
3483:3697 0
3484:3384 3399 3512 0
3485:3384 3513 0
3486:3384 3428 3715 0
3487:3384 4484 4530 0
3488:3489 3490 3491 3492 0
3489:3488 3602 3603 0
3490:3488 3606 3615 3654 3655 0
3491:3416 3488 3683 0
3492:3416 3488 0
3493:0
3494:3535 3611 0
3495:3616 0
3496:3619 0
3497:3692 3726 0
3498:0
3499:0
3500:3424 0
3501:3358 3436 3502 3503 3504 0
3502:3501 3620 3732 0
3503:3436 3501 3747 3762 0
3504:3501 3762 0
3505:3367 3506 3507 3508 3509 0
3506:3505 0
3507:3367 3505 0
3508:3505 3731 3734 3758 0
3509:3505 3659 3735 0
3510:3399 0
3511:3399 3512 4611 4616 0
3512:3484 3511 3513 0
3513:3485 3512 3755 4446 4453 4454 0
3514:3515 3516 0
3515:3514 0
3516:3514 4479 4521 0
3517:3518 3519 0
3518:3517 3720 0
3519:3517 4537 4627 4628 4629 0
3520:3521 0
3521:3520 3522 3523 0
3522:3454 3521 0
3523:3521 3524 0
3524:3523 3608 0
3525:3526 3527 3528 3529 0
3526:3525 0
3527:3525 3614 3615 0
3528:3525 3607 0
3529:3364 3525 3676 0
3530:0
3531:3532 0
3532:3374 3531 3533 3534 3595 3596 3611 0
3533:3532 0
3534:3532 0
3535:3494 0
3536:3537 0
3537:3536 3650 3651 0
3538:3539 3540 3541 0
3539:3538 0
3540:3538 0
3541:3538 4427 4457 0
3542:3543 0
3543:3542 3549 4794 4795 4796 0
3544:3421 0
3545:3546 0
3546:3400 3545 3721 0
3547:3548 0
3548:3547 3632 0
3549:3543 0
3550:3551 0
3551:3550 3625 3626 3627 0
3552:0
3553:3350 0
3554:3555 0
3555:3554 3765 0
3556:3557 0
3557:3556 3611 0
3558:3465 0
3559:3376 0
3560:3376 0
3561:3375 0
3562:3563 3564 0
3563:3393 3562 3564 0
3564:6 3562 3563 3651 3659 0
3565:3566 3567 3568 0
3566:3468 3565 3569 3570 0
3567:3565 0
3568:3469 3565 3718 0
3569:3566 3717 0
3570:3566 3577 0
3571:3462 3572 0
3572:3462 3571 0
3573:3574 3575 0
3574:3473 3573 3637 3638 0
3575:3469 3573 0
3576:3577 0
3577:3570 3576 0
3578:3579 0
3579:3301 3397 3578 3580 3583 3584 0
3580:3579 0
3581:3301 0
3582:3301 0
3583:3579 3689 0
3584:3579 3768 0
3585:3301 3687 3688 0
3586:3301 0
3587:3301 3393 0
3588:3589 0
3589:3394 3588 0
3590:3362 3455 0
3591:3592 3593 0
3592:3339 3591 0
3593:3591 3686 0
3594:3461 0
3595:3532 3596 3597 0
3596:3532 3595 0
3597:3595 0
3598:3346 0
3599:3342 3697 0
3600:6 3601 0
3601:3600 0
3602:3489 0
3603:3489 3604 3605 3606 0
3604:3603 0
3605:3603 3685 0
3606:3490 3603 0
3607:3528 3608 0
3608:3524 3607 0
3609:3444 0
3610:3431 3444 0
3611:3494 3532 3557 0
3612:3314 3417 0
3613:3416 3453 0
3614:3527 3615 0
3615:3362 3490 3527 3614 0
3616:3495 3645 0
3617:3618 3619 0
3618:3339 3617 0
3619:3496 3617 0
3620:3502 0
3621:3622 3623 0
3622:3621 0
3623:3621 0
3624:3421 0
3625:3551 0
3626:3551 0
3627:3327 3551 3657 3769 0
3628:3629 3630 0
3629:3628 3657 3713 3714 0
3630:3628 3649 0
3631:3632 0
3632:3548 3631 0
3633:3394 0
3634:3409 3635 0
3635:3634 0
3636:3409 3411 0
3637:3574 0
3638:3574 0
3639:3356 0
3640:3641 0
3641:3356 3640 3642 0
3642:3355 3641 0
3643:3339 3673 0
3644:0
3645:3616 0
3646:3733 0
3647:3733 0
3648:3390 3712 0
3649:3630 0
3650:3537 0
3651:3537 3564 0
3652:3381 0
3653:3380 3691 0
3654:3490 3656 0
3655:3490 3684 0
3656:3654 3760 3761 0
3657:3627 3629 0
3658:3659 0
3659:3509 3564 3658 0
3660:3661 0
3661:3660 3717 0
3662:3663 3664 3665 0
3663:3662 0
3664:3394 3662 3666 0
3665:3394 3662 3669 0
3666:3664 3667 3668 0
3667:3394 3666 3669 0
3668:3666 0
3669:3665 3667 3670 0
3670:3669 0
3671:9 3394 3693 0
3672:3423 3427 0
3673:3643 3686 0
3674:3675 3676 0
3675:3369 3674 0
3676:3529 3674 0
3677:3315 0
3678:3679 0
3679:3678 3684 0
3680:3681 0
3681:3680 3683 0
3682:3683 0
3683:3491 3681 3682 3684 3685 0
3684:3416 3655 3679 3683 0
3685:3605 3683 0
3686:3478 3479 3593 3673 0
3687:3585 0
3688:3585 3731 0
3689:3583 0
3690:3382 0
3691:3653 3692 0
3692:3497 3691 0
3693:3671 0
3694:3695 3696 0
3695:3694 0
3696:3381 3694 0
3697:3483 3599 0
3698:3699 0
3699:3698 3716 3767 0
3700:3701 0
3701:3400 3700 0
3702:3322 3703 0
3703:3702 0
3704:3322 3438 0
3705:3352 0
3706:3707 3708 3709 0
3707:3706 3741 0
3708:3706 0
3709:3706 3759 0
3710:3711 0
3711:3710 4806 0
3712:3330 3648 0
3713:3629 0
3714:3629 3745 0
3715:3486 0
3716:3699 0
3717:3473 3569 3661 0
3718:3568 3719 0
3719:3718 3739 3742 0
3720:3518 0
3721:3546 0
3722:3723 0
3723:3722 3737 3738 0
3724:3316 3418 0
3725:3316 3418 0
3726:3497 0
3727:3417 3728 0
3728:3727 0
3729:3418 0
3730:3418 0
3731:3508 3688 0
3732:3502 0
3733:3646 3647 0
3734:3508 0
3735:3509 0
3736:3351 3371 0
3737:3445 3723 0
3738:3723 0
3739:3719 3740 0
3740:3739 0
3741:3707 3744 0
3742:3719 0
3743:3403 0
3744:3741 3745 0
3745:3714 3744 3754 0
3746:3333 0
3747:3436 3503 0
3748:3448 3749 0
3749:3436 3748 0
3750:9 0
3751:3752 0
3752:3470 3751 0
3753:3754 0
3754:3745 3753 4766 4807 4823 0
3755:3450 3513 4454 4627 0
3756:3357 0
3757:3469 0
3758:3508 0
3759:3410 3709 0
3760:3656 0
3761:3656 0
3762:3503 3504 0
3763:3764 0
3764:3471 3763 0
3765:3353 3555 0
3766:3431 0
3767:3330 3699 0
3768:3420 3584 0
3769:3627 0
3770:3771 3772 0
3771:3770 3784 3809 0
3772:3770 3774 0
3773:3774 3775 3776 0
3774:3772 3773 3777 3797 3798 3799 3800 0
3775:3773 0
3776:3773 3777 3851 3852 0
3777:3774 3776 0
3778:3779 3780 3781 0
3779:3778 3816 0
3780:3778 3853 3868 0
3781:3778 3853 0
3782:3783 3784 3785 0
3783:3782 3786 0
3784:3771 3782 0
3785:3782 3817 3818 0
3786:3783 3796 3813 3817 3833 0
3787:3788 0
3788:3787 3789 3790 3791 0
3789:3788 3792 3819 3824 3849 3850 0
3790:3788 3791 3822 0
3791:3788 3790 0
3792:3789 3793 3794 0
3793:3792 0
3794:3792 3954 0
3795:3796 0
3796:3786 3795 3797 0
3797:3774 3796 3800 0
3798:3774 0
3799:3774 0
3800:3774 3797 0
3801:3802 3803 3804 3805 0
3802:3801 0
3803:3801 3806 3807 0
3804:3801 3841 0
3805:3801 0
3806:795 3803 3866 0
3807:3803 3867 3950 0
3808:3809 0
3809:3771 3808 3962 0
3810:199 3835 0
3811:3812 3813 3814 3815 0
3812:3811 0
3813:3786 3811 3833 3836 3837 3838 3839 3840 0
3814:3811 3903 3904 0
3815:3811 3928 3929 0
3816:3779 3851 3853 0
3817:3785 3786 3820 3821 3848 3854 3862 0
3818:3785 3827 3870 3871 3905 3916 3919 0
3819:3789 3820 3821 3822 3823 3824 0
3820:3817 3819 0
3821:3817 3819 0
3822:3790 3819 3823 3844 3879 0
3823:3819 3822 0
3824:3789 3819 3902 0
3825:795 3826 3827 3828 3829 3830 0
3826:3825 3893 0
3827:3818 3825 3918 0
3828:3825 3901 3916 0
3829:3825 3860 3945 0
3830:3825 3899 3945 0
3831:795 3832 0
3832:3831 3848 0
3833:795 3786 3813 3834 3841 3842 0
3834:795 3833 3863 3864 3865 0
3835:795 3810 3944 0
3836:3813 3866 3919 0
3837:3813 0
3838:3813 3903 0
3839:3813 3929 0
3840:3813 3916 0
3841:3804 3833 3843 0
3842:3833 3852 0
3843:3841 3844 3845 3846 3847 0
3844:3822 3843 0
3845:3843 0
3846:3843 3939 0
3847:3843 3898 0
3848:3817 3832 0
3849:3789 0
3850:3789 3899 3900 0
3851:3776 3816 0
3852:3776 3842 3878 3941 3942 3949 3955 3956 0
3853:3780 3781 3816 3867 3868 3869 0
3854:3817 3855 3856 3857 3858 3859 3860 3861 0
3855:3854 0
3856:3854 3936 0
3857:3854 3858 0
3858:3854 3857 3860 0
3859:3854 3895 3936 0
3860:3829 3854 3858 3900 3953 0
3861:3854 0
3862:3817 0
3863:3834 0
3864:3834 0
3865:3834 0
3866:3806 3836 3887 3905 3946 3959 0
3867:3807 3853 0
3868:3780 3853 0
3869:3853 3906 0
3870:3818 3871 0
3871:3818 3870 3881 0
3872:3873 0
3873:3872 3874 3875 0
3874:3873 3886 0
3875:3873 3922 3951 0
3876:3877 3878 0
3877:3876 3949 3950 0
3878:3852 3876 0
3879:3822 0
3880:3881 3882 0
3881:3871 3880 3883 0
3882:3880 3890 0
3883:3881 3888 3892 0
3884:3885 3886 3887 0
3885:3884 0
3886:3874 3884 3921 0
3887:3866 3884 3958 0
3888:3883 3889 0
3889:3888 3905 3951 0
3890:3882 3891 3892 0
3891:3890 0
3892:3883 3890 0
3893:3826 3894 3895 0
3894:3893 0
3895:3859 3893 3957 0
3896:3897 0
3897:3896 3951 0
3898:3847 0
3899:3830 3850 3901 3902 0
3900:3850 3860 3952 0
3901:3828 3899 0
3902:3824 3899 0
3903:3814 3838 0
3904:3814 3932 3938 3939 3947 0
3905:3818 3866 3889 0
3906:3869 3907 3908 0
3907:3906 0
3908:3906 3934 0
3909:3910 3911 3912 0
3910:3909 3913 0
3911:3909 0
3912:3909 3960 0
3913:3910 3914 0
3914:3913 3915 0
3915:3914 0
3916:3818 3828 3840 3917 3918 0
3917:3916 0
3918:3827 3916 0
3919:3818 3836 0
3920:3924 0
3921:3886 0
3922:3875 0
3923:3942 0
3924:3920 3958 3961 0
3925:3926 3927 0
3926:3925 3943 3946 0
3927:3925 3947 3948 0
3928:3815 0
3929:3815 3839 3937 0
3930:3931 3932 0
3931:3930 0
3932:3904 3930 0
3933:3934 0
3934:3908 3933 3935 0
3935:3934 3940 0
3936:3856 3859 3957 0
3937:3929 0
3938:3904 3939 0
3939:3846 3904 3938 0
3940:3935 3956 0
3941:3852 3942 0
3942:3852 3923 3941 0
3943:3926 0
3944:3835 0
3945:3829 3830 0
3946:3866 3926 0
3947:3904 3927 0
3948:3927 0
3949:3852 3877 0
3950:3807 3877 0
3951:3875 3889 3897 0
3952:3900 3953 0
3953:3860 3952 3954 0
3954:3794 3953 0
3955:3852 3956 0
3956:3852 3940 3955 0
3957:3895 3936 0
3958:3887 3924 3959 0
3959:3866 3958 0
3960:3912 0
3961:3924 0
3962:3809 0
3963:3964 0
3964:3963 3982 4023 0
3965:3966 3967 3968 0
3966:3965 3989 3990 0
3967:3965 3992 0
3968:3965 4021 4053 0
3969:3970 3971 0
3970:3969 3972 0
3971:3969 4049 0
3972:3970 3973 4026 0
3973:3972 3974 0
3974:3973 3992 0
3975:3976 0
3976:3975 4012 4055 0
3977:3978 3979 0
3978:3977 3979 4031 0
3979:3977 3978 4019 4029 4050 0
3980:3981 3982 3983 3984 0
3981:3980 3984 4011 4012 4013 0
3982:3964 3980 4047 0
3983:3980 4084 0
3984:3980 3981 0
3985:3986 3987 3988 0
3986:3985 4014 4015 4016 0
3987:3985 4081 0
3988:3985 4054 0
3989:3966 3991 3992 3993 3994 3995 0
3990:3966 3998 0
3991:3989 4009 4010 0
3992:3967 3974 3989 3997 4027 4028 4029 4030 0
3993:3989 0
3994:3989 3997 0
3995:3989 4019 4051 0
3996:3997 3998 3999 0
3997:3992 3994 3996 4000 4001 0
3998:3990 3996 0
3999:3996 4048 0
4000:3997 4048 0
4001:3997 4062 0
4002:3039 4003 4004 0
4003:4002 4005 4007 4008 0
4004:3038 4002 4041 4045 4071 0
4005:4003 4006 0
4006:4005 4059 4075 0
4007:4003 4052 0
4008:4003 4010 4061 4069 0
4009:3991 0
4010:3991 4008 4029 0
4011:497 3981 4023 4034 0
4012:3976 3981 4051 4072 4073 4074 0
4013:3981 4083 0
4014:3986 0
4015:3986 0
4016:3986 4017 4019 4020 0
4017:4016 4018 0
4018:4017 4021 4022 0
4019:3979 3995 4016 4053 4063 4068 4069 0
4020:4016 4087 0
4021:3968 4018 4042 4043 0
4022:4018 4053 0
4023:3964 4011 0
4024:4025 0
4025:4024 4034 4091 0
4026:3972 4046 0
4027:3992 0
4028:3992 0
4029:3979 3992 4010 4066 0
4030:3992 0
4031:3978 4032 0
4032:4031 4052 4058 4063 4069 0
4033:597 4046 0
4034:4011 4025 0
4035:4036 4037 0
4036:4035 4054 0
4037:4035 4055 0
4038:4039 4040 0
4039:4038 4041 0
4040:4038 4064 0
4041:4004 4039 0
4042:4021 0
4043:4021 0
4044:4045 0
4045:4004 4044 4064 4067 0
4046:4026 4033 0
4047:3982 4074 4083 0
4048:3999 4000 0
4049:3971 4076 0
4050:3979 4051 0
4051:3995 4012 4050 4070 0
4052:4007 4032 4061 4069 4070 0
4053:3968 4019 4022 0
4054:3988 4036 4055 0
4055:3976 4037 4054 0
4056:4057 4058 4059 4060 0
4057:4056 4058 0
4058:4032 4056 4057 0
4059:4006 4056 0
4060:4056 4069 0
4061:4008 4052 0
4062:4001 0
4063:4019 4032 0
4064:4040 4045 4065 0
4065:4064 4071 0
4066:4029 0
4067:3216 4045 0
4068:4019 0
4069:4008 4019 4032 4052 4060 0
4070:4051 4052 0
4071:4004 4065 0
4072:4012 0
4073:4012 0
4074:4012 4047 0
4075:4006 0
4076:4049 4077 0
4077:4076 4078 0
4078:4077 4079 4080 0
4079:4078 4086 0
4080:4078 4086 0
4081:3987 0
4082:4083 4084 0
4083:4013 4047 4082 4085 0
4084:3983 4082 0
4085:4083 0
4086:4079 4080 4123 4125 0
4087:4020 4088 4089 4090 0
4088:4087 0
4089:4087 0
4090:4087 0
4091:4025 0
4092:4093 0
4093:4092 4095 4097 4098 4099 0
4094:4095 0
4095:2803 4093 4094 4096 4097 0
4096:4095 0
4097:4093 4095 4109 4110 4111 0
4098:4093 0
4099:2903 4093 4156 4196 4218 4232 0
4100:2903 4101 4102 4103 0
4101:4100 4108 4116 4239 4240 0
4102:2761 2903 4100 4107 4223 4281 4292 0
4103:4100 0
4104:4105 4106 0
4105:4104 4107 4108 0
4106:4104 4315 4316 0
4107:636 4102 4105 4108 4166 4191 4249 4261 0
4108:4101 4105 4107 4262 0
4109:4097 4137 4176 4177 4178 0
4110:4097 4111 4143 4231 0
4111:4097 4110 4143 0
4112:4113 0
4113:4112 4114 4115 4116 0
4114:4113 0
4115:4113 4240 0
4116:4101 4113 0
4117:4118 4119 0
4118:4117 4145 4146 4147 0
4119:4117 4174 0
4120:4121 4122 0
4121:4120 4145 4148 4175 4215 0
4122:4120 4306 4307 4308 4309 0
4123:4086 0
4124:4125 0
4125:4086 4124 4133 4151 4152 4153 0
4126:4127 4128 4129 4130 4131 0
4127:4126 4129 0
4128:4126 0
4129:4126 4127 4160 0
4130:4126 0
4131:4126 4301 4302 0
4132:4133 4134 4135 4136 0
4133:4125 4132 4145 4208 4209 0
4134:4132 0
4135:4132 0
4136:4132 0
4137:2803 4109 4156 4157 4158 0
4138:4139 4140 4141 4142 0
4139:2804 4138 4143 4144 0
4140:4138 0
4141:4138 0
4142:4138 0
4143:4110 4111 4139 4236 0
4144:4139 0
4145:4118 4121 4133 4202 4212 4213 4214 0
4146:4118 4213 4319 0
4147:4118 0
4148:4121 4149 4150 0
4149:4148 0
4150:4148 0
4151:4125 4154 0
4152:4125 4155 0
4153:4125 4207 0
4154:4151 4259 0
4155:4152 0
4156:4099 4137 4172 4194 4197 4201 0
4157:4137 4172 4192 4219 4223 0
4158:4137 4300 0
4159:534 4160 4182 0
4160:534 2804 4129 4159 4182 4293 0
4161:534 0
4162:213 4236 0
4163:523 2512 4164 4165 0
4164:521 4163 4211 0
4165:4163 0
4166:636 2903 4107 0
4167:4168 4169 4170 0
4168:4167 4171 4172 4173 0
4169:4167 0
4170:4167 0
4171:4168 4179 4180 0
4172:4156 4157 4168 4173 4216 4218 0
4173:4168 4172 0
4174:195 4119 4175 0
4175:638 4121 4174 4234 0
4176:4109 4204 4205 4206 0
4177:4109 4178 0
4178:4109 4177 4273 0
4179:4171 0
4180:4171 0
4181:4182 0
4182:2804 4159 4160 4181 4183 4184 4186 0
4183:4182 0
4184:4182 4185 0
4185:4184 0
4186:2804 4182 4260 0
4187:2511 0
4188:2511 0
4189:4190 0
4190:4189 4191 0
4191:4107 4190 4241 4249 4267 0
4192:4157 4193 0
4193:636 4192 0
4194:4156 4195 4196 0
4195:4194 0
4196:4099 4194 4228 4229 4230 0
4197:4156 4198 4199 4200 0
4198:4197 4224 4225 4226 4227 0
4199:4197 0
4200:4197 0
4201:4156 4294 4295 4296 4297 4298 4299 0
4202:4145 4203 0
4203:4202 4245 4246 0
4204:4176 0
4205:4176 0
4206:4176 0
4207:608 4153 0
4208:4133 4209 4244 0
4209:4133 4208 4279 4280 0
4210:2512 0
4211:4164 0
4212:4145 4282 4283 4284 4285 4286 0
4213:4145 4146 0
4214:4145 4234 0
4215:4121 4237 4238 0
4216:4172 4217 0
4217:4216 0
4218:2903 4099 4172 4263 4264 4265 4266 0
4219:4157 4220 4221 4222 0
4220:4219 0
4221:4219 0
4222:4219 0
4223:2903 4102 4157 0
4224:4198 0
4225:4198 0
4226:4198 0
4227:4198 0
4228:4196 0
4229:4196 0
4230:4196 0
4231:4110 0
4232:4099 4233 0
4233:4232 0
4234:4175 4214 0
4235:638 2804 4236 0
4236:638 4143 4162 4235 0
4237:4215 0
4238:4215 0
4239:4101 4252 4253 4254 4255 4256 0
4240:4101 4115 4291 0
4241:4191 4242 4243 0
4242:4241 0
4243:4241 0
4244:4208 0
4245:4203 0
4246:4203 0
4247:944 0
4248:944 0
4249:4107 4191 4250 4251 0
4250:4249 4257 4258 0
4251:4249 0
4252:4239 4287 4288 4289 4290 0
4253:4239 0
4254:4239 0
4255:4239 0
4256:4239 0
4257:4250 0
4258:4250 0
4259:4154 0
4260:4186 0
4261:4107 4274 4275 4276 4277 4278 0
4262:4108 4310 4311 0
4263:4218 0
4264:4218 0
4265:4218 0
4266:4218 0
4267:4191 4268 4269 4270 0
4268:4267 0
4269:4267 0
4270:4267 0
4271:0
4272:0
4273:4178 0
4274:4261 0
4275:4261 0
4276:4261 0
4277:4261 0
4278:4261 0
4279:4209 0
4280:4209 0
4281:4102 0
4282:4212 0
4283:4212 0
4284:4212 0
4285:4212 0
4286:4212 0
4287:4252 0
4288:4252 0
4289:4252 0
4290:4252 0
4291:4240 4304 4305 0
4292:4102 4317 4318 0
4293:4160 0
4294:4201 0
4295:4201 0
4296:4201 0
4297:4201 0
4298:4201 0
4299:4201 0
4300:4158 0
4301:4131 0
4302:4131 0
4303:2904 0
4304:4291 0
4305:4291 0
4306:4122 0
4307:4122 0
4308:4122 0
4309:4122 4312 4313 4314 0
4310:4262 0
4311:4262 0
4312:4309 0
4313:4309 0
4314:4309 0
4315:4106 0
4316:4106 0
4317:4292 0
4318:4292 0
4319:4146 0
4320:4321 4322 4323 0
4321:4320 4350 0
4322:4320 0
4323:4320 4351 4372 0
4324:4325 0
4325:4324 4326 4330 0
4326:4325 4327 0
4327:4326 4340 4369 0
4328:4329 0
4329:4328 4337 4355 4356 0
4330:4325 4340 0
4331:4333 4335 4342 0
4332:4336 4338 4340 4346 0
4333:4331 4335 0
4334:4337 4355 0
4335:4331 4333 0
4336:4332 0
4337:4329 4334 4355 4356 0
4338:4332 4339 4340 4341 0
4339:4338 4373 0
4340:4327 4330 4332 4338 4361 4374 0
4341:4338 4373 4376 0
4342:4331 0
4343:4344 0
4344:339 4343 0
4345:0
4346:4332 0
4347:396 4348 4382 4383 4385 0
4348:396 4347 4385 0
4349:4350 4354 4378 0
4350:4321 4349 4351 4352 4385 0
4351:4323 4350 4372 4385 4394 0
4352:4350 0
4353:4354 0
4354:4349 4353 4389 0
4355:4329 4334 4337 4356 0
4356:4329 4337 4355 0
4357:0
4358:4360 0
4359:0
4360:4358 0
4361:4340 4363 0
4362:0
4363:4361 0
4364:0
4365:4366 0
4366:4365 4367 0
4367:4366 4375 4377 4379 0
4368:312 4382 4383 0
4369:4327 4370 4371 0
4370:4369 4393 0
4371:4369 0
4372:4323 4351 0
4373:4339 4341 0
4374:4340 0
4375:4367 4376 0
4376:4341 4375 4377 4378 0
4377:4367 4376 4378 4379 4386 0
4378:4349 4376 4377 0
4379:4367 4377 4388 0
4380:0
4381:0
4382:4347 4368 0
4383:4347 4368 0
4384:4385 0
4385:4347 4348 4350 4351 4384 0
4386:4377 4389 0
4387:339 0
4388:4379 0
4389:4354 4386 0
4390:0
4391:0
4392:0
4393:4370 0
4394:4351 0
4395:4396 0
4396:372 4395 4397 4398 0
4397:372 4396 4398 4408 0
4398:4396 4397 4405 4409 0
4399:4400 4401 0
4400:4399 0
4401:372 4399 0
4402:415 0
4403:4404 4405 0
4404:4403 0
4405:4398 4403 0
4406:389 0
4407:372 0
4408:1321 4397 4409 4410 0
4409:1321 4398 4408 4411 0
4410:4408 0
4411:4409 0
4412:108 0
4413:904 0
4414:904 0
4415:4416 0
4416:4415 4417 0
4417:4416 0
4418:4419 0
4419:4418 4420 0
4420:4419 0
4421:0
4422:0
4423:0
4424:0
4425:54 0
4426:4427 4428 0
4427:3541 4426 4429 4458 4467 4468 4469 0
4428:4426 4496 4603 0
4429:4427 4430 0
4430:4429 4524 0
4431:2318 4432 4433 4434 4435 0
4432:4431 4560 4561 0
4433:4431 4566 4617 4618 4634 4649 0
4434:4431 4490 4664 0
4435:4431 0
4436:4437 4438 4439 0
4437:4436 4670 0
4438:4436 4563 4668 0
4439:4436 0
4440:4441 4442 0
4441:4440 4452 0
4442:4440 4460 4642 0
4443:4444 0
4444:4443 4505 0
4445:4446 4447 4448 4449 4450 0
4446:2342 3513 4445 4451 0
4447:4445 4518 4519 4520 0
4448:4445 4650 4651 0
4449:4445 4509 0
4450:4445 4590 0
4451:3310 4446 4578 4785 4809 4810 4811 0
4452:4441 0
4453:3513 4455 4456 0
4454:3513 3755 4488 4538 0
4455:2341 4453 4631 4632 4633 0
4456:2411 4453 4768 4769 0
4457:3441 3541 0
4458:4427 4459 0
4459:3441 4458 0
4460:4442 4461 4462 0
4461:3437 4460 4463 0
4462:4460 0
4463:4461 4482 0
4464:4465 4466 0
4465:4464 4474 4588 0
4466:2445 4464 0
4467:4427 4498 0
4468:4427 4564 0
4469:4427 4555 0
4470:4471 4472 4473 0
4471:4470 4474 4475 0
4472:4470 4500 0
4473:4470 4598 0
4474:4465 4471 4640 4641 0
4475:4471 4501 4694 0
4476:4477 4478 0
4477:4476 4498 0
4478:4476 4612 4614 4615 0
4479:3516 4480 0
4480:4479 4520 0
4481:4482 4483 0
4482:4463 4481 4503 4506 4507 0
4483:4481 4595 4607 0
4484:2460 3487 4488 0
4485:2460 0
4486:2460 4599 0
4487:2460 4532 0
4488:4454 4484 0
4489:2445 4490 4491 4492 0
4490:4434 4489 0
4491:4489 4659 4660 0
4492:4489 0
4493:4494 4495 0
4494:4493 4568 0
4495:4493 4522 0
4496:4428 4497 0
4497:4496 4530 4556 0
4498:4467 4477 4748 0
4499:4500 4501 4502 0
4500:4472 4499 4501 0
4501:4475 4499 4500 0
4502:4499 4759 0
4503:4482 4504 0
4504:4503 4505 0
4505:4444 4504 4674 0
4506:4482 0
4507:4482 0
4508:4509 0
4509:4449 4508 4510 0
4510:4509 4609 4613 0
4511:4512 4513 0
4512:4511 4536 4547 4552 0
4513:4511 4533 4600 0
4514:4515 4516 0
4515:2445 4514 4517 0
4516:4514 4598 0
4517:4515 4593 0
4518:4447 4565 4590 4591 0
4519:4447 4634 0
4520:4447 4480 0
4521:3516 4663 4678 0
4522:4495 4523 0
4523:4522 4609 4654 4658 0
4524:4430 4525 4526 4527 0
4525:4524 4539 4540 4541 0
4526:4524 4652 4653 0
4527:4524 0
4528:4529 4530 4531 0
4529:4528 0
4530:3487 4497 4528 0
4531:4528 4557 0
4532:4487 4533 0
4533:4513 4532 4639 0
4534:4535 4536 4537 0
4535:4534 4538 0
4536:4512 4534 4604 4605 0
4537:3519 4534 0
4538:4454 4535 4635 0
4539:4525 4670 4687 0
4540:4525 0
4541:4525 4680 0
4542:4543 4544 0
4543:4542 4545 4546 4547 4548 4549 4550 4551 0
4544:4542 4579 0
4545:4543 0
4546:4543 4606 4646 0
4547:4512 4543 4662 0
4548:4543 4691 4693 0
4549:4543 0
4550:4543 0
4551:4543 0
4552:4512 4747 0
4553:4554 4555 0
4554:4553 4563 0
4555:4469 4553 4658 4667 0
4556:4497 4557 0
4557:4531 4556 4592 4606 0
4558:3439 4559 0
4559:4558 4576 4624 4656 4686 0
4560:4432 0
4561:4432 0
4562:4563 0
4563:4438 4554 4562 0
4564:4468 4642 0
4565:4518 4566 4567 0
4566:4433 4565 4647 0
4567:4565 0
4568:4494 4569 4570 0
4569:2342 4568 4570 4572 4625 4645 0
4570:4568 4569 4682 0
4571:2336 4572 4573 4574 4575 0
4572:4569 4571 4589 0
4573:4571 0
4574:4571 4681 0
4575:4571 4636 4645 0
4576:3310 4559 4577 4578 0
4577:4576 4623 4624 0
4578:4451 4576 4763 4765 0
4579:4544 4580 4581 4582 4583 0
4580:4579 4683 4686 0
4581:4579 0
4582:4579 0
4583:4579 0
4584:4585 4586 4587 0
4585:4584 4623 0
4586:4584 0
4587:4584 0
4588:4465 0
4589:4572 4761 0
4590:4450 4518 4591 0
4591:4518 4590 0
4592:4557 0
4593:4517 4610 4677 0
4594:4595 4596 0
4595:4483 4594 4597 0
4596:4594 0
4597:4595 0
4598:4473 4516 0
4599:4486 4600 0
4600:4513 4599 0
4601:2452 2454 4665 0
4602:2452 4701 4715 0
4603:4428 4615 0
4604:4536 0
4605:4536 0
4606:4546 4557 0
4607:4483 4608 0
4608:4607 4670 4680 0
4609:4510 4523 0
4610:4593 0
4611:3511 4612 0
4612:4478 4611 4637 0
4613:4510 0
4614:4478 0
4615:4478 4603 0
4616:2461 3511 0
4617:4433 4618 4619 4620 4621 0
4618:4433 4617 4622 0
4619:4617 0
4620:4617 0
4621:4617 0
4622:4618 4649 4671 0
4623:4577 4585 0
4624:4559 4577 4679 0
4625:4569 4626 0
4626:4625 4651 4669 0
4627:3519 3755 0
4628:3519 4635 4663 0
4629:3519 4745 4746 0
4630:2341 0
4631:4455 0
4632:4455 0
4633:3441 4455 0
4634:4433 4519 4648 4762 0
4635:4538 4628 0
4636:4575 0
4637:4612 4638 0
4638:4637 0
4639:4533 0
4640:2457 4474 4688 0
4641:4474 4756 0
4642:4442 4564 0
4643:4644 4645 0
4644:4643 0
4645:4569 4575 4643 0
4646:4546 0
4647:4566 0
4648:4634 0
4649:4433 4622 4672 0
4650:4448 0
4651:4448 4626 4661 0
4652:3441 4526 4654 4655 0
4653:4526 4668 0
4654:2342 4523 4652 0
4655:4652 4670 0
4656:4559 4657 0
4657:4656 0
4658:4523 4555 0
4659:2435 4491 4685 0
4660:4491 4757 0
4661:4651 0
4662:4547 0
4663:4521 4628 0
4664:4434 4753 0
4665:4601 4700 4705 4736 4737 0
4666:4667 0
4667:4555 4666 0
4668:4438 4653 0
4669:4626 0
4670:4437 4539 4608 4655 0
4671:4622 0
4672:4649 4673 0
4673:4672 0
4674:4505 0
4675:2454 4722 4724 4740 0
4676:2454 4717 0
4677:2445 4593 0
4678:4521 0
4679:4624 4750 0
4680:4541 4608 0
4681:4574 4760 0
4682:4570 0
4683:4580 4684 0
4684:4683 0
4685:4659 0
4686:4559 4580 0
4687:4539 0
4688:4640 0
4689:2457 0
4690:864 2457 0
4691:4548 4692 0
4692:4691 0
4693:4548 0
4694:4475 4755 4756 0
4695:4696 4697 0
4696:4695 4712 0
4697:4695 4705 0
4698:4699 4700 0
4699:4698 4710 0
4700:4665 4698 0
4701:4602 4702 0
4702:4701 4703 0
4703:4702 4704 0
4704:4703 4715 0
4705:4665 4697 4706 4707 4708 0
4706:4705 4709 4713 4718 4733 0
4707:4705 4709 0
4708:4705 0
4709:4706 4707 0
4710:4699 4711 0
4711:4710 4712 0
4712:4696 4711 0
4713:4706 4714 0
4714:4713 4716 4723 4726 4731 4732 0
4715:4602 4704 0
4716:4714 4717 0
4717:4676 4716 4724 4734 4739 0
4718:4706 4719 0
4719:4718 4723 0
4720:4721 4722 0
4721:4720 4735 0
4722:4675 4720 0
4723:4714 4719 0
4724:4675 4717 4725 0
4725:4724 4743 4744 0
4726:4714 4727 0
4727:2455 2456 4726 0
4728:2455 4729 4730 0
4729:4728 0
4730:2455 4728 4752 0
4731:4714 0
4732:4714 0
4733:4706 4734 0
4734:4717 4733 0
4735:4721 4738 0
4736:4665 4741 0
4737:4665 0
4738:4735 4739 0
4739:4717 4738 0
4740:4675 4742 0
4741:4736 4742 0
4742:4740 4741 0
4743:4725 0
4744:4725 0
4745:4629 0
4746:4629 0
4747:4552 0
4748:4498 4749 0
4749:4748 0
4750:4679 4751 0
4751:4750 0
4752:4730 0
4753:4664 0
4754:4755 0
4755:4694 4754 0
4756:4641 4694 4758 0
4757:4660 0
4758:4756 0
4759:4502 0
4760:4681 0
4761:4589 0
4762:4634 0
4763:2253 4578 4764 0
4764:4763 4766 4778 0
4765:4578 4766 0
4766:3754 4764 4765 0
4767:3433 4772 4811 0
4768:4456 4785 4788 4789 0
4769:3463 4456 4789 0
4770:4771 4772 0
4771:4770 4825 0
4772:4767 4770 4825 0
4773:4774 4775 4776 0
4774:4773 4791 0
4775:4773 0
4776:3446 4773 4833 0
4777:4778 0
4778:2253 2411 2448 4764 4777 0
4779:4780 4781 4782 0
4780:4779 0
4781:4779 4815 0
4782:4779 4783 0
4783:4782 4784 0
4784:4783 4816 0
4785:4451 4768 4786 4787 0
4786:4785 0
4787:4785 0
4788:4768 0
4789:3391 4768 4769 4823 0
4790:4791 0
4791:3472 4774 4790 4792 4793 0
4792:4791 4815 4818 0
4793:3463 4791 4813 0
4794:3543 4829 4830 0
4795:3543 4826 0
4796:3543 4817 0
4797:1092 4798 0
4798:139 4797 0
4799:225 4800 0
4800:2439 4799 4805 0
4801:2361 0
4802:2439 4803 0
4803:139 4802 0
4804:2439 0
4805:4800 0
4806:3711 4807 0
4807:3754 4806 0
4808:1125 3391 0
4809:4451 0
4810:4451 0
4811:4451 4767 4824 0
4812:4813 4814 0
4813:4793 4812 4822 0
4814:4812 4834 0
4815:4781 4792 4816 4817 0
4816:4784 4815 0
4817:4796 4815 0
4818:139 4792 0
4819:4831 0
4820:0
4821:4831 4834 0
4822:4813 0
4823:3463 3754 4789 0
4824:4811 0
4825:4771 4772 0
4826:1125 4795 4827 4828 0
4827:4826 4829 0
4828:4826 4832 0
4829:4794 4827 0
4830:4794 0
4831:4819 4821 0
4832:4828 0
4833:4776 0
4834:4814 4821 0
4835:864 4836 0
4836:4835 4843 0
4837:13 0
4838:13 4840 0
4839:870 4840 0
4840:4838 4839 0
4841:870 4842 0
4842:899 4841 0
4843:4836 0
