4941
6594
3 1 2 3 
6 0 427 434 435 436 437 
5 0 431 457 458 459 
3 0 477 522 
4 5 6 7 8 
3 4 3643 3679 
2 4 3396 
2 4 3396 
3 4 3750 3829 
1 10 
3 9 3453 3534 
1 12 
3 11 4934 4935 
1 14 
8 13 114 118 124 170 172 173 174 
2 16 17 
5 15 31 32 33 34 
2 15 46 
1 19 
3 18 20 21 
1 19 
6 19 22 23 24 25 26 
2 21 27 
3 21 130 131 
2 21 105 
7 21 27 66 130 197 204 225 
2 21 30 
3 22 25 60 
2 29 30 
7 28 58 59 98 176 177 178 
3 26 28 66 
1 16 
5 16 35 36 37 38 
1 16 
3 16 95 166 
1 32 
1 32 
3 32 43 67 
2 32 116 
2 40 41 
3 39 42 43 
2 39 189 
2 40 44 
2 37 40 
4 42 162 244 254 
2 46 47 
3 17 45 110 
2 45 64 
1 49 
3 48 109 126 
1 51 
6 50 54 152 167 529 539 
2 53 54 
2 52 115 
6 51 52 126 167 217 4522 
2 56 57 
4 55 92 94 127 
2 55 221 
4 29 59 60 61 
3 29 58 60 
5 27 58 59 70 225 
1 58 
2 63 64 
2 62 230 
2 47 62 
1 66 
9 25 30 65 93 125 153 165 183 184 
1 37 
2 69 70 
5 68 70 106 176 209 
7 60 68 69 83 188 195 225 
2 72 73 
2 71 129 
3 71 76 192 
2 75 76 
2 74 129 
4 73 74 176 234 
1 78 
3 77 79 80 
5 78 81 82 83 84 
2 78 90 
6 79 85 86 87 88 89 
7 79 133 136 138 141 142 143 
3 70 79 84 
2 79 83 
1 81 
1 81 
1 81 
5 81 100 101 102 104 
4 81 129 191 235 
2 80 91 
2 90 226 
5 56 93 94 95 96 
3 66 92 97 
2 56 92 
3 34 92 262 
2 92 210 
2 93 227 
2 29 99 
4 98 159 236 238 
1 88 
1 88 
2 88 103 
7 102 162 193 247 248 249 250 
3 88 158 178 
3 24 106 107 
3 69 105 187 
2 105 195 
1 109 
7 49 108 126 168 601 610 4509 
3 46 190 210 
3 112 113 114 
4 111 182 199 200 
4 111 120 123 182 
2 14 111 
2 53 149 
2 38 117 
2 116 160 
2 14 119 
2 118 173 
5 113 121 122 123 124 
2 120 124 
2 120 124 
2 113 120 
6 14 120 121 122 249 254 
2 66 126 
7 49 54 109 125 164 218 2566 
2 56 128 
2 127 129 
7 72 75 89 128 191 211 233 
2 23 25 
1 23 
1 133 
6 82 132 134 135 139 140 
1 133 
1 133 
1 82 
1 138 
3 82 137 144 
3 133 1047 1114 
5 133 1146 4895 4900 4915 
10 82 193 1078 1095 1141 1142 1143 1144 1145 1146 
5 82 1040 1061 1078 1147 
2 82 2450 
4 138 196 197 198 
2 146 147 
3 145 154 156 
3 145 222 263 
3 149 150 151 
3 115 148 152 
3 148 151 201 
3 148 150 258 
3 51 149 175 
1 66 
4 146 155 156 157 
3 154 158 159 
2 146 154 
2 154 241 
4 104 155 239 240 
3 99 155 227 
2 117 161 
2 160 162 
4 44 103 161 163 
3 162 250 1094 
2 126 165 
2 66 164 
3 34 261 264 
2 51 54 
2 109 169 
2 168 226 
2 14 171 
1 170 
1 14 
3 14 119 243 
2 14 200 
4 152 259 534 546 
3 29 69 76 
1 29 
3 29 104 179 
8 178 197 201 212 213 214 215 216 
2 181 182 
2 180 199 
3 112 113 180 
2 66 185 
2 66 220 
2 183 186 
2 185 601 
4 106 255 256 257 
1 70 
3 41 190 191 
3 110 189 230 
7 89 129 189 210 221 231 232 
2 73 219 
3 103 141 194 
3 193 1044 1116 
2 70 107 
5 144 197 205 206 207 
5 25 144 179 196 246 
5 144 207 650 963 4256 
3 112 181 235 
2 112 174 
3 150 179 202 
3 201 548 3891 
1 204 
2 25 203 
1 196 
1 196 
4 196 198 570 610 
1 209 
2 69 208 
4 96 110 191 211 
2 129 210 
1 179 
1 179 
1 179 
1 179 
3 179 541 4244 
1 54 
1 126 
2 192 220 
3 184 219 267 
2 57 191 
3 147 223 224 
2 222 242 
3 222 239 265 
6 25 60 70 226 227 228 
4 91 169 225 229 
3 97 159 225 
2 225 4896 
2 226 266 
2 63 190 
2 191 234 
1 191 
1 129 
2 76 231 
2 89 199 
2 99 237 
1 236 
1 99 
2 158 224 
3 158 241 242 
4 157 240 251 252 
2 223 240 
3 173 244 245 
3 44 243 246 
1 243 
2 197 244 
1 103 
1 103 
2 103 124 
5 103 163 1060 1099 1104 
2 241 260 
2 241 265 
1 254 
3 44 124 253 
1 187 
1 187 
1 187 
2 151 259 
2 175 258 
2 251 261 
2 166 260 
1 95 
1 147 
1 166 
2 224 252 
1 229 
1 220 
3 269 270 271 
6 268 309 310 314 315 316 
3 268 376 398 
1 268 
3 273 274 275 
4 272 276 277 278 
2 272 409 
3 272 392 420 
7 273 278 321 322 329 387 395 
3 273 404 405 
4 273 276 314 376 
2 280 281 
6 279 282 283 284 285 286 
4 279 333 362 410 
8 280 286 305 318 321 368 371 372 
1 280 
1 280 
2 280 372 
2 280 282 
2 288 289 
4 287 289 364 385 
5 287 288 392 397 409 
2 291 292 
4 290 297 366 411 
3 290 353 422 
1 294 
3 293 295 300 
5 294 296 297 298 299 
6 295 308 324 325 326 327 
6 291 295 322 366 380 385 
2 295 299 
4 295 298 366 423 
3 294 320 406 
1 302 
2 301 303 
6 302 304 305 306 307 308 
6 303 305 306 307 308 367 
6 282 303 304 307 329 389 
3 303 304 307 
8 303 304 305 306 367 368 369 370 
4 296 303 304 327 
5 269 310 311 312 313 
2 269 309 
4 309 313 315 400 
2 309 313 
3 309 311 312 
3 269 278 317 
2 269 311 
1 269 
2 314 4465 
3 282 319 320 
3 318 321 322 
2 300 318 
5 276 282 319 329 373 
5 276 297 319 328 353 
1 324 
2 296 323 
3 296 326 330 
2 296 325 
2 296 308 
3 322 329 330 
4 276 305 321 328 
4 325 328 340 341 
5 332 333 334 335 336 
4 331 337 338 339 
2 281 331 
4 331 335 349 417 
2 331 334 
1 331 
3 332 340 341 
2 332 349 
4 332 345 346 410 
2 330 337 
2 330 337 
2 343 344 
3 342 400 401 
3 342 4439 4484 
2 339 346 
2 339 345 
1 348 
4 347 383 384 390 
2 334 338 
1 351 
3 350 352 353 
2 351 414 
5 292 322 351 355 379 
1 355 
7 353 354 356 357 359 360 361 
1 355 
2 355 358 
1 357 
1 355 
1 355 
3 355 379 402 
2 281 363 
1 362 
2 288 365 
3 364 395 396 
3 291 297 299 
5 304 307 368 369 370 
5 282 307 367 369 370 
5 307 367 368 370 372 
5 307 367 368 369 386 
1 282 
3 282 285 369 
3 321 1267 1421 
1 375 
3 374 376 377 
4 270 278 375 412 
5 375 4493 4494 4498 4504 
1 379 
3 353 361 378 
1 297 
1 382 
2 381 383 
3 348 382 384 
4 348 383 407 414 
2 288 297 
1 370 
2 276 388 
1 387 
1 305 
1 348 
3 392 393 394 
6 275 289 391 409 418 419 
1 391 
2 391 4503 
3 276 365 397 
2 365 403 
2 289 395 
2 270 399 
6 398 1160 1166 1258 1354 1356 
2 311 343 
3 343 4442 4443 
1 361 
1 396 
1 277 
1 277 
2 300 421 
2 384 408 
1 407 
3 274 289 392 
4 281 339 415 416 
1 291 
2 376 413 
1 412 
2 352 384 
1 410 
1 410 
1 334 
1 392 
1 392 
2 275 4499 
1 406 
1 292 
1 299 
6 425 426 427 428 429 430 
4 424 431 432 433 
3 424 436 507 
2 1 424 
3 424 429 507 
3 424 428 488 
2 424 484 
5 2 425 433 453 454 
6 425 433 451 464 503 504 
3 425 431 432 
1 1 
1 1 
2 1 426 
2 1 2456 
1 439 
5 438 448 491 495 508 
2 441 442 
2 440 477 
11 440 466 891 2293 2392 2398 2405 2423 2433 2435 2436 
1 444 
5 443 445 446 447 448 
5 444 449 450 451 452 
3 444 455 456 
2 444 474 
2 439 444 
7 445 452 467 468 469 470 471 
2 445 473 
4 432 445 485 501 
3 445 449 509 
8 431 460 461 462 463 464 465 466 
6 431 2314 2315 2316 2327 2328 
3 446 508 517 
3 446 473 475 
3 2 478 497 
3 2 902 2293 
4 2 2325 2438 2494 
1 453 
1 453 
1 453 
1 453 
4 432 453 466 497 
4 453 2298 2308 2340 
4 442 453 464 2433 
1 449 
1 449 
3 449 479 480 
4 449 512 513 514 
3 449 498 515 
1 473 
5 450 456 472 474 475 
5 447 473 509 510 511 
2 456 473 
1 477 
4 3 441 476 478 
3 457 477 520 
1 469 
3 469 1516 1547 
2 482 483 
2 481 515 
2 481 1598 
7 430 485 486 487 488 489 490 
2 451 484 
1 484 
2 484 506 
3 429 484 506 
3 484 495 502 
3 484 494 502 
5 439 492 493 494 495 
1 491 
2 491 501 
2 490 491 
3 439 489 491 
1 497 
3 457 464 496 
3 471 499 500 
3 498 1447 1807 
1 498 
3 451 493 502 
3 489 490 501 
2 432 505 
2 432 4093 
2 503 1367 
2 487 488 
2 426 428 
3 439 455 516 
2 452 474 
1 474 
3 474 515 525 
1 470 
2 470 524 
3 470 1603 1662 
3 471 482 511 
1 508 
1 455 
1 519 
3 518 520 521 
2 478 519 
2 519 523 
2 3 523 
2 521 522 
1 513 
1 511 
2 527 528 
4 526 536 540 541 
3 526 541 4246 
2 51 530 
2 529 4245 
1 532 
3 531 533 534 
3 532 536 539 
5 175 532 539 543 547 
3 536 537 538 
3 527 533 535 
3 535 539 550 
2 535 543 
4 51 533 534 537 
2 527 551 
6 216 527 528 4241 4242 4243 
4 543 544 545 546 
6 534 538 542 544 549 550 
2 542 543 
2 542 549 
2 175 542 
2 534 548 
3 202 547 694 
2 543 545 
2 537 543 
1 540 
2 553 554 
2 552 1489 
4 552 1433 1478 1479 
11 556 557 558 559 560 561 562 563 564 565 566 
3 555 2513 2514 
13 555 563 564 565 2761 2796 2799 2817 2818 2819 2820 2821 2822 
6 555 562 2632 2633 2684 2823 
9 555 2513 2683 2806 2808 2834 2835 2836 2837 
3 555 3059 3060 
6 555 3040 3041 3181 3188 3189 
3 555 558 3213 
3 555 557 3210 
3 555 557 3211 
3 555 557 3212 
2 555 3292 
1 568 
4 567 569 570 571 
2 568 579 
5 207 568 623 636 650 
2 568 615 
1 573 
5 572 574 575 576 577 
1 573 
4 573 613 614 615 
3 573 615 643 
5 573 615 646 647 648 
2 579 580 
7 569 578 580 615 624 640 642 
5 578 579 594 598 599 
3 582 583 584 
7 581 585 631 632 633 634 635 
6 581 585 627 637 638 639 
3 581 587 634 
3 582 583 586 
3 585 587 635 
2 584 586 
3 589 590 591 
3 588 634 635 
1 588 
1 588 
1 593 
4 592 634 635 645 
6 580 595 596 597 598 599 
1 594 
1 594 
3 594 598 599 
3 580 594 597 
4 580 594 597 633 
1 601 
18 109 186 600 610 636 920 926 930 967 997 2565 4256 4513 4516 4518 4519 4520 4521 
1 603 
2 602 605 
1 605 
5 603 604 606 607 609 
1 605 
2 605 608 
3 607 2480 4115 
4 605 2327 2403 2458 
5 109 207 601 611 612 
3 610 922 926 
2 610 931 
2 575 616 
2 575 617 
8 571 575 576 577 579 618 623 624 
3 613 617 621 
3 614 616 622 
3 615 619 620 
1 618 
2 618 4289 
1 616 
1 617 
2 570 615 
3 579 615 649 
3 626 627 628 
3 625 629 630 
2 583 625 
1 625 
1 626 
3 626 639 643 
2 582 636 
2 582 636 
2 582 599 
4 582 584 589 593 
4 582 586 589 593 
4 570 601 631 632 
2 583 641 
2 583 641 
3 583 630 644 
2 579 641 
4 637 638 640 642 
2 579 641 
3 576 630 644 
2 639 643 
1 593 
1 577 
1 577 
4 577 4189 4248 4275 
1 624 
7 198 570 963 2823 4257 4317 4318 
4 652 653 654 655 
6 651 690 709 713 717 740 
1 651 
1 651 
1 651 
3 657 658 659 
5 656 673 674 675 676 
1 656 
3 656 675 757 
1 661 
3 660 662 663 
6 661 691 698 699 700 701 
4 661 715 717 720 
2 665 666 
2 664 774 
6 664 722 755 779 795 796 
2 668 669 
6 667 669 780 803 805 806 
10 667 668 727 728 733 743 766 768 780 809 
2 671 672 
3 670 674 681 
2 670 723 
1 657 
6 657 671 677 678 679 680 
4 657 659 721 722 
3 657 762 763 
4 674 680 733 768 
4 674 680 730 768 
4 674 750 777 778 
8 674 677 678 755 768 782 783 784 
5 671 721 723 724 725 
1 683 
6 682 684 685 686 687 688 
3 683 729 730 
5 683 730 735 736 737 
2 683 736 
3 683 755 781 
1 683 
1 690 
9 652 689 695 702 703 704 705 706 707 
4 662 692 693 694 
1 691 
1 691 
6 548 691 714 768 772 790 
3 690 696 697 
1 695 
3 695 739 740 
1 662 
1 662 
3 662 713 738 
1 662 
1 690 
1 690 
1 690 
1 690 
1 690 
1 690 
1 709 
5 652 708 710 711 712 
3 709 713 714 
1 709 
3 709 719 789 
7 652 700 710 758 770 771 772 
3 694 710 775 
1 663 
1 717 
5 652 663 716 718 719 
1 717 
3 712 717 773 
4 663 771 807 808 
2 675 681 
2 666 675 
2 672 681 
3 681 747 748 
2 681 779 
1 727 
3 669 726 728 
7 669 727 733 742 754 755 756 
1 684 
5 678 684 685 742 745 
1 732 
3 731 733 734 
6 669 677 728 732 756 767 
3 732 796 814 
1 685 
4 685 686 744 769 
2 685 755 
1 700 
1 697 
3 652 697 792 
1 742 
6 728 730 741 743 744 745 
3 669 742 746 
4 736 742 787 788 
3 730 742 804 
1 743 
1 724 
3 724 760 764 
4 750 751 752 753 
3 679 749 752 
3 749 797 799 
4 749 750 763 801 
3 749 793 811 
1 728 
7 666 680 687 728 737 756 761 
4 728 733 755 785 
1 659 
1 713 
1 760 
3 748 759 761 
3 755 760 786 
1 676 
3 676 752 776 
1 748 
1 766 
2 669 765 
1 733 
7 669 677 678 680 694 790 810 
1 736 
1 713 
3 713 720 800 
3 694 713 815 
1 719 
1 665 
1 714 
1 763 
1 679 
1 679 
2 666 725 
2 668 669 
1 687 
1 680 
1 680 
1 680 
1 756 
1 761 
1 744 
2 744 812 
1 712 
3 694 768 791 
1 790 
1 740 
2 753 794 
1 793 
1 666 
3 666 734 813 
2 751 798 
1 797 
1 751 
1 771 
1 752 
1 803 
2 668 802 
1 745 
1 668 
1 668 
1 720 
1 720 
1 669 
7 768 3886 3906 3912 3914 3915 3916 
1 753 
1 788 
1 796 
1 734 
1 772 
3 817 818 819 
5 816 820 821 822 823 
3 816 842 843 
4 816 823 833 862 
5 817 821 840 841 842 
5 817 820 822 844 845 
6 817 821 852 853 855 856 
4 817 819 825 913 
1 825 
6 823 824 827 835 836 837 
4 827 828 829 830 
6 825 826 831 832 833 834 
4 826 829 832 861 
6 826 828 839 861 863 864 
3 826 864 883 
1 827 
3 827 828 862 
3 819 827 882 
4 827 883 894 905 
1 825 
2 825 902 
4 825 888 905 1573 
1 839 
8 829 838 850 851 864 879 884 885 
1 820 
1 820 
2 818 820 
2 818 846 
2 821 847 
3 821 878 881 
2 843 847 
5 844 846 2409 2431 2504 
3 849 850 851 
3 848 865 866 
4 839 848 856 888 
8 839 848 854 856 868 886 903 904 
1 822 
2 822 854 
3 851 853 856 
5 822 857 858 859 860 
4 822 850 851 854 
2 855 911 
2 855 912 
2 855 872 
2 855 872 
3 828 829 862 
3 819 832 861 
1 829 
4 829 830 839 889 
3 849 879 880 
2 849 915 
1 868 
2 851 867 
1 870 
5 869 872 874 877 878 
1 872 
5 859 860 870 871 873 
1 872 
3 870 875 876 
2 874 878 
1 874 
1 870 
3 845 870 875 
2 839 865 
2 865 914 
3 845 4787 4932 
2 833 890 
4 830 834 897 898 
1 839 
2 839 899 
2 851 887 
3 886 4936 4938 
4 837 850 900 901 
1 864 
2 882 891 
3 442 890 2454 
1 893 
4 892 894 895 896 
2 834 893 
4 893 908 909 910 
2 893 1441 
1 883 
2 883 907 
1 885 
1 888 
6 888 905 1257 1560 1610 1611 
2 458 836 
2 851 906 
1 851 
3 834 837 901 
1 903 
2 898 908 
3 895 907 910 
1 895 
4 895 908 1365 1366 
2 857 1573 
2 858 1573 
1 823 
2 880 915 
3 866 914 916 
2 915 4939 
2 918 919 
3 917 920 921 
3 917 968 969 
4 601 918 927 928 
4 918 930 4510 4511 
4 611 923 924 925 
3 922 925 937 
2 922 1001 
2 922 923 
5 601 611 954 955 956 
2 920 945 
2 920 951 
1 930 
3 601 921 929 
14 612 932 933 934 935 936 937 938 939 940 941 942 943 944 
5 931 946 971 985 997 
1 931 
1 931 
3 931 936 1005 
5 931 935 953 1009 1012 
2 923 931 
1 931 
1 931 
1 931 
1 931 
1 931 
1 931 
1 931 
6 927 946 947 948 949 950 
9 932 945 950 965 966 989 991 995 996 
2 945 964 
1 945 
4 945 1001 1009 1010 
3 945 946 1002 
3 928 952 953 
3 951 953 1013 
3 936 951 952 
3 926 957 992 
3 926 1001 1006 
2 926 1007 
2 954 958 
2 957 959 
2 958 960 
2 959 2403 
1 962 
2 961 963 
5 198 650 962 4329 4330 
4 947 965 966 967 
2 946 964 
2 946 964 
2 601 964 
9 919 970 971 972 973 974 975 976 977 
2 919 992 
3 968 978 979 
3 932 968 995 
1 968 
2 968 976 
2 968 1003 
3 968 1000 1012 
3 968 973 992 
3 968 1016 1017 
6 970 980 981 982 983 984 
1 970 
1 978 
1 978 
1 978 
1 978 
1 978 
4 932 986 987 988 
1 985 
1 985 
1 985 
2 946 990 
1 989 
1 946 
5 954 969 976 993 994 
2 992 1008 
6 992 998 1006 1007 1014 1015 
5 946 971 996 1002 1003 
4 946 995 1003 1004 
2 601 932 
3 994 999 1000 
3 998 1003 1014 
3 975 998 1011 
4 924 949 955 1006 
3 950 995 1011 
4 974 995 996 999 
3 996 1022 1023 
2 935 1008 
6 955 994 1001 1007 1010 1013 
5 956 994 1006 1013 1015 
3 993 1005 1013 
2 936 949 
2 949 1006 
4 1000 1002 1012 1013 
3 936 975 1011 
5 952 1006 1007 1008 1011 
2 994 999 
2 994 1007 
3 977 1018 1019 
3 977 1020 1021 
1 1016 
1 1016 
1 1017 
1 1017 
3 1004 1024 1025 
3 1004 1026 1027 
1 1022 
1 1022 
1 1023 
1 1023 
2 1029 1030 
3 1028 1035 1056 
1 1028 
3 1032 1033 1034 
2 1031 1034 
2 1031 1035 
4 1031 1032 1059 1100 
4 1029 1033 1049 1050 
4 1037 1038 1039 1040 
1 1036 
3 1036 1040 1085 
5 1036 1079 1082 1084 1119 
10 142 1036 1038 1043 1045 1048 1080 1081 1135 1136 
4 1042 1043 1044 1045 
4 1041 1046 1047 1048 
4 1040 1041 1087 1088 
2 194 1041 
3 1040 1041 1118 
3 1042 1088 1133 
2 139 1042 
2 1040 1042 
3 1035 1051 1052 
3 1035 1123 1125 
2 1049 1062 
3 1049 1060 1089 
4 1054 1055 1056 1057 
4 1053 1057 1058 1059 
2 1053 1128 
11 1029 1053 1060 1075 1091 1103 1106 1127 1130 1131 1132 
4 1053 1054 1059 1129 
3 1054 1060 1061 
3 1034 1054 1057 
6 250 1052 1056 1058 1102 1104 
2 142 1058 
1 1051 
5 1064 1065 1066 1067 1068 
4 1063 1069 1070 1071 
4 1063 1069 1072 1073 
2 1063 1098 
3 1063 1112 1113 
2 1063 1111 
5 1064 1065 1074 1075 1076 
2 1064 1090 
2 1064 1103 
3 1065 1074 1105 
4 1065 1111 1124 1149 
4 1069 1072 1103 1106 
2 1056 1069 
2 1069 1103 
5 1078 1079 1080 1081 1082 
5 141 142 1077 1083 1084 
3 1039 1077 1110 
4 1040 1077 1108 1139 
4 1040 1077 1108 1139 
3 1039 1077 1150 
2 1078 1086 
3 1039 1078 1096 
4 1038 1093 1100 1107 
1 1083 
1 1043 
3 1043 1046 1116 
3 1052 1090 1091 
4 1070 1089 1091 1113 
4 1056 1089 1090 1149 
2 1093 1094 
4 1085 1092 1099 1100 
3 163 1092 1122 
3 141 1096 1097 
3 1084 1095 1110 
2 1095 1120 
2 1066 1103 
2 250 1093 
5 1034 1085 1093 1129 1138 
2 1102 1103 
3 1060 1101 1104 
8 1056 1071 1074 1076 1098 1101 1128 1140 
3 250 1060 1102 
2 1072 1126 
2 1056 1074 
1 1085 
3 1080 1081 1109 
4 1108 1135 1137 1147 
2 1079 1096 
2 1068 1073 
2 1067 1113 
4 1067 1090 1112 1124 
2 139 1115 
2 1114 4894 
3 194 1088 1117 
1 1116 
1 1045 
3 1039 1120 1121 
3 1097 1119 1121 
3 1119 1120 1150 
1 1094 
1 1050 
2 1073 1113 
1 1050 
2 1105 1127 
2 1056 1126 
2 1055 1103 
2 1057 1100 
1 1056 
1 1056 
1 1056 
1 1046 
2 1135 1136 
4 1040 1109 1134 1137 
4 1040 1134 1137 1139 
4 1109 1135 1136 1139 
1 1100 
4 1080 1081 1136 1137 
1 1103 
1 141 
2 141 1148 
1 141 
1 141 
1 141 
2 140 141 
2 142 1109 
3 1142 4905 4923 
2 1073 1091 
3 1082 1121 1151 
1 1150 
5 1153 1154 1155 1156 1157 
2 1152 1158 
2 1152 1158 
3 1152 1890 1891 
2 1152 2009 
2 1152 1890 
4 1153 1154 1399 1765 
5 1160 1161 1162 1163 1164 
3 399 1159 1167 
3 1159 1358 1455 
2 1159 1625 
2 1159 2018 
2 1159 2021 
1 1166 
3 399 1165 1259 
10 1160 1233 1239 1241 1255 1256 1257 1258 1259 1260 
3 1169 1170 1171 
2 1168 1760 
2 1168 2165 
2 1168 1808 
3 1173 1174 1175 
2 1172 1176 
4 1172 1176 1802 1803 
3 1172 1340 1998 
8 1173 1174 1343 1344 1618 1651 1804 1805 
7 1178 1179 1180 1181 1182 1183 1184 
3 1177 1185 1186 
2 1177 1180 
3 1177 1179 1219 
4 1177 1396 1650 1671 
2 1177 1619 
2 1177 1618 
3 1177 1934 1935 
3 1178 1617 1622 
7 1178 1476 1753 1764 1765 1766 1767 
3 1188 1189 1190 
2 1187 1899 
2 1187 2008 
2 1187 1676 
7 1192 1193 1194 1195 1196 1197 1198 
3 1191 1199 1200 
5 1191 1199 1496 1507 1508 
3 1191 1537 1538 
4 1191 1640 1641 1642 
3 1191 1558 1689 
2 1191 1373 
9 1191 1914 1915 1916 1917 1918 1919 1920 1921 
3 1192 1193 1378 
7 1192 1210 1323 1363 1622 1640 1688 
3 1202 1203 1204 
2 1201 1205 
7 1201 1204 1256 1388 1433 1450 1454 
9 1201 1203 1216 1516 1595 1775 1867 1868 1869 
3 1202 1206 1207 
2 1205 1548 
2 1205 1450 
1 1209 
12 1208 1222 1230 1563 1564 1565 1566 1567 1568 1569 1570 1571 
5 1200 1211 1212 1213 1214 
1 1210 
6 1210 1213 1323 1324 1420 1595 
5 1210 1212 1661 1673 1674 
5 1210 1323 1331 1363 1710 
2 1216 1217 
11 1204 1215 1278 1472 1583 1714 1717 1718 1719 1720 1721 
2 1215 1885 
3 1219 1220 1221 
2 1180 1218 
2 1218 1928 
2 1218 1374 
4 1209 1223 1224 1225 
3 1222 1791 1871 
2 1222 1937 
1 1222 
3 1227 1228 1229 
1 1226 
6 1226 1246 1247 1264 1268 1821 
1 1226 
2 1209 1231 
8 1230 1278 1279 1280 1281 1282 1283 1284 
6 1233 1234 1235 1236 1237 1238 
4 1167 1232 1239 1240 
6 1232 1239 1241 1242 1243 1244 
2 1232 1254 
4 1232 1244 1759 1760 
2 1232 1559 
6 1232 1502 1530 1574 1602 1852 
4 1167 1233 1234 1245 
4 1233 1273 1276 1277 
8 1167 1234 1249 1250 1251 1252 1253 1254 
2 1234 1559 
2 1234 1562 
2 1234 1236 
3 1239 1370 1760 
3 1228 1247 1248 
6 1228 1246 1684 1685 1686 1687 
2 1246 1302 
3 1241 1251 1325 
5 1241 1256 1467 1468 1469 
3 1241 1249 1865 
2 1241 2022 
2 1241 2048 
3 1235 1241 2236 
2 1167 1261 
10 1167 1203 1250 1260 1416 1420 1470 1471 1472 1473 
7 901 1167 1277 1370 1601 1740 1741 
3 399 1167 1808 
2 1166 1167 
3 1167 1256 1562 
4 1255 1524 1573 1610 
4 1263 1264 1265 1266 
3 1262 1267 1268 
6 1228 1262 1269 1270 1271 1272 
4 1262 1266 1269 2257 
2 1262 1265 
4 373 1263 1490 1491 
5 1228 1263 1353 1684 1738 
4 1264 1265 1272 1491 
3 1264 2248 2249 
2 1264 2257 
4 1264 1269 2267 2268 
3 1240 1274 1275 
2 1273 1649 
2 1273 1774 
3 1240 1603 1732 
3 1240 1257 1772 
2 1216 1231 
2 1231 1509 
2 1231 1757 
3 1231 1714 2085 
3 1231 1571 2119 
2 1231 1886 
2 1231 2032 
6 1286 1287 1288 1289 1290 1291 
3 1285 1292 1293 
6 1285 1292 1431 1634 1635 1636 
9 1285 1389 1427 1429 1430 1542 1543 1846 1889 
2 1285 1841 
2 1285 1542 
2 1285 1431 
3 1286 1287 1637 
4 1286 1431 1434 1479 
5 1295 1296 1297 1298 1299 
3 1294 1300 1301 
3 1294 1372 1572 
3 1294 1319 1727 
5 1294 1594 1692 1770 1806 
3 1294 1940 1941 
4 1295 1309 1408 1409 
7 1295 1499 1537 1688 1818 1819 1820 
6 1248 1303 1304 1305 1306 1307 
10 1302 1350 1828 1829 1830 1831 1832 1833 1834 1835 
2 1302 2125 
2 1302 1464 
2 1302 2241 
2 1302 2217 
5 1309 1310 1311 1312 1313 
10 1300 1308 1314 1315 1316 1317 1318 1319 1320 1321 
3 1308 1412 1413 
1 1308 
2 1308 2028 
2 1308 1856 
4 1309 1322 1323 1324 
4 1309 1322 1393 1394 
1 1309 
2 1309 1599 
3 1309 1692 1693 
7 1297 1309 1384 1703 1704 1705 1706 
2 1309 1583 
2 1309 1345 
2 1314 1315 
6 1200 1212 1214 1314 1364 1616 
5 1212 1314 1622 1703 1756 
1 1249 
3 1327 1328 1329 
4 1326 1541 1542 1543 
4 1326 1749 1844 1846 
3 1326 1755 1764 
1 1331 
2 1214 1330 
2 1333 1334 
3 1332 1447 1948 
2 1332 1949 
1 1336 
5 1335 1343 1344 1345 1346 
2 1338 1339 
2 1337 2182 
2 1337 2208 
3 1175 1341 1342 
2 1340 1892 
2 1340 1977 
3 1176 1336 1824 
3 1176 1336 1825 
5 1321 1336 1592 1659 1756 
2 1336 1717 
6 1348 1349 1350 1351 1352 1353 
3 1347 1504 1505 
4 1347 1463 1479 1730 
7 1303 1347 1505 1731 1738 1836 1837 
4 1347 1638 1730 1838 
7 1347 1955 1956 1957 1958 1959 1960 
2 1268 1347 
2 399 1355 
2 1354 1357 
3 399 4505 4506 
2 1355 1358 
2 1161 1357 
1 1360 
3 1359 1361 1362 
3 1360 1457 1461 
3 1360 1424 1633 
3 1200 1214 1364 
6 1323 1363 1376 1377 1593 1594 
2 910 1773 
2 910 1772 
3 505 1377 1593 
2 1369 1370 
2 1368 1371 
3 1245 1257 1368 
2 1369 2187 
2 1296 1373 
2 1197 1372 
2 1221 1375 
2 1374 1861 
4 1364 1377 1378 1379 
5 1364 1367 1376 1633 1677 
3 1199 1376 1586 
3 1376 2624 2794 
3 1381 1382 1383 
3 1380 1391 1392 
2 1380 1859 
4 1380 1991 1992 1993 
3 1319 1385 1386 
5 1384 1589 1590 1591 1592 
4 1384 1590 2000 2001 
3 1388 1389 1390 
7 1203 1387 1454 1511 1797 1798 1800 
5 1288 1387 1433 1482 1484 
1 1387 
6 1381 1619 1704 1768 1822 1823 
1 1381 
1 1315 
1 1315 
8 1396 1397 1398 1399 1400 1401 1402 1403 
2 1181 1395 
3 1395 1398 1695 
4 1395 1397 1481 1736 
8 1158 1395 1484 1552 1627 1748 1753 1754 
3 1395 1695 1827 
3 1395 1433 1482 
2 1395 2013 
3 1395 2011 2012 
1 1405 
3 1404 1406 1407 
4 1405 1646 1850 1851 
2 1405 1798 
2 1300 1812 
5 1300 1909 1970 2014 2015 
1 1411 
2 1410 1561 
4 1310 1856 1857 1858 
2 1310 2126 
1 1415 
5 1414 1416 1420 1421 1422 
5 1256 1415 1417 1418 1419 
2 1416 1531 
2 1416 1836 
2 1416 1837 
4 1212 1256 1415 1474 
4 373 1415 1683 1728 
3 1415 1474 1511 
2 1424 1425 
3 1362 1423 1426 
2 1423 2064 
3 1424 1643 1645 
5 1288 1428 1429 1430 1431 
3 1427 1429 1722 
8 1288 1427 1428 1431 1434 1639 1722 1742 
3 1288 1427 1849 
8 1287 1291 1293 1427 1429 1634 1639 1681 
3 1433 1434 1435 
10 554 1203 1389 1401 1432 1435 1475 1477 1478 1479 
3 1293 1429 1432 
6 1432 1433 1482 1483 1789 1855 
2 1437 1438 
2 1436 1692 
2 1436 1598 
3 1440 1441 1442 
4 1439 1443 1444 1445 
2 896 1439 
2 1439 2226 
3 1440 1445 1456 
2 1440 1560 
3 1440 1443 1612 
3 1447 1448 1449 
10 499 1333 1446 1563 1599 1707 1710 1711 1712 1713 
2 1446 1874 
3 1446 1708 2148 
5 1203 1207 1451 1452 1453 
4 1450 1596 1699 1700 
2 1450 1646 
2 1450 1544 
2 1203 1388 
2 1161 2034 
2 1443 1600 
4 1361 1458 1459 1460 
2 1457 1588 
2 1457 1488 
1 1457 
4 1361 1586 1666 1669 
4 1463 1464 1465 1466 
5 1349 1462 1465 1634 1635 
2 1305 1462 
2 1462 1463 
2 1462 1635 
2 1250 2127 
2 1250 1533 
2 1250 2047 
1 1256 
3 1256 1718 1796 
3 1216 1256 1816 
2 1256 1754 
4 1420 1422 1476 1595 
2 1433 1476 
6 1186 1474 1475 1477 1683 1789 
2 1433 1476 
3 554 1433 1489 
11 554 1293 1349 1433 1539 1638 1678 1679 1680 1681 1682 
1 1481 
3 1398 1480 2275 
6 1389 1401 1435 1483 1484 1485 
5 1435 1482 1842 1843 1844 
3 1389 1399 1482 
4 1482 1843 2045 2046 
2 1487 1488 
2 1486 1498 
2 1459 1486 
5 553 1478 1539 1679 1681 
1 1267 
2 1267 1269 
2 1493 1494 
2 1492 1743 
2 1492 1845 
2 1496 1497 
3 1193 1495 1506 
2 1495 1667 
5 1487 2587 2588 2589 2590 
1 1301 
3 1501 1502 1503 
2 1500 1562 
2 1238 1500 
2 1500 2018 
1 1348 
3 1348 1350 1577 
1 1496 
2 1193 1575 
2 1193 1554 
6 1279 1607 1885 1886 1887 1888 
2 1511 1512 
4 1388 1422 1510 1513 
2 1510 1596 
3 1511 1879 1880 
2 1515 1516 
3 1514 1519 1603 
5 480 1204 1514 1874 1875 
3 1518 1519 1520 
2 1517 1521 
5 1515 1517 1529 1664 1665 
2 1517 1872 
2 1518 2065 
2 1523 1524 
2 1522 1525 
3 1261 1522 1526 
3 1523 1663 1732 
3 1524 1603 1604 
3 1528 1529 1530 
2 1527 1657 
3 1519 1527 1733 
2 1238 1527 
6 1417 1532 1533 1534 1535 1536 
4 1531 1745 1746 1747 
2 1468 1531 
1 1531 
1 1531 
2 1531 2089 
3 1194 1301 1538 
3 1194 1537 2170 
3 1479 1489 1540 
2 1539 1965 
1 1327 
3 1288 1290 1327 
2 1288 1327 
2 1453 1545 
2 1544 1546 
3 1545 1714 1737 
1 480 
3 1206 1716 1782 
4 1550 1551 1552 1553 
2 1549 1597 
2 1549 1779 
3 1399 1549 1628 
5 1549 2060 2082 2095 2096 
5 1508 1555 1556 1557 1558 
2 1554 1801 
5 1554 1929 1931 2039 2097 
2 1554 2037 
2 1196 1554 
3 1237 1242 1602 
2 901 1444 
2 1411 1574 
5 1243 1260 1501 1574 1781 
2 1209 1447 
1 1209 
3 1209 1614 1809 
2 1209 1872 
2 1209 2044 
2 1209 2093 
1 1209 
2 1209 1615 
2 1209 1282 
4 1296 2051 2114 2115 
4 837 911 912 1261 
3 1238 1561 1562 
2 1507 1576 
4 1575 1584 1586 1587 
1 1505 
4 1579 1580 1581 1582 
2 1578 1583 
2 1578 1715 
2 1578 1763 
2 1578 1936 
3 1216 1320 1579 
2 1576 1585 
3 1584 1666 1670 
4 1378 1461 1576 1587 
2 1576 1586 
2 1458 1668 
3 1385 1658 1659 
4 1385 1386 2128 2129 
3 1385 2130 2131 
3 1345 1385 1913 
3 1364 1367 1771 
2 1298 1364 
3 1204 1212 1474 
2 1451 1512 
2 1550 1779 
2 483 1438 
3 1317 1447 1609 
2 1456 1601 
5 1257 1600 1653 1654 1656 
3 1238 1559 1781 
4 514 1276 1515 1526 
3 1526 1661 1672 
3 1606 1607 1608 
2 1605 1936 
2 1509 1605 
2 1605 1790 
2 1599 2154 
2 901 1261 
2 901 1741 
1 1445 
1 1614 
2 1565 1613 
1 1570 
1 1323 
5 1185 1618 1619 1620 1621 
4 1176 1183 1617 1794 
5 1182 1391 1617 1847 1848 
6 1617 1991 2100 2106 2161 2162 
2 1617 2276 
4 1185 1200 1324 1768 
1 1624 
2 1623 1625 
2 1162 1624 
6 1627 1628 1629 1630 1631 1632 
2 1399 1626 
2 1552 1626 
2 1626 1932 
3 1626 1632 1963 
2 1626 2019 
4 1626 1630 2019 2206 
4 1362 1377 1675 1676 
5 1287 1431 1463 1638 1639 
4 1287 1463 1466 1636 
5 1287 1635 1839 1840 1841 
2 1292 2281 
3 1351 1479 1634 
3 1429 1431 1634 
2 1195 1200 
4 1195 1863 1882 1883 
5 1195 1939 2062 2103 2167 
2 1426 1644 
2 1643 1971 
3 1426 1692 1771 
4 1406 1452 1647 1648 
3 1646 1783 1884 
1 1646 
2 1274 1870 
3 1181 1651 1652 
3 1176 1650 1854 
3 1650 1671 1996 
1 1601 
2 1601 1655 
2 1654 2171 
2 1601 2187 
2 1528 1793 
2 1589 2087 
3 1345 1589 1913 
1 1661 
3 1213 1604 1660 
4 514 1663 1664 1665 
2 1525 1662 
3 1519 1662 1784 
2 1519 1662 
6 1461 1585 1667 1668 1669 1670 
2 1497 1666 
3 1588 1666 1670 
2 1461 1666 
3 1585 1666 1668 
4 1181 1652 1988 2070 
1 1604 
1 1213 
3 1213 1710 1810 
2 1633 2173 
3 1190 1633 2243 
3 1377 2942 2943 
2 1479 1683 
3 1479 1489 1691 
2 1479 1800 
3 1431 1479 1489 
2 1479 2277 
3 1421 1476 1678 
2 1247 1268 
1 1247 
3 1247 1687 1821 
4 1247 1686 2271 2272 
2 1200 1301 
2 1196 1690 
3 1689 2079 2081 
3 1679 1966 2176 
4 1298 1318 1437 1645 
2 1318 1923 
1 1695 
3 1397 1400 1694 
2 1697 1698 
3 1696 1783 1816 
2 1696 1796 
4 1451 1700 1701 1702 
3 1451 1699 1795 
3 1699 1798 1799 
3 1699 1799 2125 
2 1319 1324 
3 1319 1391 1768 
4 1319 1978 2000 2098 
4 1319 1978 2099 2128 
3 1447 1708 1709 
2 1449 1707 
2 1707 1937 
3 1214 1447 1674 
1 1447 
2 1447 1820 
2 1447 1804 
5 1216 1281 1546 1715 1716 
2 1580 1714 
2 1548 1714 
3 1216 1346 1761 
3 1216 1471 1782 
2 1216 1788 
3 1216 1775 1866 
3 1216 1787 1868 
2 1428 1429 
1 1724 
3 1723 1725 1726 
2 1724 2021 
2 1724 2022 
3 1297 1981 2180 
3 1421 1729 1730 
2 1728 1731 
3 1349 1351 1728 
2 1350 1729 
5 1276 1525 1733 1734 1735 
2 1529 1732 
2 1732 1870 
1 1732 
1 1398 
2 1546 1866 
3 1268 1350 1739 
4 1738 2183 2184 2185 
1 1257 
2 1257 1611 
2 1429 2084 
2 1493 1744 
2 1743 1851 
2 1532 2127 
2 1532 1964 
2 1532 2238 
5 1399 1749 1750 1751 1752 
3 1328 1748 1755 
2 1748 1752 
3 1748 1891 2091 
4 1748 1750 1932 2060 
2 1186 1399 
2 1399 1473 
2 1329 1749 
2 1324 1345 
2 1280 1758 
4 1757 1783 1877 1878 
2 1236 1780 
5 1169 1236 1245 1772 1780 
3 1717 1762 1763 
2 1761 2201 
2 1581 1761 
2 1186 1329 
2 1158 1186 
1 1186 
1 1186 
3 1391 1622 1704 
1 1770 
2 1298 1769 
3 1593 1645 1777 
5 1277 1366 1760 1773 1774 
2 1365 1772 
2 1275 1772 
3 1204 1720 1776 
3 1775 2189 2197 
2 1771 1778 
2 1777 1785 
3 1551 1597 2198 
2 1759 1760 
2 1562 1602 
3 1548 1718 1783 
5 1647 1697 1758 1782 1817 
1 1664 
2 1778 1786 
1 1785 
1 1721 
1 1719 
2 1435 1476 
3 1608 1791 1792 
2 1223 1790 
2 1790 2225 
2 1657 1845 
3 1618 1908 2132 
1 1700 
2 1471 1698 
1 1388 
4 1388 1407 1701 1799 
3 1701 1702 1798 
2 1388 1680 
3 1555 1968 2116 
4 1174 1824 1825 1826 
2 1174 2178 
2 1176 1713 
2 1176 2162 
1 1298 
2 499 2148 
2 1171 1258 
3 1565 1810 1811 
2 1674 1809 
1 1809 
6 1408 1895 1902 1962 1970 2207 
2 1814 1815 
2 1813 2165 
2 1813 2187 
2 1472 1697 
1 1783 
2 1301 1863 
2 1301 1894 
2 1301 1712 
2 1228 1686 
3 1391 1986 2068 
4 1391 1980 2068 2239 
2 1343 1802 
2 1344 1802 
3 1802 1976 1977 
2 1400 2181 
2 1303 2250 
2 1303 2247 
2 1303 2240 
2 1303 2184 
2 1303 2241 
2 1303 2250 
2 1303 2256 
2 1303 2255 
2 1350 1418 
2 1350 1419 
7 1351 2216 2217 2218 2219 2220 2221 
1 1636 
1 1636 
2 1289 1636 
2 1483 2145 
4 1483 1485 2006 2058 
2 1328 1483 
2 1494 1793 
2 1288 1328 
3 1619 2193 2263 
3 1619 2192 2213 
2 1430 2196 
1 1406 
2 1406 1744 
1 1238 
1 1854 
2 1651 1853 
5 1435 2006 2045 2195 2261 
2 1313 1412 
4 1412 1892 2152 2153 
1 1412 
4 1382 1860 1861 1862 
2 1859 1933 
2 1375 1859 
2 1859 2107 
3 1641 1818 1864 
1 1863 
3 1251 2228 2234 
6 1720 1737 2188 2189 2212 2233 
1 1204 
2 1204 1721 
2 1204 2280 
2 1649 1734 
1 1223 
3 1520 1566 1873 
4 1872 1875 2112 2223 
3 1448 1516 1876 
5 1516 1873 2066 2177 2194 
1 1874 
1 1758 
2 1758 2204 
1 1513 
2 1513 1881 
2 1880 1964 
2 1641 2203 
4 1641 2105 2174 2230 
2 1647 2204 
2 1217 1509 
2 1283 1509 
2 1509 2104 
2 1509 2225 
1 1288 
4 1155 1157 2042 2043 
2 1155 1751 
2 1341 1857 
2 1894 1895 
7 1819 1893 1901 1902 1903 1904 1905 
2 1812 1893 
2 1897 1898 
3 1896 1939 1944 
2 1896 2057 
2 1188 1900 
1 1899 
1 1894 
2 1812 1894 
2 1894 2050 
2 1894 2134 
2 1894 2114 
2 1907 1908 
4 1906 2053 2135 2164 
2 1794 1906 
2 1409 1910 
1 1909 
2 1912 1913 
2 1911 2025 
4 1592 1659 1911 2054 
5 1198 1975 2055 2056 2057 
3 1198 1939 2076 
1 1198 
2 1198 1938 
3 1198 2075 2156 
2 1198 2074 
1 1198 
2 1198 2258 
2 1923 1924 
2 1693 1922 
2 1922 2029 
2 1926 1927 
2 1925 2118 
2 1925 2058 
2 1220 2002 
3 1556 1930 1931 
2 1929 2117 
2 1556 1929 
2 1629 1752 
2 1860 1961 
1 1184 
1 1184 
2 1582 1606 
2 1224 1709 
2 1917 1939 
6 1642 1897 1915 1938 2073 2094 
3 1299 1942 1943 
2 1299 2207 
3 1940 1981 2014 
2 1940 2014 
2 1897 2215 
2 1946 1947 
2 1945 1994 
3 1945 2231 2232 
1 1333 
2 1334 1950 
1 1949 
3 1952 1953 1954 
3 1951 1953 2098 
2 1951 1952 
2 1951 2150 
3 1352 1960 1965 
3 1352 1958 1959 
2 1352 1958 
4 1352 1956 1957 1960 
3 1352 1956 1965 
3 1352 1955 1958 
2 1933 1962 
3 1812 1961 2069 
3 1630 2019 2096 
2 1746 1881 
4 1540 1955 1959 1966 
3 1691 1965 2176 
2 1968 1969 
3 1801 1967 2124 
2 1967 2124 
2 1409 1812 
2 1644 1972 
1 1971 
2 1974 1975 
2 1973 2159 
4 1914 1973 2200 2231 
1 1826 
2 1342 1826 
4 1705 1706 1979 1980 
3 1978 1981 1982 
3 1823 1978 1986 
3 1727 1942 1979 
2 1979 2227 
3 1984 1985 1986 
3 1983 2136 2214 
3 1983 2132 2263 
5 1822 1980 1983 2214 2239 
3 1988 1989 1990 
2 1671 1987 
2 1987 1995 
2 1987 2026 
3 1383 1620 2040 
3 1383 1993 2067 
2 1383 1992 
1 1946 
2 1989 1996 
2 1652 1995 
2 1998 1999 
2 1175 1997 
1 1997 
2 1386 1705 
2 1386 2128 
3 1928 2003 2004 
2 2002 2005 
2 2002 2020 
3 2003 2151 2172 
3 1843 1855 2007 
3 2006 2045 2058 
2 1189 2064 
2 1156 2010 
2 2009 2091 
2 1403 2012 
2 1403 2011 
2 1402 2151 
5 1409 1942 1943 2016 2017 
2 1409 2100 
4 2014 2041 2067 2069 
2 2014 2235 
2 1163 1503 
3 1631 1632 1963 
2 2004 2070 
2 1164 1725 
2 1252 1726 
3 2024 2025 2026 
2 2023 2164 
2 1912 2023 
3 1990 2023 2162 
2 2028 2029 
2 1312 2027 
3 1924 2027 2108 
2 2031 2032 
3 2030 2033 2138 
2 1284 2030 
1 2031 
2 1455 2035 
1 2034 
2 2037 2038 
2 1557 2036 
2 2036 2039 
2 1556 2038 
2 1991 2041 
3 2016 2040 2191 
1 1890 
2 1890 2151 
1 1567 
3 1485 1855 2007 
1 1485 
2 1469 2048 
2 1253 2047 
2 2050 2051 
5 1903 2049 2110 2111 2170 
2 1572 2049 
2 2053 2054 
2 1907 2052 
2 1913 2052 
3 1914 2141 2144 
2 1914 2077 
3 1898 1914 2072 
3 1843 1927 2007 
1 2060 
5 1553 1752 2059 2061 2082 
1 2060 
2 1642 2063 
2 2062 2159 
2 1425 2008 
2 1521 2066 
3 1875 2065 2177 
3 1992 2016 2068 
3 1822 1823 2067 
2 1962 2016 
3 1671 2020 2123 
2 2072 2073 
2 2057 2071 
2 1939 2071 
2 1919 2075 
2 1918 2074 
2 1915 2077 
3 2056 2076 2149 
2 2079 2080 
2 1690 2078 
1 2078 
1 1690 
2 1553 2060 
1 2084 
2 1742 2083 
2 1281 2086 
2 2085 2202 
2 1658 2088 
4 2087 2135 2136 2137 
2 1536 2090 
1 2089 
2 1751 2010 
1 2093 
2 1568 2092 
2 1939 2160 
1 1553 
2 1553 1963 
2 1556 2120 
3 1705 1952 2099 
2 1706 2098 
3 1620 2015 2190 
2 2102 2103 
2 2101 2175 
2 1642 2101 
1 1887 
1 1883 
2 1620 2107 
2 1862 2106 
2 2029 2163 
2 2110 2111 
2 2050 2109 
2 2050 2109 
2 1873 2113 
2 2112 2179 
2 1572 1905 
1 1572 
2 1801 2117 
2 1930 2116 
2 1926 2145 
2 1282 2186 
2 2097 2139 
2 2122 2123 
3 2121 2133 2222 
2 2070 2121 
2 1968 1969 
2 1304 1702 
1 1413 
2 1467 1745 
5 1590 1706 2001 2213 2214 
3 1590 2130 2205 
3 1591 2129 2150 
3 1591 2137 2205 
3 1794 1985 2133 
2 2122 2132 
2 1904 2160 
2 1907 2088 
2 1984 2088 
2 2088 2131 
1 2031 
2 2120 2166 
3 2141 2142 2143 
2 2055 2140 
4 2140 2143 2168 2169 
3 2140 2142 2237 
3 2055 2266 2269 
4 1842 2118 2146 2147 
1 2145 
2 2145 2274 
3 1449 1807 2194 
2 2077 2157 
2 1954 2130 
3 2005 2013 2043 
2 1857 2153 
2 1857 2152 
1 1609 
1 2156 
2 1918 2155 
2 2149 2158 
3 2157 2167 2215 
3 1974 2063 2200 
2 2094 2134 
1 1620 
4 1620 1805 2026 2222 
1 2108 
2 1907 2024 
2 1170 1814 
2 2139 2203 
2 1642 2158 
1 2142 
1 2142 
2 1538 2050 
2 1655 2182 
1 2005 
1 1675 
2 1883 2175 
2 2102 2174 
2 1691 1966 
3 1875 2066 2194 
1 1803 
2 2113 2223 
2 1727 2259 
1 1827 
2 1338 2171 
2 1739 2247 
2 1739 1831 
2 1739 2247 
1 2119 
5 1371 1656 1815 2208 2209 
2 1866 2189 
3 1776 1866 2188 
3 2100 2245 2262 
3 2041 2192 2193 
2 1848 2191 
2 1847 2191 
3 1875 2148 2177 
2 1855 2196 
4 1849 2195 2261 2264 
2 1776 2212 
2 1779 2199 
2 2198 2210 
2 1975 2159 
2 1762 2233 
1 2086 
3 1882 2166 2230 
3 1878 1884 2211 
2 2129 2131 
2 1632 2274 
2 1812 1941 
2 1339 2187 
1 2187 
1 2199 
1 2204 
2 1866 2197 
3 1848 2128 2239 
3 1984 1986 2128 
2 1944 2158 
2 1838 2242 
4 1307 1838 2218 2251 
3 1838 2217 2246 
2 1838 2253 
2 1838 2246 
2 1838 2246 
2 2122 2162 
3 1873 2179 2224 
1 2223 
2 1792 1888 
1 1442 
3 1982 2260 2262 
2 1865 2229 
1 2228 
3 1883 2203 2273 
2 1947 1975 
2 1947 2269 
2 1866 2201 
1 1865 
2 2017 2259 
1 1254 
1 2143 
1 1747 
3 1823 1986 2213 
2 1830 2241 
4 1306 1832 2240 2254 
3 2216 2252 2253 
2 1676 2244 
1 2243 
1 2190 
3 2218 2220 2221 
4 1829 2183 2185 2250 
1 1270 
1 1270 
3 1828 1833 2247 
3 2217 2252 2253 
3 2242 2251 2254 
3 2219 2242 2251 
2 2241 2252 
2 1835 2256 
2 1834 2255 
3 1265 1271 2270 
1 1921 
3 2180 2235 2260 
3 2227 2259 2265 
2 1855 2196 
2 2190 2227 
2 1847 1985 
1 2196 
1 2260 
1 2144 
1 1272 
1 1272 
2 2144 2232 
1 2257 
1 1687 
1 1687 
1 2230 
2 2147 2206 
1 1481 
1 1621 
1 1682 
2 2279 2280 
2 2278 2281 
2 1869 2278 
2 1637 2279 
2 2283 2284 
2 2282 2293 
2 2282 2293 
1 2286 
13 2285 2328 2412 2416 2441 2442 2447 2475 2481 2488 2489 2490 2491 
2 2288 2289 
3 2287 2309 2310 
2 2287 2490 
2 2291 2292 
2 2290 2366 
2 2290 2500 
4 442 458 2283 2284 
2 2295 2296 
3 2294 2352 2495 
4 2294 2408 4860 4875 
2 2298 2299 
4 465 2297 2339 2473 
2 2297 2368 
2 2301 2302 
3 2300 2340 2366 
4 2300 2368 2439 2492 
2 2304 2305 
2 2303 2440 
2 2303 2307 
2 2307 2308 
3 2305 2306 2390 
2 465 2306 
4 2288 2310 2311 2312 
6 2288 2309 2311 2427 2447 2459 
3 2309 2310 2312 
5 2309 2311 2491 2496 2497 
1 2314 
3 454 2313 2316 
9 454 2316 2317 2318 2319 2320 2321 2322 2323 
6 454 2314 2315 2324 2325 2326 
2 2315 2323 
1 2315 
2 2315 2323 
3 2315 2322 2483 
2 2315 2483 
2 2315 2320 
5 2315 2317 2319 2438 2456 
3 2316 2325 2329 
9 459 2316 2324 2331 2429 2460 2461 2462 2463 
3 2316 2488 2489 
8 454 609 2328 2346 2347 2348 2349 2350 
5 454 2286 2327 2348 2349 
2 2324 2470 
2 2331 2332 
3 2325 2330 2337 
2 2330 2473 
1 2334 
2 2333 2338 
2 2336 2337 
2 2335 2339 
2 2331 2335 
2 2334 2345 
3 2298 2336 2404 
3 465 2301 2440 
3 2342 2343 2344 
2 2341 2367 
2 2341 2431 
7 2341 2498 2499 2500 2501 2502 2503 
2 2338 2484 
6 2327 2347 2400 2401 2402 2403 
6 2327 2346 2350 2448 2449 2450 
3 2327 2328 2376 
4 2327 2328 2396 2467 
3 2327 2347 2355 
1 2352 
5 2295 2351 2353 2354 2355 
1 2352 
2 2352 2372 
5 2350 2352 2426 2427 2443 
2 2357 2358 
4 2356 2406 2437 2438 
1 2356 
2 2360 2361 
4 2359 2369 2464 2465 
2 2359 2460 
3 2363 2364 2365 
4 2362 2366 2367 2368 
3 2362 2383 4528 
2 2362 2384 
9 2291 2301 2363 2381 2385 2386 2387 2388 2389 
2 2342 2363 
4 2299 2302 2363 2482 
2 2360 2370 
3 2369 2430 2470 
2 2372 2373 
2 2354 2371 
2 2371 2505 
3 2375 2376 2377 
3 2374 2376 2457 
7 2348 2374 2375 2468 2469 2474 2481 
2 2374 2396 
2 2379 2380 
2 2378 2397 
3 2378 2455 2487 
4 2366 2382 2383 2384 
1 2381 
3 2364 2381 4668 
2 2365 2381 
1 2366 
1 2366 
2 2366 2390 
4 2366 2389 4552 4727 
6 2366 2388 2499 4543 4666 4751 
2 2307 2387 
2 2392 2393 
3 442 2391 2434 
2 2391 2487 
2 2395 2396 
2 2394 2426 
7 2349 2377 2394 2459 2467 2468 2469 
3 2379 2445 2455 
2 442 2399 
4 2398 2422 2451 2452 
1 2346 
1 2346 
1 2346 
4 609 960 2346 2477 
2 2339 2407 
2 442 2406 
2 2357 2405 
2 2404 2408 
3 2296 2407 4898 
2 847 2410 
2 2409 2419 
5 2412 2413 2414 2415 2416 
4 2286 2411 2417 2418 
1 2411 
1 2411 
2 2411 2416 
3 2286 2411 2415 
1 2412 
2 2412 2457 
2 2410 2439 
1 2421 
2 2420 2422 
3 2399 2421 2423 
4 442 2422 2453 2454 
3 2425 2426 2427 
1 2424 
4 2355 2395 2424 2443 
3 2310 2355 2424 
2 2429 2430 
2 2325 2428 
3 2370 2428 2464 
2 847 2343 
1 2433 
3 442 466 2432 
4 2392 2446 2471 2472 
2 442 2454 
2 442 2472 
2 2357 2438 
5 459 2323 2357 2437 2494 
2 2302 2419 
2 2304 2340 
2 2286 2442 
2 2286 2441 
2 2355 2426 
2 2445 2446 
2 2397 2444 
2 2434 2444 
2 2286 2310 
1 2347 
1 2347 
2 143 2347 
2 2399 2452 
2 2399 2451 
1 2423 
3 891 2423 2435 
2 2380 2397 
2 437 2323 
2 2375 2418 
3 609 4553 4875 
2 2310 2396 
2 2325 2361 
1 2325 
1 2325 
1 2325 
2 2360 2430 
2 2360 2470 
1 2467 
3 2349 2396 2466 
2 2376 2396 
2 2376 2396 
3 2329 2370 2465 
1 2434 
3 2434 2436 2487 
2 2298 2332 
2 2376 2475 
2 2286 2474 
2 2477 2478 
5 2403 2476 2479 2484 2485 
1 2476 
2 2477 2480 
2 608 2479 
2 2286 2376 
2 2368 4756 
2 2320 2321 
2 2345 2477 
2 2477 2486 
4 2485 4897 4899 4901 
3 2380 2393 2472 
2 2286 2326 
2 2286 2326 
2 2286 2289 
2 2286 2312 
5 2302 4563 4586 4612 4774 
1 2494 
3 459 2438 2493 
2 2295 4875 
1 2312 
1 2312 
1 2344 
4 2344 2389 4698 4699 
2 2292 2344 
5 2344 2503 4698 4772 4773 
4 2344 4824 4825 4827 
3 2344 2501 4824 
4 847 4737 4786 4787 
1 2373 
2 2507 2508 
5 2506 4581 4582 4583 4584 
2 2506 4713 
1 2510 
3 2509 2511 2512 
6 2510 2615 2621 2624 2625 2626 
7 2510 2624 2626 2658 2744 2756 2759 
8 556 559 2603 2679 2680 2681 2682 2683 
6 556 2711 3018 3019 3020 3021 
2 2516 2517 
3 2515 2694 3125 
3 2515 2548 3126 
3 2519 2520 2521 
7 2518 2520 2571 2686 2690 2691 2692 
10 2518 2519 2532 2535 2537 2581 2606 2628 2925 2932 
3 2518 3022 3023 
2 2523 2524 
9 2522 2591 2782 2828 2829 2830 2831 2832 2833 
12 2522 2563 2614 2615 2619 2620 2735 2766 2829 2968 2969 2970 
1 2526 
9 2525 2712 2752 2753 2760 2761 2762 2800 2944 
2 2528 2529 
2 2527 2530 
1 2527 
3 2528 2628 2940 
2 2532 2533 
3 2520 2531 2921 
1 2531 
12 2535 2536 2537 2538 2539 2540 2541 2542 2543 2544 2545 2546 
3 2520 2534 2551 
3 2534 2648 2649 
3 2520 2534 2772 
5 2534 2650 2651 2918 2937 
3 2534 2649 2971 
3 2534 2865 2976 
3 2534 2865 2977 
12 2534 2543 2772 2957 3031 3032 3033 3034 3035 3036 3037 3038 
3 2534 2542 3039 
2 2534 3092 
2 2534 2804 
3 2534 2740 3095 
3 2548 2549 2550 
6 2517 2547 2693 2694 2695 2696 
3 2547 2740 2990 
5 2547 2751 2762 3043 3044 
3 2535 2926 3051 
1 2553 
12 2552 2554 2555 2556 2557 2558 2559 2560 2561 2562 2563 2564 
1 2553 
3 2553 2593 2594 
5 2553 2782 2783 2784 2785 
8 2553 2646 2782 2789 2924 2945 2946 2947 
3 2553 2987 2988 
2 2553 2866 
2 2553 2646 
1 2553 
1 2553 
3 2524 2553 3256 
3 2553 2630 3316 
3 601 2566 2567 
4 126 2565 4269 4270 
3 2565 4245 4292 
1 2569 
5 2568 2570 2571 2572 2573 
1 2569 
5 2519 2569 2585 2763 2764 
4 2569 2746 2966 2967 
6 2569 2585 2651 2746 2978 2979 
5 2575 2576 2577 2578 2579 
1 2574 
3 2574 2580 3061 
1 2574 
4 2574 2579 2581 2953 
2 2574 2578 
3 2576 2581 2582 
8 2520 2578 2580 2607 2732 2733 2952 2953 
1 2580 
3 2584 2585 2586 
7 2583 2660 2662 2703 2728 2729 2730 
7 2571 2573 2583 2657 2659 2871 2872 
1 2583 
6 1498 2588 2615 2616 2617 2618 
3 1498 2587 3097 
5 1498 2590 3097 3174 3199 
5 1498 2589 2618 3120 3170 
2 2523 2592 
3 2591 2784 2864 
7 2555 2905 3064 3065 3066 3067 3068 
3 2555 2968 3365 
5 2596 2597 2598 2599 2600 
1 2595 
6 2595 2600 2686 2687 2916 2917 
10 2595 2599 2636 2641 2642 2925 2928 2934 3109 3110 
2 2595 2598 
2 2595 2597 
3 2602 2603 2604 
5 2601 2718 2779 2810 2844 
9 2513 2601 2643 2644 2706 2810 2874 2875 2876 
5 2601 3079 3080 3081 3082 
1 2606 
4 2520 2605 2607 2608 
3 2581 2606 2873 
7 2606 3086 3087 3088 3089 3090 3091 
4 2610 2611 2612 2613 
3 2609 2614 3093 
6 2609 2613 3112 3115 3116 3117 
3 2609 3112 3340 
2 2609 2611 
3 2524 2610 2615 
9 2511 2524 2587 2614 2619 2620 2621 2622 2623 
1 2587 
4 2587 3045 3046 3320 
3 2587 2590 3046 
3 2524 2615 2685 
2 2524 2615 
7 2511 2615 2889 2892 2898 2941 2942 
3 2615 2884 3055 
5 2615 3084 3085 3096 3097 
4 1379 2511 2512 2658 
3 2511 2658 2669 
3 2511 2512 2948 
1 2628 
3 2520 2530 2627 
1 2630 
3 2564 2629 2631 
3 2630 2955 3017 
4 558 2633 2634 2635 
4 558 2632 2681 2684 
1 2632 
1 2632 
5 2598 2637 2638 2639 2640 
3 2636 2639 2640 
4 2636 3287 3288 3289 
3 2636 2637 2640 
3 2636 2637 2639 
1 2598 
1 2598 
3 2603 2644 2645 
6 2603 2643 2775 2776 2777 2778 
1 2643 
3 2557 2560 2647 
3 2646 2847 3065 
1 2536 
3 2536 2539 2962 
3 2538 2651 2652 
8 2538 2573 2650 2699 2702 2703 2704 2705 
1 2650 
3 2654 2655 2656 
3 2653 2657 2663 
3 2653 2657 2664 
6 2653 2728 2995 2998 2999 3000 
7 2585 2654 2655 2658 2659 2660 2661 
5 2512 2624 2625 2657 2662 
3 2585 2657 2673 
3 2584 2657 2845 
1 2657 
3 2584 2658 2731 
2 2654 2664 
2 2655 2663 
2 2666 2667 
7 2665 2667 2753 2754 2983 3099 3100 
5 2665 2666 3235 3236 3237 
3 2669 2670 2671 
3 2625 2668 2672 
1 2668 
1 2668 
1 2669 
2 2659 2986 
4 2675 2676 2677 2678 
5 2674 2735 2736 2737 2738 
5 2674 2767 3129 3132 3133 
3 2674 3069 3336 
3 2674 3070 3338 
3 2513 2696 2711 
3 2513 3135 3139 
3 2513 2633 3140 
3 2513 2696 2796 
2 559 2513 
6 558 2633 2777 2779 2780 2781 
2 2619 2989 
5 2519 2597 2687 2688 2689 
2 2597 2686 
2 2686 2689 
2 2686 2688 
3 2519 2816 2923 
2 2519 2865 
2 2519 2950 
4 2548 2708 2709 2710 
4 2516 2548 2714 2716 
2 2548 2805 
7 2548 2679 2682 2706 2716 2795 2874 
1 2698 
2 2697 2802 
3 2651 2700 2701 
4 2699 2728 2993 2994 
3 2699 2995 3001 
3 2651 2918 3328 
3 2584 2651 3329 
1 2651 
1 2651 
3 2603 2696 2707 
8 2706 2751 2875 3014 3018 3100 3137 3159 
1 2693 
1 2693 
1 2693 
4 2514 2679 3018 3160 
4 2526 2713 2714 2715 
2 2712 3161 
3 2694 2712 3162 
1 2712 
3 2694 2696 2751 
3 2718 2719 2720 
9 2602 2717 2719 2782 2809 2810 2811 2812 2813 
7 2717 2718 2811 2824 2825 2826 2827 
1 2717 
6 2722 2723 2724 2725 2726 2727 
8 2721 2723 2726 2786 2787 2788 2789 2790 
4 2721 2722 2726 2922 
1 2721 
1 2721 
3 2721 2722 2723 
1 2721 
3 2584 2656 2700 
1 2584 
1 2584 
6 2662 2771 2781 2955 2963 2964 
3 2581 2733 2734 
3 2581 2732 2960 
1 2732 
8 2524 2675 2765 2766 2767 2768 2769 2770 
4 2675 2737 3171 3172 
3 2675 2736 3171 
3 2675 2765 3331 
3 2740 2741 2742 
4 2546 2549 2739 2975 
1 2739 
1 2739 
1 2744 
3 2512 2743 2745 
1 2744 
4 2572 2573 2747 2748 
1 2746 
1 2746 
1 2750 
2 2749 2967 
4 2550 2707 2716 3014 
2 2526 2753 
5 2526 2666 2752 2754 2755 
2 2666 2753 
1 2753 
3 2512 2757 2758 
1 2756 
1 2756 
1 2512 
3 2526 2761 2762 
10 557 2526 2760 2762 2795 2796 2797 2798 2799 2800 
8 2526 2550 2760 2761 2944 3043 3044 3321 
3 2571 2918 2992 
1 2571 
5 2735 2738 2864 2905 2915 
3 2524 2735 2965 
4 2676 2735 3133 3193 
2 2735 3194 
2 2735 3341 
3 2735 3280 3344 
1 2731 
7 2537 2542 2971 3031 3196 3197 3198 
1 2774 
3 2773 2939 2967 
2 2644 2949 
2 2644 2878 
3 2644 2684 3192 
5 2644 3159 3200 3201 3202 
5 2602 2684 2809 2838 2839 
7 2684 2781 2809 2943 2954 2955 2956 
4 2684 2731 2780 2794 
10 2523 2556 2557 2718 2851 2852 2853 2864 2865 2866 
5 2556 2784 2785 2846 3246 
4 2556 2592 2783 2785 
7 2556 2783 2784 3348 3349 3350 3368 
4 2722 2791 2792 2793 
4 2722 2788 2824 3078 
5 2722 2787 2789 3024 3270 
9 2557 2722 2788 2790 2854 2945 2946 3024 3270 
2 2722 2789 
2 2786 2947 
3 2786 2793 3118 
3 2786 2792 3118 
2 1379 2781 
6 2696 2761 2797 2798 2801 2802 
4 557 2682 2761 2799 
3 2761 2795 3207 
3 2761 2795 3208 
3 557 2761 2796 
2 2526 2761 
3 2795 2882 2883 
2 2698 2795 
1 2804 
3 2545 2803 2805 
4 2695 2804 2983 2984 
3 559 2807 2808 
3 2806 3136 3216 
2 559 2806 
3 2718 2779 2780 
7 2602 2603 2718 2840 2841 2842 2843 
2 2718 2719 
2 2718 2860 
2 2718 2860 
1 2815 
3 2814 2816 3131 
2 2690 2815 
5 557 2818 2822 3123 3124 
7 557 2817 3019 3124 3183 3206 3294 
5 557 3180 3181 3185 3293 
1 557 
5 557 3136 3281 3362 3364 
2 557 2817 
3 558 650 4184 
3 2719 2787 2827 
5 2719 2846 2849 2854 2859 
1 2719 
3 2719 2824 3266 
2 2523 2864 
2 2523 2524 
3 2523 3065 3232 
3 2523 3065 3233 
3 2523 3065 3234 
2 2523 2864 
1 559 
1 559 
2 559 3136 
1 559 
1 2779 
1 2779 
2 2810 3222 
2 2810 3222 
1 2810 
1 2810 
8 2602 3222 3225 3226 3227 3228 3229 3230 
1 2660 
19 2783 2825 2847 2848 2849 2850 2851 2852 2853 2854 2855 2856 2857 2858 2859 2860 2861 2862 2863 
2 2647 2846 
4 2846 2855 2857 2863 
2 2825 2846 
2 2846 2856 
3 2782 2846 3243 
3 2782 2846 3244 
3 2782 2846 3245 
7 2789 2825 2846 2859 2924 3024 3025 
3 2846 2848 3273 
5 2846 2850 2972 3106 3107 
2 2846 2848 
1 2846 
3 2825 2846 2854 
10 2812 2813 2846 2862 2863 3333 3334 3347 3356 3357 
2 2846 2863 
2 2846 2860 
6 2846 2848 2860 2861 3333 3334 
13 2592 2765 2782 2828 2833 2901 2909 2910 2911 2912 2913 2914 2915 
10 2540 2541 2691 2782 2879 2924 2950 2955 2956 2959 
3 2559 2782 3367 
3 2868 2869 2870 
4 2867 2870 2973 2974 
4 2867 2973 4177 4219 
7 2867 2868 4221 4242 4264 4268 4317 
1 2585 
1 2585 
3 2607 2930 3086 
2 2603 2696 
9 2603 2707 2876 2983 3018 3100 3137 3159 3247 
3 2603 2875 3264 
4 2878 2879 2880 2881 
3 2776 2877 2972 
2 2865 2877 
2 2877 3254 
2 2877 3254 
2 2801 3027 
1 2801 
4 2622 2885 2886 2887 
2 2884 3203 
2 2884 3258 
3 2884 2889 3290 
1 2889 
3 2621 2887 2888 
1 2891 
2 2890 2892 
3 2621 2891 2893 
2 2892 3042 
1 2895 
3 2894 2941 3262 
1 2897 
2 2896 2898 
3 2621 2897 2899 
2 2898 2900 
1 2899 
8 2864 2902 2903 2904 2905 2906 2907 2908 
6 2901 2905 2906 3074 3075 3076 
1 2901 
1 2901 
10 2593 2765 2901 2902 2906 3065 3220 3282 3283 3284 
3 2901 2902 2905 
2 2901 2908 
3 2901 2907 3369 
1 2864 
3 2864 2955 3127 
3 2864 2955 3176 
1 2864 
1 2864 
1 2864 
3 2765 2864 3303 
2 2597 2917 
2 2597 2916 
5 2538 2702 2763 2919 2920 
2 2918 3323 
1 2918 
1 2532 
1 2723 
1 2690 
3 2557 2854 2865 
13 2520 2598 2926 2927 2928 2929 2930 2931 2932 2933 2934 2935 2936 
5 2551 2925 2927 2936 3052 
4 2925 2926 2935 2936 
2 2598 2925 
5 2925 2930 2931 2969 3111 
8 2873 2925 2929 2931 2933 3251 3252 3253 
4 2925 2929 2930 3111 
2 2520 2925 
2 2925 2930 
2 2598 2925 
2 2925 2927 
3 2925 2926 2927 
1 2538 
1 2939 
3 2774 2938 2967 
1 2530 
3 2621 2895 3098 
3 1677 2621 3265 
4 1677 2780 2952 2954 
2 2526 2762 
3 2557 2789 3278 
3 2557 2789 3279 
2 2557 2791 
1 2626 
1 2775 
3 2692 2865 2951 
2 2950 2977 
3 2581 2943 3295 
3 2578 2581 3102 
3 2780 2943 2970 
8 2631 2731 2780 2865 2910 2911 2957 2958 
3 2780 2865 3301 
9 2542 2955 3033 3204 3296 3297 3298 3299 3300 
4 2955 2988 3015 3366 
2 2865 3013 
2 2733 3302 
1 2962 
3 2649 2961 2991 
3 2731 3012 3371 
3 2731 3012 3372 
2 2766 3304 
1 2572 
4 2572 2750 2774 2939 
3 2524 2594 3257 
3 2524 2929 3305 
3 2524 2954 3306 
4 2539 2772 3196 3238 
5 2856 2878 3106 3308 3309 
8 2868 2869 4181 4182 4184 4248 4300 4305 
2 2868 4385 
3 2740 3318 3319 
3 2540 3083 3310 
2 2541 2951 
1 2573 
1 2573 
2 2981 2982 
2 2980 3191 
3 2980 3060 3315 
6 2666 2805 2875 3159 3247 3314 
2 2805 3237 
1 2986 
2 2673 2985 
1 2558 
2 2558 2958 
1 2685 
1 2549 
2 2962 3268 
1 2763 
4 2700 2995 2996 2997 
1 2700 
5 2656 2701 2993 3002 3009 
1 2993 
1 2993 
8 2656 3002 3003 3004 3005 3006 3007 3008 
1 2656 
1 2656 
1 2701 
4 2995 2998 3010 3011 
1 2998 
1 2998 
1 2998 
1 2998 
1 2998 
1 2998 
1 2995 
1 3002 
1 3002 
2 2963 2964 
1 2959 
2 2707 2751 
2 2958 3016 
1 3015 
1 2631 
8 2514 2707 2711 2875 3135 3136 3137 3138 
6 2514 2818 3021 3183 3206 3209 
1 2514 
2 2514 3019 
1 2521 
1 2521 
5 2788 2789 2854 3025 3026 
5 2854 3024 3026 3077 3078 
2 3024 3025 
1 2882 
2 3029 3030 
2 3028 3330 
2 3028 3330 
2 2542 2772 
1 2542 
7 2542 2957 3034 3035 3038 3204 3205 
7 2542 3033 3035 3036 3037 3072 3205 
6 2542 3033 3034 3038 3205 3291 
3 2542 3034 3037 
3 2542 3034 3036 
3 2542 3033 3035 
1 2543 
1 561 
1 561 
1 2893 
5 2550 2762 3044 3324 3325 
3 2550 2762 3043 
6 2617 3046 3047 3048 3049 3050 
5 2617 2618 3045 3120 3163 
5 3045 3049 3116 3177 3178 
4 3045 3050 3120 3166 
2 3045 3047 
2 3045 3048 
1 2551 
1 2926 
1 3054 
6 3053 3222 3224 3227 3228 3267 
1 2622 
2 3057 3058 
2 3056 3058 
4 3056 3057 3072 3073 
1 560 
3 560 2982 3313 
3 2576 3062 3063 
2 3061 3169 
3 3061 3167 3168 
2 2593 3068 
9 2593 2647 2830 2831 2832 2905 3219 3220 3221 
2 2593 3067 
2 2593 3066 
2 2593 3064 
1 2677 
1 2678 
1 3072 
4 3034 3058 3071 3073 
2 3058 3072 
2 2902 3075 
2 2902 3074 
1 2902 
2 3025 3078 
4 2787 3025 3077 3370 
1 2604 
1 2604 
1 2604 
1 2604 
1 2976 
2 2623 3085 
5 2623 3084 3173 3174 3175 
6 2608 2873 3090 3248 3249 3250 
1 2608 
3 2608 3089 3091 
3 2608 3088 3091 
2 2608 3086 
3 2608 3088 3089 
1 2544 
2 2610 3094 
1 3093 
1 2546 
2 2623 3097 
4 2588 2589 2623 3096 
1 2941 
2 2666 3100 
6 2666 2707 2875 3099 3159 3215 
4 3102 3103 3104 3105 
3 2953 3101 3105 
1 3101 
1 3101 
2 3101 3102 
4 2856 2972 3107 3108 
2 2856 3106 
1 3106 
2 2598 4086 
2 2598 4084 
2 2929 2931 
7 2611 2612 3113 3114 3115 3116 3117 
1 3112 
2 3112 3117 
5 2611 3112 3116 3117 3132 
6 2611 3047 3112 3115 3178 3214 
5 2611 3112 3114 3115 3231 
2 2792 2793 
3 3120 3121 3122 
7 2590 3046 3048 3119 3121 3163 3170 
4 3119 3120 3326 3327 
1 3119 
1 2817 
2 2817 2818 
1 2516 
1 2517 
1 2910 
1 3129 
3 2676 3128 3132 
1 3131 
2 2815 3130 
4 2676 3115 3129 3134 
3 2676 2767 3193 
1 3132 
2 2680 3018 
8 2807 2821 2836 3018 3137 3138 3216 3281 
6 2707 2875 3018 3136 3138 3339 
3 3018 3136 3137 
1 2680 
1 2681 
1 3142 
2 3141 3353 
1 3144 
2 3143 3336 
1 3146 
2 3145 3355 
1 3148 
2 3147 3351 
1 3150 
2 3149 3355 
1 3152 
2 3151 3330 
1 3154 
2 3153 3338 
1 3156 
2 3155 3342 
1 3158 
2 3157 3352 
7 2707 2778 2875 2983 3100 3202 3247 
1 2711 
1 2713 
1 2714 
3 3046 3120 3164 
1 3163 
1 3166 
2 3048 3165 
2 3063 3168 
3 3063 3167 3169 
5 3062 3168 3195 3217 3218 
2 2590 3120 
2 2736 2737 
1 2736 
1 3085 
5 2589 3085 3175 3199 3307 
2 3085 3174 
1 2911 
1 3047 
3 3047 3116 3214 
3 3180 3181 3182 
8 2819 3179 3181 3183 3184 3185 3186 3187 
10 561 2819 3179 3180 3183 3184 3185 3186 3187 3190 
1 3179 
5 2818 3019 3180 3181 3206 
2 3180 3181 
3 2819 3180 3181 
2 3180 3181 
2 3180 3181 
1 561 
1 561 
1 3181 
1 2981 
1 2777 
2 2767 3133 
1 2768 
1 3169 
2 2772 2971 
2 2772 3198 
2 2772 3197 
4 2589 3174 3311 3312 
1 2778 
1 2778 
2 2778 3159 
1 2885 
2 2957 3033 
3 3033 3034 3035 
3 2818 3019 3183 
1 2797 
1 2798 
1 3019 
1 563 
1 564 
1 565 
1 562 
2 3116 3178 
1 3100 
2 2807 3136 
1 3169 
1 3169 
3 3065 3220 3221 
4 2905 3065 3219 3221 
3 3065 3219 3220 
10 2840 2841 2844 3054 3223 3224 3225 3226 3227 3228 
4 3222 3227 3274 3276 
3 3054 3222 3228 
3 2844 3222 3226 
3 2844 3222 3225 
5 2844 3054 3222 3223 3361 
5 2844 3054 3222 3224 3229 
2 2844 3228 
1 2844 
1 3117 
1 2830 
1 2831 
1 2832 
2 2667 3237 
1 2667 
4 2667 2984 3235 3360 
1 2971 
1 3240 
2 3239 3344 
1 3242 
2 3241 3343 
1 2851 
1 2852 
1 2853 
1 2783 
3 2875 2983 3159 
3 3086 3249 3250 
3 3086 3248 3250 
5 3086 3248 3249 3358 3359 
3 2930 3252 3253 
6 2930 3251 3253 3317 3346 3363 
3 2930 3251 3252 
3 2880 2881 3255 
1 3254 
1 2563 
1 2968 
4 2886 3259 3260 3261 
2 3258 3261 
1 3258 
2 3258 3259 
2 2895 3263 
1 3262 
1 2876 
1 2942 
1 2827 
1 3054 
2 2991 3269 
1 3268 
3 2788 2789 3277 
1 3272 
2 3271 3351 
1 2855 
3 3223 3275 3276 
1 3274 
4 3223 3274 3285 3286 
1 3270 
1 2945 
1 2946 
1 2770 
2 2821 3136 
2 2905 3283 
2 2905 3282 
1 2905 
1 3276 
1 3276 
1 2638 
1 2638 
2 2638 4149 
1 2887 
1 3035 
1 566 
1 2819 
1 2818 
1 2952 
3 2957 3297 3299 
3 2957 3296 3299 
2 2957 3300 
3 2957 3296 3297 
2 2957 3298 
1 2956 
1 2960 
1 2915 
1 2965 
1 2969 
1 2970 
1 3174 
1 2972 
1 2972 
1 2976 
2 3199 3312 
2 3199 3311 
1 3060 
1 2983 
1 2982 
1 2564 
1 3252 
2 2975 3319 
2 2975 3318 
1 2617 
1 2762 
1 3323 
2 2919 3322 
2 3043 3325 
2 3043 3324 
1 3121 
1 3121 
1 2702 
1 2703 
4 3029 3030 3152 3343 
2 2738 3332 
1 3331 
3 2860 2863 3334 
5 2860 2863 3333 3347 3357 
1 3336 
3 2677 3144 3335 
1 3338 
3 2678 3154 3337 
1 3137 
1 2612 
3 2769 3342 3343 
3 3156 3341 3355 
3 3242 3330 3341 
3 2770 3240 3345 
3 3344 3352 3353 
1 3252 
2 2860 3334 
3 2785 3349 3350 
3 2785 3348 3350 
3 2785 3348 3349 
3 3148 3272 3352 
3 3158 3345 3351 
3 3142 3345 3354 
1 3353 
3 3146 3150 3342 
2 2860 3357 
3 2860 3334 3356 
2 3250 3359 
2 3250 3358 
1 3237 
1 3227 
1 2821 
1 3252 
1 2821 
1 2594 
1 2958 
1 2866 
1 2785 
1 2908 
1 3078 
1 2963 
1 2964 
3 3374 3375 3376 
7 3373 3658 3660 3661 3664 3665 3666 
2 3373 3505 
2 3373 3439 
4 3378 3379 3380 3381 
3 3377 3382 3383 
3 3377 3516 3517 
1 3377 
2 3377 3428 
4 3378 3394 3447 3449 
3 3378 4548 4673 
5 3385 3386 3387 3388 3389 
4 3384 3390 3391 3392 
2 3384 3495 
2 3384 3691 
3 3384 3513 3756 
3 3384 3803 3804 
8 3385 3392 3429 3433 3434 3435 3436 3437 
2 3385 3496 
5 3385 3390 3439 3512 3515 
2 3394 3395 
6 3382 3393 3396 3397 3398 3399 
3 3393 3781 3783 
9 6 7 3394 3399 3502 3503 3504 3505 3506 
1 3394 
1 3394 
2 3394 3396 
1 3401 
3 3400 3402 3706 
3 3401 3403 3404 
2 3402 3491 
3 3402 3791 3846 
3 3406 3407 3408 
1 3405 
3 3405 3514 3825 
2 3405 3520 
1 3410 
14 3409 3411 3412 3414 3418 3419 3627 3667 3673 3702 3723 3724 3725 3726 
1 3410 
1 3410 
1 3414 
6 3410 3413 3461 3671 3697 3722 
7 3416 3417 3418 3419 3420 3421 3422 
4 3415 3504 3537 3538 
2 3415 3678 
2 3410 3415 
2 3410 3415 
2 3415 3466 
3 3415 3505 3677 
2 3415 3462 
5 3424 3425 3426 3427 3428 
1 3423 
3 3423 3507 3632 
2 3423 3815 
3 3423 3508 3784 
3 3381 3423 3844 
4 3390 3430 3431 3432 
2 3429 3721 
3 3429 3718 3720 
3 3429 3514 3835 
2 3390 3579 
1 3390 
1 3390 
1 3390 
4 3390 3439 3669 3694 
2 3439 3440 
10 3376 3392 3437 3438 3441 3442 3443 3444 3445 3446 
2 3438 3607 
5 3439 3445 3482 3483 3484 
5 3439 3443 3456 3518 3519 
9 3439 3442 3500 3553 3554 3558 3559 3560 3561 
4 3439 3503 3583 3585 
2 3439 3441 
3 3439 3490 3754 
2 3382 3448 
2 3447 3815 
2 3382 3490 
4 3451 3452 3453 3454 
10 3450 3535 3571 3572 3573 3574 3575 3576 3577 3578 
2 3450 3611 
3 10 3450 3640 
4 3450 3536 3638 3639 
6 3456 3457 3458 3459 3460 3461 
7 3442 3455 3462 3463 3464 3465 3466 
1 3455 
2 3455 3732 
3 3455 3731 3775 
2 3455 3769 
2 3414 3455 
7 3422 3456 3502 3562 3563 3564 3565 
1 3456 
1 3456 
2 3456 3559 
2 3420 3456 
2 3468 3469 
2 3467 3727 
3 3467 4886 4905 
5 3471 3472 3473 3474 3475 
3 3470 3642 3666 
7 3470 3668 3712 3743 3744 3746 3750 
2 3470 3534 
2 3470 3534 
2 3470 3658 
5 3477 3478 3479 3480 3481 
5 3476 3542 3562 3588 3589 
3 3476 3625 3780 
1 3476 
1 3476 
3 3476 3543 3822 
4 3441 3497 3500 3501 
2 3441 3558 
2 3441 3560 
4 3486 3487 3488 3489 
3 3485 3490 3491 
3 3485 3713 3715 
2 3485 3838 
3 3485 3511 3715 
6 3446 3449 3486 3507 3510 3511 
4 3403 3486 3540 3541 
2 3493 3494 
5 3492 3515 3529 3530 3533 
5 3492 3569 3570 3692 3763 
3 3386 3691 3806 
5 3391 3803 3804 3808 3809 
3 3482 3498 3499 
2 3497 3847 
3 3497 3623 3703 
2 3443 3482 
2 3482 3751 
3 3396 3462 3578 
2 3396 3444 
2 3396 3416 
4 3375 3396 3421 3751 
2 3396 3564 
4 3425 3490 3508 3509 
2 3427 3507 
3 3507 3689 3845 
1 3490 
3 3489 3490 4864 
3 3392 3513 3514 
2 3388 3512 
7 3407 3432 3512 3579 3581 3826 3828 
5 3392 3493 3532 3550 4558 
2 3379 3783 
2 3379 4655 
1 3442 
5 3442 4554 4556 4730 4749 
5 3408 3521 3522 3523 3524 
3 3520 3544 3551 
3 3520 3688 3689 
2 3520 3816 
2 3520 4873 
1 3526 
2 3525 3827 
1 3528 
2 3527 3834 
1 3493 
3 3493 3531 3532 
2 3530 3692 
3 3515 3530 3600 
2 3493 3669 
8 10 3473 3474 3535 3536 3537 3538 3539 
2 3451 3534 
2 3454 3534 
2 3416 3534 
2 3416 3534 
2 3534 3673 
3 3491 3650 3651 
4 3491 4866 4890 4920 
2 3477 3543 
3 3481 3542 3637 
6 3521 3545 3546 3547 3548 3549 
2 3544 3550 
2 3544 3645 
4 3544 3647 3654 3836 
2 3544 3831 
2 3544 3843 
3 3515 3545 4888 
3 3521 3653 3796 
5 3553 3554 3555 3556 3557 
2 3443 3552 
2 3443 3552 
1 3552 
2 3552 3765 
2 3552 3765 
2 3443 3483 
2 3443 3465 
2 3443 3484 
2 3443 3776 
3 3462 3477 3590 
2 3462 3591 
3 3462 3506 3794 
3 3462 4581 4627 
4 3567 3568 3569 3570 
3 3566 3681 3682 
5 3566 3685 3694 3733 3734 
3 3494 3566 3762 
2 3494 3566 
1 3451 
3 3451 3614 3690 
2 3451 3695 
2 3451 3698 
3 3451 3771 3805 
1 3451 
1 3451 
2 3451 3502 
5 3433 3514 3580 3581 3582 
3 3579 3699 3811 
4 3514 3579 3826 3841 
2 3579 3841 
5 3444 3584 3585 3586 3587 
1 3583 
2 3444 3583 
4 3583 3810 3813 3837 
3 3583 3738 3814 
1 3477 
4 3477 3590 4708 4713 
3 3562 3589 3591 
6 3563 3590 3834 4543 4550 4551 
2 3593 3594 
1 3592 
3 3592 4576 4618 
2 3596 3597 
2 3595 3799 
5 3595 4634 4724 4725 4726 
1 3599 
3 3598 3600 3601 
2 3532 3599 
2 3599 3602 
2 3601 3687 
4 3604 3605 3606 3607 
1 3603 
3 3603 3693 3694 
2 3603 3686 
3 3440 3603 3755 
1 3609 
9 3608 3631 3790 4871 4877 4905 4916 4917 4918 
1 3611 
7 3452 3610 3612 3613 3674 3675 3690 
1 3611 
1 3611 
1 3572 
1 3616 
3 3615 3729 3730 
3 3618 3619 3620 
1 3617 
1 3617 
3 3617 4524 4554 
1 3622 
5 3621 3628 4891 4892 4893 
1 3499 
1 3625 
3 3478 3624 3800 
1 3627 
3 3410 3626 3711 
1 3622 
1 3630 
4 3629 3704 3705 3706 
1 3609 
1 3425 
1 3634 
2 3633 3844 
1 3636 
2 3635 3690 
1 3543 
1 3454 
1 3454 
1 3453 
2 3642 3643 
3 3471 3641 3643 
5 5 3641 3642 3730 3738 
3 3645 3646 3647 
4 3546 3644 3648 3649 
1 3644 
3 3547 3644 3797 
2 3645 3796 
2 3645 3656 
2 3540 3651 
2 3540 3650 
2 3653 3654 
4 3551 3652 3716 3717 
2 3547 3652 
1 3656 
2 3649 3655 
1 3658 
6 3374 3475 3657 3659 3662 3663 
1 3658 
1 3374 
1 3374 
2 3658 3768 
2 3658 3847 
3 3374 3766 3767 
1 3374 
2 3374 3471 
2 3410 3668 
2 3472 3667 
2 3437 3533 
2 3671 3672 
2 3414 3670 
2 3670 3765 
2 3410 3539 
3 3611 3675 3676 
2 3611 3674 
1 3674 
1 3421 
2 3417 3776 
2 5 3680 
1 3679 
1 3567 
4 3567 3683 3684 3685 
1 3682 
2 3682 3764 
2 3568 3682 
2 3606 3687 
2 3602 3686 
1 3522 
2 3509 3522 
3 3572 3611 3636 
2 3387 3495 
2 3494 3531 
2 3605 3694 
4 3437 3568 3605 3693 
2 3573 3724 
2 3697 3698 
2 3414 3696 
2 3574 3696 
1 3580 
2 3701 3702 
1 3700 
2 3410 3700 
1 3499 
1 3630 
1 3630 
4 3401 3630 3736 3848 
2 3708 3709 
4 3707 3736 3792 3793 
2 3707 3728 
1 3711 
2 3627 3710 
1 3472 
2 3487 3714 
1 3713 
2 3487 3489 
1 3653 
1 3653 
1 3431 
1 3720 
3 3431 3719 3721 
2 3430 3720 
2 3414 3752 
1 3410 
2 3410 3695 
2 3410 3812 
2 3410 3812 
2 3468 3791 
1 3709 
1 3616 
2 3616 3643 
1 3459 
2 3458 3770 
2 3568 3735 
2 3568 3763 
3 3733 3839 3840 
2 3706 3708 
1 3738 
3 3587 3643 3737 
1 3740 
2 3739 3796 
3 3742 3743 3744 
1 3741 
3 3472 3741 3745 
3 3472 3741 3748 
3 3743 3746 3747 
3 3472 3745 3748 
1 3745 
3 3744 3746 3749 
1 3748 
3 8 3472 3772 
2 3501 3505 
2 3722 3765 
2 3754 3755 
2 3446 3753 
2 3607 3753 
1 3388 
1 3758 
2 3757 3763 
1 3760 
2 3759 3762 
1 3762 
5 3569 3760 3761 3763 3764 
4 3494 3734 3758 3762 
2 3684 3762 
4 3556 3557 3672 3752 
1 3664 
2 3664 3810 
1 3662 
1 3460 
2 3732 3771 
2 3575 3770 
1 3750 
2 3774 3775 
1 3773 
2 3459 3773 
2 3561 3678 
1 3778 
3 3777 3795 3846 
1 3780 
2 3478 3779 
2 3395 3782 
1 3781 
2 3395 3516 
1 3427 
3 3786 3787 3788 
2 3785 3820 
1 3785 
2 3785 3838 
1 3790 
3 3609 3789 4903 
2 3404 3727 
1 3708 
2 3708 3824 
1 3564 
1 3778 
3 3551 3648 3740 
2 3647 3798 
3 3797 3818 3821 
1 3596 
1 3625 
1 3802 
3 3801 3816 3817 
2 3389 3496 
2 3389 3496 
1 3575 
2 3495 3807 
1 3806 
1 3496 
1 3496 
2 3586 3767 
1 3580 
2 3725 3726 
1 3586 
1 3587 
2 3426 3448 
2 3523 3802 
1 3802 
2 3798 3819 
1 3818 
2 3786 3823 
1 3798 
1 3481 
2 3820 3824 
3 3793 3823 3833 
1 3407 
2 3514 3581 
2 3526 3828 
2 3514 3827 
1 8 
1 3831 
2 3548 3830 
1 3833 
5 3824 3832 4863 4904 4920 
4 3528 3591 4551 4724 
1 3432 
1 3547 
1 3586 
2 3488 3788 
1 3735 
1 3735 
2 3581 3582 
1 3843 
2 3549 3842 
2 3428 3634 
1 3509 
2 3404 3778 
2 3498 3663 
1 3706 
2 3850 3851 
3 3849 3863 3890 
2 3849 3853 
3 3853 3854 3855 
7 3851 3852 3856 3876 3877 3878 3879 
2 3852 3887 
4 3852 3856 3933 3934 
2 3853 3855 
3 3858 3859 3860 
2 3857 3897 
3 3857 3935 3950 
2 3857 3935 
3 3862 3863 3864 
2 3861 3865 
2 3850 3861 
3 3861 3898 3899 
5 3862 3875 3894 3898 3914 
1 3867 
4 3866 3868 3869 3870 
6 3867 3871 3900 3905 3931 3932 
3 3867 3870 3903 
2 3867 3869 
3 3868 3872 3873 
1 3871 
2 3871 4036 
1 3875 
3 3865 3874 3876 
4 3853 3875 3879 3929 
1 3853 
1 3853 
2 3853 3876 
5 3881 3882 3883 3884 3885 
1 3880 
4 3880 3886 3887 3888 
3 3880 3922 3929 
1 3880 
9 3880 3914 3923 3949 4225 4226 4260 4353 4354 
3 810 3882 3948 
10 3854 3882 3889 3954 3956 3967 4002 4003 4004 4005 
3 3882 3949 4032 
2 3887 3890 
3 3850 3889 4044 
2 202 3916 
4 3893 3894 3895 3896 
1 3892 
8 3865 3892 3914 3917 3918 3919 3920 3921 
3 3892 3985 3986 
3 3892 4010 4011 
3 3858 3933 3935 
7 3864 3865 3901 3902 3930 3936 3944 
7 3864 3908 3952 3953 3987 3998 4001 
6 3868 3901 3902 3903 3904 3905 
2 3898 3900 
2 3898 3900 
5 3869 3900 3904 3925 3961 
2 3900 3903 
3 3868 3900 3984 
6 810 3907 3908 3909 3910 3911 
2 3906 3975 
3 3899 3906 4000 
3 3906 3983 3998 
3 3906 3942 4027 
3 3906 3981 4027 
2 810 3913 
2 3912 3930 
7 810 3865 3885 3894 3915 3922 3923 
5 810 3914 3945 3946 3947 
3 810 3891 4026 
3 3894 3948 4001 
1 3894 
2 3894 3985 
2 3894 4011 
2 3894 3998 
3 3883 3914 3924 
3 3885 3914 3934 
5 3922 3925 3926 3927 3928 
2 3903 3924 
1 3924 
2 3924 4021 
2 3924 3980 
13 3876 3883 3991 3992 3993 3994 3997 4008 4012 4013 4014 4025 4029 
2 3898 3913 
1 3868 
3 3868 3981 3982 
2 3855 3897 
8 3855 3923 3960 4023 4024 4031 4037 4038 
6 3859 3860 3897 3949 3950 3951 
8 3898 3937 3938 3939 3940 3941 3942 3943 
1 3936 
2 3936 4018 
2 3936 3940 
3 3936 3939 3942 
3 3936 3977 4018 
5 3910 3936 3940 3982 4035 
1 3936 
1 3898 
1 3915 
1 3915 
1 3915 
6 3886 3917 3969 3987 4028 4041 
3 3885 3888 3935 
2 3859 3935 
2 3935 3988 
2 3899 3953 
3 3899 3952 3963 
2 3887 3955 
3 3954 3956 3957 
3 3887 3955 3968 
3 3955 4004 4033 
2 3959 3960 
3 3958 4031 4032 
2 3934 3958 
1 3903 
2 3963 3964 
3 3953 3962 3965 
2 3962 3972 
3 3963 3970 3974 
3 3967 3968 3969 
2 3887 3966 
3 3956 3966 4003 
3 3948 3966 4040 
2 3965 3971 
3 3970 3987 4033 
3 3964 3973 3974 
1 3972 
2 3965 3972 
3 3907 3976 3977 
1 3975 
3 3941 3975 4039 
1 3979 
2 3978 4033 
1 3928 
4 3911 3932 3983 3984 
3 3932 3942 4034 
2 3909 3981 
2 3905 3981 
2 3895 3919 
5 3895 4014 4020 4021 4029 
3 3899 3948 3971 
3 3951 3989 3990 
1 3988 
2 3988 4016 
4 3929 3992 3993 3994 
3 3929 3991 3995 
2 3929 3991 
3 3929 3991 4042 
2 3992 3996 
2 3995 3997 
2 3929 3996 
5 3899 3909 3921 3999 4000 
1 3998 
2 3908 3998 
2 3899 3917 
2 3887 4006 
2 3887 3968 
2 3887 3957 
2 3887 4024 
3 4002 4040 4043 
2 4008 4009 
4 3929 4007 4025 4028 
3 4007 4029 4030 
1 3896 
3 3896 3920 4019 
3 3929 4013 4014 
2 3929 4012 
3 3929 3986 4012 
1 4016 
3 3990 4015 4017 
2 4016 4022 
3 3938 3941 4039 
1 4011 
2 3986 4021 
3 3927 3986 4020 
2 4017 4038 
2 3934 4024 
3 3934 4005 4023 
2 3929 4008 
1 3916 
2 3910 3911 
2 3948 4008 
3 3929 3986 4009 
1 4009 
2 3934 3959 
2 3888 3959 
3 3957 3971 3979 
2 3982 4035 
3 3942 4034 4036 
2 3873 4035 
2 3934 4038 
3 3934 4022 4037 
2 3977 4018 
3 3969 4006 4041 
2 3948 4040 
1 3994 
1 4006 
1 3890 
1 4046 
3 4045 4064 4105 
3 4048 4049 4050 
3 4047 4071 4072 
2 4047 4074 
3 4047 4103 4135 
2 4052 4053 
2 4051 4054 
2 4051 4131 
3 4052 4055 4108 
2 4054 4056 
2 4055 4074 
1 4058 
3 4057 4094 4137 
2 4060 4061 
3 4059 4061 4113 
5 4059 4060 4101 4111 4132 
4 4063 4064 4065 4066 
5 4062 4066 4093 4094 4095 
3 4046 4062 4129 
2 4062 4166 
2 4062 4063 
3 4068 4069 4070 
4 4067 4096 4097 4098 
2 4067 4163 
2 4067 4136 
6 4048 4073 4074 4075 4076 4077 
2 4048 4080 
3 4071 4091 4092 
8 4049 4056 4071 4079 4109 4110 4111 4112 
1 4071 
2 4071 4079 
3 4071 4101 4133 
3 4079 4080 4081 
5 4074 4076 4078 4082 4083 
2 4072 4078 
2 4078 4130 
2 4079 4130 
2 4079 4144 
3 3110 4085 4086 
4 4084 4087 4089 4090 
5 3109 4084 4123 4127 4153 
2 4085 4088 
3 4087 4141 4157 
2 4085 4134 
4 4085 4092 4143 4151 
1 4073 
3 4073 4090 4111 
4 504 4063 4105 4116 
6 4058 4063 4133 4154 4155 4156 
2 4063 4165 
1 4068 
1 4068 
4 4068 4099 4101 4102 
2 4098 4100 
3 4099 4103 4104 
7 4061 4077 4098 4135 4145 4150 4151 
2 4098 4169 
4 4050 4100 4124 4125 
2 4100 4135 
2 4046 4093 
1 4107 
3 4106 4116 4173 
2 4054 4128 
1 4074 
1 4074 
4 4061 4074 4092 4148 
1 4074 
2 4060 4114 
5 4113 4134 4140 4145 4151 
2 608 4128 
2 4093 4107 
2 4118 4119 
2 4117 4136 
2 4117 4137 
2 4121 4122 
2 4120 4123 
2 4120 4146 
2 4086 4121 
1 4103 
1 4103 
1 4127 
4 4086 4126 4146 4149 
2 4108 4115 
3 4064 4156 4165 
2 4081 4082 
2 4053 4158 
2 4061 4133 
4 4077 4094 4132 4152 
5 4089 4114 4143 4151 4152 
3 4050 4101 4104 
3 4070 4118 4137 
3 4058 4119 4136 
4 4139 4140 4141 4142 
2 4138 4140 
3 4114 4138 4139 
2 4088 4138 
2 4138 4151 
2 4090 4134 
1 4083 
2 4101 4114 
3 4122 4127 4147 
2 4146 4153 
1 4111 
2 3289 4127 
1 4101 
5 4090 4101 4114 4134 4142 
2 4133 4134 
2 4086 4147 
1 4094 
1 4094 
2 4094 4129 
1 4088 
2 4131 4159 
2 4158 4160 
3 4159 4161 4162 
2 4160 4168 
2 4160 4168 
1 4069 
2 4165 4166 
4 4095 4129 4164 4167 
2 4065 4164 
1 4165 
4 4161 4162 4205 4207 
4 4102 4170 4171 4172 
1 4169 
1 4169 
1 4169 
1 4107 
1 4175 
5 4174 4177 4179 4180 4181 
1 4177 
5 2869 4175 4176 4178 4179 
1 4177 
5 4175 4177 4191 4192 4193 
1 4175 
6 2973 4175 4238 4278 4300 4314 
4 2973 4183 4184 4185 
5 4182 4190 4198 4321 4322 
7 2823 2973 4182 4189 4305 4363 4374 
1 4182 
2 4187 4188 
3 4186 4189 4190 
3 4186 4397 4398 
8 648 4184 4187 4190 4248 4273 4331 4343 
4 4183 4187 4189 4344 
5 4179 4219 4258 4259 4260 
4 4179 4193 4225 4313 
3 4179 4192 4225 
1 4195 
4 4194 4196 4197 4198 
1 4195 
2 4195 4322 
2 4183 4195 
2 4200 4201 
4 4199 4227 4228 4229 
2 4199 4256 
2 4203 4204 
5 4202 4227 4230 4257 4297 
5 4202 4388 4389 4390 4391 
1 4168 
1 4207 
6 4168 4206 4215 4233 4234 4235 
5 4209 4210 4211 4212 4213 
2 4208 4211 
1 4208 
3 4208 4209 4242 
1 4208 
3 4208 4383 4384 
4 4215 4216 4217 4218 
5 4207 4214 4227 4290 4291 
1 4214 
1 4214 
1 4214 
5 2869 4191 4238 4239 4240 
4 4221 4222 4223 4224 
4 2870 4220 4225 4226 
1 4220 
1 4220 
1 4220 
5 3885 4192 4193 4221 4318 
2 3885 4221 
7 4200 4203 4215 4284 4294 4295 4296 
3 4200 4295 4401 
1 4200 
3 4203 4231 4232 
1 4230 
1 4230 
2 4207 4236 
2 4207 4237 
2 4207 4289 
2 4233 4341 
1 4234 
6 4181 4219 4254 4276 4279 4283 
5 4219 4254 4274 4301 4305 
2 4219 4382 
3 541 4242 4264 
6 541 2870 4211 4241 4264 4375 
1 541 
2 216 4318 
4 530 2567 4246 4247 
3 528 4245 4293 
1 4245 
3 648 2973 4189 
3 4250 4251 4252 
4 4249 4253 4254 4255 
1 4249 
1 4249 
3 4250 4261 4262 
6 4238 4239 4250 4255 4298 4300 
2 4250 4254 
4 198 601 4201 4257 
4 650 4203 4256 4316 
4 4191 4286 4287 4288 
2 4191 4260 
4 3885 4191 4259 4355 
1 4253 
1 4253 
1 4264 
7 2870 4241 4242 4263 4265 4266 4268 
1 4264 
2 4264 4267 
1 4266 
3 2870 4264 4342 
1 2566 
1 2566 
1 4272 
2 4271 4273 
5 4189 4272 4323 4331 4349 
2 4239 4275 
2 648 4274 
3 4238 4277 4278 
1 4276 
5 4181 4276 4310 4311 4312 
4 4238 4280 4281 4282 
5 4279 4306 4307 4308 4309 
1 4279 
1 4279 
7 4238 4376 4377 4378 4379 4380 4381 
2 4227 4285 
3 4284 4327 4328 
1 4258 
1 4258 
1 4258 
2 620 4235 
3 4215 4291 4326 
4 4215 4290 4361 4362 
1 2567 
1 4246 
6 4227 4364 4365 4366 4367 4368 
2 4227 4228 
2 4227 4316 
3 4203 4319 4320 
2 4254 4299 
1 4298 
7 2973 4181 4254 4345 4346 4347 4348 
4 4239 4302 4303 4304 
1 4301 
1 4301 
1 4301 
3 2973 4184 4239 
1 4280 
1 4280 
1 4280 
1 4280 
1 4278 
1 4278 
1 4278 
1 4192 
2 4181 4315 
1 4314 
2 4257 4296 
3 650 2870 4318 
4 650 4225 4244 4317 
1 4297 
1 4297 
6 4183 4334 4335 4336 4337 4338 
3 4183 4197 4373 
3 4273 4324 4325 
1 4323 
1 4323 
1 4290 
1 4285 
1 4285 
1 963 
1 963 
4 4189 4273 4332 4333 
3 4331 4339 4340 
1 4331 
5 4321 4369 4370 4371 4372 
1 4321 
1 4321 
1 4321 
1 4321 
1 4332 
1 4332 
1 4236 
1 4268 
6 4189 4356 4357 4358 4359 4360 
3 4190 4392 4393 
1 4300 
1 4300 
1 4300 
1 4300 
4 4273 4350 4351 4352 
1 4349 
1 4349 
1 4349 
1 3885 
1 3885 
1 4260 
1 4343 
1 4343 
1 4343 
1 4343 
1 4343 
1 4291 
1 4291 
1 4184 
1 4294 
1 4294 
1 4294 
1 4294 
1 4294 
1 4334 
1 4334 
1 4334 
1 4334 
3 4322 4386 4387 
3 4184 4399 4400 
1 4242 
1 4283 
1 4283 
1 4283 
1 4283 
1 4283 
1 4283 
1 4240 
1 4213 
1 4213 
1 2974 
1 4373 
1 4373 
1 4204 
1 4204 
1 4204 
4 4204 4394 4395 4396 
1 4344 
1 4344 
1 4391 
1 4391 
1 4391 
1 4188 
1 4188 
1 4374 
1 4374 
1 4228 
5 4403 4404 4405 4406 4407 
9 4402 4404 4418 4435 4440 4444 4445 4446 4447 
4 4402 4403 4421 4445 
1 4402 
10 4402 4407 4414 4442 4443 4451 4452 4479 4480 4482 
4 4402 4406 4446 4469 
2 4409 4410 
3 4408 4411 4415 
10 4408 4412 4415 4418 4421 4430 4435 4457 4458 4459 
2 4409 4412 
4 4410 4411 4430 4466 
1 4414 
8 4406 4413 4426 4427 4450 4451 4452 4453 
3 4409 4410 4430 
11 4417 4418 4419 4420 4421 4422 4423 4424 4425 4426 4427 
6 4416 4420 4421 4424 4426 4434 
9 4403 4410 4416 4420 4421 4433 4435 4436 4437 
6 4416 4425 4428 4430 4433 4441 
7 4416 4417 4418 4421 4424 4426 4435 
11 4404 4410 4416 4417 4418 4420 4424 4426 4435 4451 4453 
4 4416 4427 4450 4452 
9 4416 4428 4429 4432 4433 4467 4475 4487 4488 
6 4416 4417 4420 4421 4426 4451 
2 4416 4419 
10 4414 4416 4417 4420 4421 4424 4438 4439 4452 4461 
7 4414 4416 4422 4450 4451 4452 4453 
7 4419 4423 4429 4430 4431 4432 4433 
3 4423 4428 4470 
7 4410 4412 4415 4419 4428 4458 4471 
10 4428 4432 4463 4464 4472 4473 4474 4475 4476 4477 
6 4423 4428 4431 4433 4470 4473 
11 4418 4419 4423 4428 4432 4435 4436 4437 4467 4475 4489 
1 4417 
14 4403 4410 4418 4420 4421 4433 4436 4437 4444 4445 4448 4454 4455 4456 
10 4418 4433 4435 4437 4448 4454 4456 4459 4475 4478 
11 4418 4433 4435 4436 4444 4448 4467 4468 4473 4475 4478 
2 4426 4439 
4 344 4426 4438 4452 
1 4403 
1 4419 
8 401 4406 4443 4451 4452 4479 4480 4482 
6 401 4406 4442 4451 4452 4482 
6 4403 4435 4437 4445 4449 4475 
7 4403 4404 4435 4444 4446 4447 4482 
6 4403 4407 4445 4469 4482 4491 
2 4403 4445 
4 4435 4436 4437 4449 
3 4444 4448 4486 
6 4414 4422 4427 4451 4452 4453 
11 4406 4414 4421 4424 4427 4442 4443 4450 4452 4453 4465 
11 4406 4414 4422 4426 4427 4439 4442 4443 4450 4451 4453 
6 4414 4421 4427 4450 4451 4452 
2 4435 4436 
2 4435 4457 
2 4435 4436 
2 4410 4455 
3 4410 4430 4460 
2 4410 4436 
1 4458 
1 4426 
1 4463 
3 4431 4462 4464 
5 4431 4463 4472 4474 4476 
4 317 4451 4479 4480 
3 4412 4467 4468 
5 4423 4433 4437 4466 4490 
2 4437 4466 
2 4407 4446 
2 4429 4432 
1 4430 
3 4431 4464 4473 
6 4431 4432 4437 4472 4474 4475 
6 4431 4464 4473 4475 4476 4483 
8 4423 4431 4433 4436 4437 4444 4473 4474 
4 4431 4464 4474 4485 
1 4431 
2 4436 4437 
3 4406 4442 4465 
3 4406 4442 4465 
1 4482 
6 4406 4442 4443 4445 4446 4481 
2 4474 4486 
1 344 
1 4476 
2 4449 4483 
1 4423 
1 4423 
1 4433 
1 4467 
1 4446 
1 4493 
4 377 4492 4494 4495 
4 377 4493 4495 4505 
4 4493 4494 4502 4506 
2 4497 4498 
1 4496 
2 377 4496 
1 420 
2 4501 4502 
1 4500 
2 4495 4500 
1 394 
1 377 
4 1356 4494 4506 4507 
4 1356 4495 4505 4508 
1 4505 
1 4506 
1 109 
1 921 
1 921 
1 4513 
3 601 4512 4514 
1 4513 
1 4516 
3 601 4515 4517 
1 4516 
1 601 
1 601 
1 601 
1 601 
1 54 
2 4524 4525 
7 3620 4523 4526 4555 4564 4565 4566 
3 4523 4593 4700 
2 4524 4527 
2 4526 4621 
5 2364 4529 4530 4531 4532 
3 4528 4657 4658 
6 4528 4663 4714 4715 4731 4746 
3 4528 4587 4761 
1 4528 
3 4534 4535 4536 
2 4533 4767 
3 4533 4660 4765 
1 4533 
2 4538 4539 
2 4537 4549 
3 4537 4557 4739 
1 4541 
2 4540 4602 
5 4543 4544 4545 4546 4547 
4 2389 3591 4542 4548 
4 4542 4615 4616 4617 
3 4542 4747 4748 
2 4542 4606 
2 4542 4687 
7 3383 4543 4675 4882 4906 4907 4908 
1 4538 
3 3591 4552 4553 
4 3591 3834 4585 4635 
5 2388 4550 4728 4729 4730 
4 2458 4550 4865 4866 
2 3519 3620 
2 4524 4556 
2 3519 4555 
3 4539 4558 4559 
3 3515 4557 4560 
1 4557 
2 4558 4579 
2 4562 4563 
3 4561 4571 4685 
2 2492 4561 
2 4524 4595 
2 4524 4661 
2 4524 4652 
3 4568 4569 4570 
3 4567 4571 4572 
2 4567 4597 
2 4567 4695 
4 4562 4568 4737 4738 
3 4568 4598 4791 
2 4574 4575 
2 4573 4595 
4 4573 4709 4711 4712 
2 3594 4577 
2 4576 4617 
2 4579 4580 
5 4560 4578 4600 4603 4604 
3 4578 4692 4704 
3 2507 3565 4585 
1 2507 
2 2507 4696 
2 2507 4629 
2 4551 4581 
4 2492 4587 4588 4589 
2 4531 4586 
3 4586 4756 4757 
1 4586 
2 4591 4592 
2 4590 4665 
2 4590 4619 
2 4525 4594 
3 4593 4627 4653 
3 4564 4574 4845 
3 4597 4598 4599 
3 4569 4596 4598 
3 4572 4596 4597 
2 4596 4856 
2 4579 4601 
2 4600 4602 
3 4541 4601 4771 
1 4579 
1 4579 
1 4606 
3 4546 4605 4607 
3 4606 4706 4710 
2 4609 4610 
4 4608 4633 4644 4649 
3 4608 4630 4697 
2 4612 4613 
3 2492 4611 4614 
2 4611 4695 
2 4612 4690 
4 4544 4662 4687 4688 
2 4544 4731 
2 4544 4577 
3 3594 4760 4775 
2 4592 4620 
4 4619 4706 4751 4755 
4 4527 4622 4623 4624 
4 4621 4636 4637 4638 
3 4621 4749 4750 
1 4621 
3 4626 4627 4628 
1 4625 
3 3565 4594 4625 
2 4625 4654 
2 4584 4630 
3 4610 4629 4736 
3 4632 4633 4634 
2 4631 4635 
4 4609 4631 4701 4702 
2 3597 4631 
3 4551 4632 4732 
3 4622 4767 4784 
1 4622 
2 4622 4777 
2 4640 4641 
8 4639 4642 4643 4644 4645 4646 4647 4648 
2 4639 4676 
1 4640 
3 4640 4703 4743 
3 4609 4640 4759 
3 4640 4788 4790 
1 4640 
1 4640 
1 4640 
2 4609 4844 
2 4651 4652 
2 4650 4660 
4 4566 4650 4755 4764 
2 4594 4654 
4 4628 4653 4689 4703 
2 3517 4656 
5 4655 4673 4721 4753 4783 
1 4529 
1 4529 
1 4660 
3 4535 4651 4659 
2 4565 4739 
3 4615 4663 4664 
3 4530 4662 4744 
1 4662 
3 4591 4666 4667 
6 2389 4665 4667 4669 4722 4742 
3 4665 4666 4779 
5 2383 4669 4670 4671 4672 
3 4666 4668 4686 
1 4668 
2 4668 4778 
3 4668 4733 4742 
4 3383 4656 4674 4675 
3 4673 4720 4721 
4 4548 4673 4860 4862 
5 4641 4677 4678 4679 4680 
3 4676 4780 4783 
1 4676 
1 4676 
1 4676 
3 4682 4683 4684 
2 4681 4720 
1 4681 
1 4681 
1 4562 
2 4669 4858 
3 4547 4615 4688 
2 4615 4687 
1 4654 
3 4614 4707 4774 
2 4692 4693 
3 4580 4691 4694 
1 4691 
1 4692 
2 4570 4613 
2 4583 4697 
2 4610 4696 
3 2499 2501 4762 
3 2499 4798 4812 
2 4525 4712 
1 4633 
1 4633 
2 4643 4654 
2 4580 4705 
3 4704 4767 4777 
2 4607 4620 
1 4690 
2 3589 4709 
3 4575 4708 4734 
1 4607 
1 4575 
2 4575 4700 
2 2508 3589 
5 4530 4715 4716 4717 4718 
3 4530 4714 4719 
1 4714 
1 4714 
1 4714 
3 4715 4746 4768 
2 4674 4682 
3 4656 4674 4776 
2 4666 4723 
3 4722 4748 4766 
2 3597 3834 
3 3597 4732 4760 
3 3597 4842 4843 
1 2388 
1 4552 
1 4552 
2 3519 4552 
4 4530 4616 4745 4859 
2 4635 4725 
1 4672 
2 4709 4735 
1 4734 
1 4630 
3 2504 4571 4785 
2 4571 4853 
2 4539 4661 
2 4741 4742 
1 4740 
3 4666 4672 4740 
1 4643 
1 4663 
1 4731 
3 4530 4719 4769 
1 4545 
3 4545 4723 4758 
4 3519 4623 4751 4752 
2 4623 4765 
3 2389 4620 4749 
2 4749 4767 
2 4656 4754 
1 4753 
2 4620 4652 
3 2482 4588 4782 
2 4588 4854 
1 4748 
1 4644 
2 4618 4725 
2 4531 4850 
5 4698 4797 4802 4833 4834 
1 4764 
2 4652 4763 
2 4535 4750 
1 4723 
4 4534 4636 4705 4752 
1 4719 
2 4746 4770 
1 4769 
1 4602 
4 2501 4819 4821 4837 
2 2501 4814 
2 2492 4690 
1 4618 
2 4721 4847 
2 4638 4705 
2 4671 4857 
1 4667 
2 4677 4781 
1 4780 
1 4756 
2 4656 4677 
1 4636 
1 4737 
1 2504 
2 881 2504 
2 4645 4789 
1 4788 
1 4645 
3 4572 4852 4853 
2 4793 4794 
2 4792 4809 
2 4792 4802 
2 4796 4797 
2 4795 4807 
2 4762 4795 
2 4699 4799 
2 4798 4800 
2 4799 4801 
2 4800 4812 
5 4762 4794 4803 4804 4805 
5 4802 4806 4810 4815 4830 
2 4802 4806 
1 4802 
2 4803 4804 
2 4796 4808 
2 4807 4809 
2 4793 4808 
2 4803 4811 
6 4810 4813 4820 4823 4828 4829 
2 4699 4801 
2 4811 4814 
5 4773 4813 4821 4831 4836 
2 4803 4816 
2 4815 4820 
2 4818 4819 
2 4817 4832 
2 4772 4817 
2 4811 4816 
3 4772 4814 4822 
3 4821 4840 4841 
2 4811 4824 
3 2502 2503 4823 
3 2502 4826 4827 
1 4825 
3 2502 4825 4849 
1 4811 
1 4811 
2 4803 4831 
2 4814 4830 
2 4818 4835 
2 4762 4838 
1 4762 
2 4832 4836 
2 4814 4835 
2 4772 4839 
2 4833 4839 
2 4837 4838 
1 4822 
1 4822 
1 4726 
1 4726 
1 4649 
2 4595 4846 
1 4845 
2 4776 4848 
1 4847 
1 4827 
1 4761 
1 4852 
2 4791 4851 
3 4738 4791 4855 
1 4757 
1 4853 
1 4599 
1 4778 
1 4686 
1 4731 
3 2296 4675 4861 
3 4860 4863 4875 
2 4675 4863 
3 3833 4861 4862 
3 3511 4869 4908 
4 4553 4882 4885 4886 
3 3541 4553 4886 
2 4868 4869 
2 4867 4922 
3 4864 4867 4922 
3 4871 4872 4873 
3 3609 4870 4888 
1 4870 
3 3524 4870 4930 
1 4875 
5 2296 2458 2495 4861 4874 
3 4877 4878 4879 
2 3609 4876 
2 4876 4912 
2 4876 4880 
2 4879 4881 
2 4880 4913 
4 4548 4865 4883 4884 
1 4882 
1 4882 
1 4865 
4 3469 4865 4866 4920 
1 4888 
5 3550 4871 4887 4889 4890 
3 4888 4912 4915 
3 3541 4888 4910 
3 3622 4926 4927 
2 3622 4923 
2 3622 4914 
2 1115 4895 
2 140 4894 
2 228 4897 
3 2486 4896 4902 
1 2408 
2 2486 4900 
2 140 4899 
1 2486 
1 4897 
2 3790 4904 
2 3833 4903 
3 1148 3469 3609 
1 4548 
1 4548 
3 4548 4864 4921 
2 4910 4911 
3 4890 4909 4919 
2 4909 4931 
4 4878 4889 4913 4914 
2 4881 4912 
2 4893 4912 
2 140 4889 
2 3609 4928 
1 3609 
3 3609 4928 4931 
1 4910 
3 3541 3833 4886 
1 4908 
2 4868 4869 
4 1148 4892 4924 4925 
2 4923 4926 
2 4923 4929 
2 4891 4924 
1 4891 
2 4916 4918 
1 4925 
1 4873 
2 4911 4918 
2 881 4933 
2 4932 4940 
1 12 
2 12 4937 
2 887 4937 
2 4935 4936 
2 887 4939 
2 916 4938 
1 4933 
