4892
6060
3 1 2 3 
6 0 426 433 434 435 436 
5 0 430 455 456 457 
3 0 475 520 
4 5 6 7 8 
3 4 3605 3641 
2 4 3361 
2 4 3361 
3 4 3712 3791 
1 10 
3 9 3415 3496 
1 12 
3 11 4885 4886 
1 14 
8 13 114 118 124 169 171 172 173 
2 16 17 
5 15 31 32 33 34 
2 15 46 
1 19 
3 18 20 21 
1 19 
6 19 22 23 24 25 26 
2 21 27 
3 21 130 131 
2 21 105 
7 21 27 66 130 196 203 224 
2 21 30 
3 22 25 60 
2 29 30 
7 28 58 59 98 175 176 177 
3 26 28 66 
1 16 
5 16 35 36 37 38 
1 16 
3 16 95 165 
1 32 
1 32 
3 32 43 67 
2 32 116 
2 40 41 
3 39 42 43 
2 39 188 
2 40 44 
2 37 40 
4 42 161 243 253 
2 46 47 
3 17 45 110 
2 45 64 
1 49 
3 48 109 126 
1 51 
6 50 54 151 166 527 537 
2 53 54 
2 52 115 
6 51 52 126 166 216 4473 
2 56 57 
4 55 92 94 127 
2 55 220 
4 29 59 60 61 
3 29 58 60 
5 27 58 59 70 224 
1 58 
2 63 64 
2 62 229 
2 47 62 
1 66 
9 25 30 65 93 125 152 164 182 183 
1 37 
2 69 70 
5 68 70 106 175 208 
7 60 68 69 83 187 194 224 
2 72 73 
2 71 129 
3 71 76 191 
2 75 76 
2 74 129 
4 73 74 175 233 
1 78 
3 77 79 80 
5 78 81 82 83 84 
2 78 90 
6 79 85 86 87 88 89 
6 79 133 136 138 141 142 
3 70 79 84 
2 79 83 
1 81 
1 81 
1 81 
5 81 100 101 102 104 
4 81 129 190 234 
2 80 91 
2 90 225 
5 56 93 94 95 96 
3 66 92 97 
2 56 92 
3 34 92 261 
2 92 209 
2 93 226 
2 29 99 
4 98 158 235 237 
1 88 
1 88 
2 88 103 
7 102 161 192 246 247 248 249 
3 88 157 177 
3 24 106 107 
3 69 105 186 
2 105 194 
1 109 
6 49 108 126 167 605 4460 
3 46 189 209 
3 112 113 114 
4 111 181 198 199 
4 111 120 123 181 
2 14 111 
2 53 148 
2 38 117 
2 116 159 
2 14 119 
2 118 172 
5 113 121 122 123 124 
2 120 124 
2 120 124 
2 113 120 
6 14 120 121 122 248 253 
2 66 126 
7 49 54 109 125 163 217 2542 
2 56 128 
2 127 129 
7 72 75 89 128 190 210 232 
2 23 25 
1 23 
1 133 
6 82 132 134 135 139 140 
1 133 
1 133 
1 82 
1 138 
3 82 137 143 
3 133 1039 1105 
5 133 1137 4846 4851 4866 
4 82 1052 1069 1138 
2 82 2431 
4 138 195 196 197 
2 145 146 
3 144 153 155 
3 144 221 262 
3 148 149 150 
3 115 147 151 
3 147 150 200 
3 147 149 257 
3 51 148 174 
1 66 
4 145 154 155 156 
3 153 157 158 
2 145 153 
2 153 240 
4 104 154 238 239 
3 99 154 226 
2 117 160 
2 159 161 
4 44 103 160 162 
3 161 249 1085 
2 126 164 
2 66 163 
3 34 260 263 
2 51 54 
2 109 168 
2 167 225 
2 14 170 
1 169 
1 14 
3 14 119 242 
2 14 199 
4 151 258 532 544 
3 29 69 76 
1 29 
3 29 104 178 
8 177 196 200 211 212 213 214 215 
2 180 181 
2 179 198 
3 112 113 179 
2 66 184 
2 66 219 
2 182 185 
1 184 
4 106 254 255 256 
1 70 
3 41 189 190 
3 110 188 229 
7 89 129 188 209 220 230 231 
2 73 218 
2 103 193 
3 192 1036 1107 
2 70 107 
5 143 196 204 205 206 
5 25 143 178 195 245 
5 143 206 645 956 4216 
3 112 180 234 
2 112 173 
3 149 178 201 
3 200 546 3852 
1 203 
2 25 202 
1 195 
1 195 
4 195 197 566 605 
1 208 
2 69 207 
4 96 110 190 210 
2 129 209 
1 178 
1 178 
1 178 
1 178 
3 178 539 4204 
1 54 
1 126 
2 191 219 
3 183 218 266 
2 57 190 
3 146 222 223 
2 221 241 
3 221 238 264 
6 25 60 70 225 226 227 
4 91 168 224 228 
3 97 158 224 
2 224 4847 
2 225 265 
2 63 189 
2 190 233 
1 190 
1 129 
2 76 230 
2 89 198 
2 99 236 
1 235 
1 99 
2 157 223 
3 157 240 241 
4 156 239 250 251 
2 222 239 
3 172 243 244 
3 44 242 245 
1 242 
2 196 243 
1 103 
1 103 
2 103 124 
5 103 162 1051 1090 1095 
2 240 259 
2 240 264 
1 253 
3 44 124 252 
1 186 
1 186 
1 186 
2 150 258 
2 174 257 
2 250 260 
2 165 259 
1 95 
1 146 
1 165 
2 223 251 
1 228 
1 219 
3 268 269 270 
6 267 308 309 313 314 315 
3 267 375 397 
1 267 
3 272 273 274 
4 271 275 276 277 
2 271 408 
3 271 391 419 
7 272 277 320 321 328 386 394 
3 272 403 404 
4 272 275 313 375 
2 279 280 
6 278 281 282 283 284 285 
4 278 332 361 409 
8 279 285 304 317 320 367 370 371 
1 279 
1 279 
2 279 371 
2 279 281 
2 287 288 
4 286 288 363 384 
5 286 287 391 396 408 
2 290 291 
4 289 296 365 410 
3 289 352 421 
1 293 
3 292 294 299 
5 293 295 296 297 298 
6 294 307 323 324 325 326 
6 290 294 321 365 379 384 
2 294 298 
4 294 297 365 422 
3 293 319 405 
1 301 
2 300 302 
6 301 303 304 305 306 307 
6 302 304 305 306 307 366 
6 281 302 303 306 328 388 
3 302 303 306 
8 302 303 304 305 366 367 368 369 
4 295 302 303 326 
5 268 309 310 311 312 
2 268 308 
4 308 312 314 399 
2 308 312 
3 308 310 311 
3 268 277 316 
2 268 310 
1 268 
2 313 4416 
3 281 318 319 
3 317 320 321 
2 299 317 
5 275 281 318 328 372 
5 275 296 318 327 352 
1 323 
2 295 322 
3 295 325 329 
2 295 324 
2 295 307 
3 321 328 329 
4 275 304 320 327 
4 324 327 339 340 
5 331 332 333 334 335 
4 330 336 337 338 
2 280 330 
4 330 334 348 416 
2 330 333 
1 330 
3 331 339 340 
2 331 348 
4 331 344 345 409 
2 329 336 
2 329 336 
2 342 343 
3 341 399 400 
3 341 4392 4435 
2 338 345 
2 338 344 
1 347 
4 346 382 383 389 
2 333 337 
1 350 
3 349 351 352 
2 350 413 
5 291 321 350 354 378 
1 354 
7 352 353 355 356 358 359 360 
1 354 
2 354 357 
1 356 
1 354 
1 354 
3 354 378 401 
2 280 362 
1 361 
2 287 364 
3 363 394 395 
3 290 296 298 
5 303 306 367 368 369 
5 281 306 366 368 369 
5 306 366 367 369 371 
5 306 366 367 368 385 
1 281 
3 281 284 368 
3 320 1254 1406 
1 374 
3 373 375 376 
4 269 277 374 411 
5 374 4444 4445 4449 4455 
1 378 
3 352 360 377 
1 296 
1 381 
2 380 382 
3 347 381 383 
4 347 382 406 413 
2 287 296 
1 369 
2 275 387 
1 386 
1 304 
1 347 
3 391 392 393 
6 274 288 390 408 417 418 
1 390 
2 390 4454 
3 275 364 396 
2 364 402 
2 288 394 
2 269 398 
6 397 1151 1157 1245 1339 1341 
2 310 342 
3 342 4395 4396 
1 360 
1 395 
1 276 
1 276 
2 299 420 
2 383 407 
1 406 
3 273 288 391 
4 280 338 414 415 
1 290 
2 375 412 
1 411 
2 351 383 
1 409 
1 409 
1 333 
1 391 
1 391 
2 274 4450 
1 405 
1 291 
1 298 
6 424 425 426 427 428 429 
4 423 430 431 432 
3 423 435 505 
2 1 423 
3 423 428 505 
3 423 427 486 
2 423 482 
5 2 424 432 451 452 
6 424 432 449 462 501 502 
3 424 430 431 
1 1 
1 1 
2 1 425 
2 1 2437 
1 438 
5 437 446 489 493 506 
1 440 
2 439 475 
1 442 
5 441 443 444 445 446 
5 442 447 448 449 450 
3 442 453 454 
2 442 472 
2 438 442 
7 443 450 465 466 467 468 469 
2 443 471 
4 431 443 483 499 
3 443 447 507 
8 430 458 459 460 461 462 463 464 
6 430 2295 2296 2297 2308 2309 
3 444 506 515 
3 444 471 473 
3 2 476 495 
3 2 896 2274 
4 2 2306 2419 2475 
1 451 
1 451 
1 451 
1 451 
4 431 451 464 495 
4 451 2279 2289 2321 
3 451 462 2414 
1 447 
1 447 
3 447 477 478 
4 447 510 511 512 
3 447 496 513 
1 471 
5 448 454 470 472 473 
5 445 471 507 508 509 
2 454 471 
1 475 
4 3 440 474 476 
3 455 475 518 
1 467 
3 467 1498 1529 
2 480 481 
2 479 513 
2 479 1580 
7 429 483 484 485 486 487 488 
2 449 482 
1 482 
2 482 504 
3 428 482 504 
3 482 493 500 
3 482 492 500 
5 438 490 491 492 493 
1 489 
2 489 499 
2 488 489 
3 438 487 489 
1 495 
3 455 462 494 
3 469 497 498 
2 496 1789 
1 496 
3 449 491 500 
3 487 488 499 
2 431 503 
2 431 4053 
2 501 1352 
2 485 486 
2 425 427 
3 438 453 514 
2 450 472 
1 472 
3 472 513 523 
1 468 
2 468 522 
3 468 1585 1644 
3 469 480 509 
1 506 
1 453 
1 517 
3 516 518 519 
2 476 517 
2 517 521 
2 3 521 
2 519 520 
1 511 
1 509 
2 525 526 
4 524 534 538 539 
3 524 539 4206 
2 51 528 
2 527 4205 
1 530 
3 529 531 532 
3 530 534 537 
5 174 530 537 541 545 
3 534 535 536 
3 525 531 533 
3 533 537 548 
2 533 541 
4 51 531 532 535 
2 525 549 
6 215 525 526 4201 4202 4203 
4 541 542 543 544 
6 532 536 540 542 547 548 
2 540 541 
2 540 547 
2 174 540 
2 532 546 
3 201 545 688 
2 541 543 
2 535 541 
1 538 
2 551 552 
2 550 1471 
2 550 1461 
2 2494 2495 
5 558 2607 2608 2659 2796 
8 2494 2658 2779 2781 2807 2808 2809 2810 
2 3026 3027 
4 3007 3008 3154 3155 
2 554 3179 
1 3176 
1 3177 
1 3178 
1 3257 
1 564 
4 563 565 566 567 
2 564 575 
5 206 564 618 631 645 
2 564 610 
1 569 
5 568 570 571 572 573 
1 569 
4 569 608 609 610 
3 569 610 638 
5 569 610 641 642 643 
2 575 576 
7 565 574 576 610 619 635 637 
5 574 575 590 594 595 
3 578 579 580 
7 577 581 626 627 628 629 630 
6 577 581 622 632 633 634 
3 577 583 629 
3 578 579 582 
3 581 583 630 
2 580 582 
3 585 586 587 
3 584 629 630 
1 584 
1 584 
1 589 
4 588 629 630 640 
6 576 591 592 593 594 595 
1 590 
1 590 
3 590 594 595 
3 576 590 593 
4 576 590 593 628 
0 
1 598 
2 597 600 
1 600 
5 598 599 601 602 604 
1 600 
2 600 603 
3 602 2461 4075 
4 600 2308 2384 2439 
4 109 206 606 607 
3 605 916 920 
1 605 
2 571 611 
2 571 612 
8 567 571 572 573 575 613 618 619 
3 608 612 616 
3 609 611 617 
3 610 614 615 
1 613 
2 613 4249 
1 611 
1 612 
2 566 610 
3 575 610 644 
3 621 622 623 
3 620 624 625 
2 579 620 
1 620 
1 621 
3 621 634 638 
2 578 631 
2 578 631 
2 578 595 
4 578 580 585 589 
4 578 582 585 589 
3 566 626 627 
2 579 636 
2 579 636 
3 579 625 639 
2 575 636 
4 632 633 635 637 
2 575 636 
3 572 625 639 
2 634 638 
1 589 
1 573 
1 573 
4 573 4149 4208 4235 
1 619 
7 197 566 956 2796 4217 4277 4278 
4 647 648 649 650 
6 646 684 703 707 711 734 
1 646 
1 646 
1 646 
3 652 653 654 
5 651 667 668 669 670 
1 651 
3 651 669 751 
1 656 
3 655 657 658 
6 656 685 692 693 694 695 
4 656 709 711 714 
2 660 661 
2 659 768 
6 659 716 749 773 789 790 
1 663 
5 662 774 797 799 800 
2 665 666 
3 664 668 675 
2 664 717 
1 652 
6 652 665 671 672 673 674 
4 652 654 715 716 
3 652 756 757 
4 668 674 727 762 
4 668 674 724 762 
4 668 744 771 772 
8 668 671 672 749 762 776 777 778 
5 665 715 717 718 719 
1 677 
6 676 678 679 680 681 682 
3 677 723 724 
5 677 724 729 730 731 
2 677 730 
3 677 749 775 
1 677 
1 684 
9 647 683 689 696 697 698 699 700 701 
4 657 686 687 688 
1 685 
1 685 
6 546 685 708 762 766 784 
3 684 690 691 
1 689 
3 689 733 734 
1 657 
1 657 
3 657 707 732 
1 657 
1 684 
1 684 
1 684 
1 684 
1 684 
1 684 
1 703 
5 647 702 704 705 706 
3 703 707 708 
1 703 
3 703 713 783 
7 647 694 704 752 764 765 766 
3 688 704 769 
1 658 
1 711 
5 647 658 710 712 713 
1 711 
3 706 711 767 
4 658 765 801 802 
2 669 675 
2 661 669 
2 666 675 
3 675 741 742 
2 675 773 
1 721 
2 720 722 
6 721 727 736 748 749 750 
1 678 
5 672 678 679 736 739 
1 726 
3 725 727 728 
5 671 722 726 750 761 
3 726 790 808 
1 679 
4 679 680 738 763 
2 679 749 
1 694 
1 691 
3 647 691 786 
1 736 
6 722 724 735 737 738 739 
2 736 740 
4 730 736 781 782 
3 724 736 798 
1 737 
1 718 
3 718 754 758 
4 744 745 746 747 
3 673 743 746 
3 743 791 793 
4 743 744 757 795 
3 743 787 805 
1 722 
7 661 674 681 722 731 750 755 
4 722 727 749 779 
1 654 
1 707 
1 754 
3 742 753 755 
3 749 754 780 
1 670 
3 670 746 770 
1 742 
1 760 
1 759 
1 727 
6 671 672 674 688 784 804 
1 730 
1 707 
3 707 714 794 
3 688 707 809 
1 713 
1 660 
1 708 
1 757 
1 673 
1 673 
2 661 719 
1 663 
1 681 
1 674 
1 674 
1 674 
1 750 
1 755 
1 738 
2 738 806 
1 706 
3 688 762 785 
1 784 
1 734 
2 747 788 
1 787 
1 661 
3 661 728 807 
2 745 792 
1 791 
1 745 
1 765 
1 746 
1 797 
2 663 796 
1 739 
1 663 
1 663 
1 714 
1 714 
0 
7 762 3848 3867 3873 3875 3876 3877 
1 747 
1 782 
1 790 
1 728 
1 766 
3 811 812 813 
5 810 814 815 816 817 
3 810 836 837 
4 810 817 827 856 
5 811 815 834 835 836 
5 811 814 816 838 839 
6 811 815 846 847 849 850 
4 811 813 819 907 
1 819 
6 817 818 821 829 830 831 
4 821 822 823 824 
6 819 820 825 826 827 828 
4 820 823 826 855 
6 820 822 833 855 857 858 
3 820 858 877 
1 821 
3 821 822 856 
3 813 821 876 
4 821 877 888 899 
1 819 
2 819 896 
4 819 882 899 1555 
1 833 
8 823 832 844 845 858 873 878 879 
1 814 
1 814 
2 812 814 
2 812 840 
2 815 841 
3 815 872 875 
2 837 841 
5 838 840 2390 2412 2485 
3 843 844 845 
3 842 859 860 
4 833 842 850 882 
8 833 842 848 850 862 880 897 898 
1 816 
2 816 848 
3 845 847 850 
5 816 851 852 853 854 
4 816 844 845 848 
2 849 905 
2 849 906 
2 849 866 
2 849 866 
3 822 823 856 
3 813 826 855 
1 823 
4 823 824 833 883 
3 843 873 874 
2 843 909 
1 862 
2 845 861 
1 864 
5 863 866 868 871 872 
1 866 
5 853 854 864 865 867 
1 866 
3 864 869 870 
2 868 872 
1 868 
1 864 
3 839 864 869 
2 833 859 
2 859 908 
3 839 4738 4883 
2 827 884 
4 824 828 891 892 
1 833 
2 833 893 
2 845 881 
3 880 4887 4889 
4 831 844 894 895 
1 858 
2 876 885 
2 884 2435 
1 887 
4 886 888 889 890 
2 828 887 
4 887 902 903 904 
2 887 1425 
1 877 
2 877 901 
1 879 
1 882 
6 882 899 1244 1542 1592 1593 
2 456 830 
2 845 900 
1 845 
3 828 831 895 
1 897 
2 892 902 
3 889 901 904 
1 889 
4 889 902 1350 1351 
2 851 1555 
2 852 1555 
1 817 
2 874 909 
3 860 908 910 
2 909 4890 
2 912 913 
3 911 914 915 
3 911 961 962 
3 912 921 922 
4 912 924 4461 4462 
4 606 917 918 919 
3 916 919 930 
2 916 994 
2 916 917 
4 606 947 948 949 
2 914 938 
2 914 944 
1 924 
2 915 923 
4 939 964 978 990 
0 
0 
2 929 998 
4 928 946 1002 1005 
1 917 
0 
0 
0 
0 
0 
0 
0 
6 921 939 940 941 942 943 
9 925 938 943 958 959 982 984 988 989 
2 938 957 
1 938 
4 938 994 1002 1003 
3 938 939 995 
3 922 945 946 
3 944 946 1006 
3 929 944 945 
3 920 950 985 
3 920 994 999 
2 920 1000 
2 947 951 
2 950 952 
2 951 953 
2 952 2384 
1 955 
2 954 956 
5 197 645 955 4289 4290 
4 940 958 959 960 
2 939 957 
2 939 957 
1 957 
9 913 963 964 965 966 967 968 969 970 
2 913 985 
3 961 971 972 
3 925 961 988 
1 961 
2 961 969 
2 961 996 
3 961 993 1005 
3 961 966 985 
3 961 1009 1010 
6 963 973 974 975 976 977 
1 963 
1 971 
1 971 
1 971 
1 971 
1 971 
4 925 979 980 981 
1 978 
1 978 
1 978 
2 939 983 
1 982 
1 939 
5 947 962 969 986 987 
2 985 1001 
6 985 991 999 1000 1007 1008 
5 939 964 989 995 996 
4 939 988 996 997 
1 925 
3 987 992 993 
3 991 996 1007 
3 968 991 1004 
4 918 942 948 999 
3 943 988 1004 
4 967 988 989 992 
3 989 1015 1016 
2 928 1001 
6 948 987 994 1000 1003 1006 
5 949 987 999 1006 1008 
3 986 998 1006 
2 929 942 
2 942 999 
4 993 995 1005 1006 
3 929 968 1004 
5 945 999 1000 1001 1004 
2 987 992 
2 987 1000 
3 970 1011 1012 
3 970 1013 1014 
1 1009 
1 1009 
1 1010 
1 1010 
3 997 1017 1018 
3 997 1019 1020 
1 1015 
1 1015 
1 1016 
1 1016 
2 1022 1023 
2 1021 1028 
1 1021 
3 1025 1026 1027 
2 1024 1027 
2 1024 1028 
4 1024 1025 1050 1091 
4 1022 1026 1041 1042 
3 1030 1031 1032 
1 1029 
2 1029 1076 
5 1029 1070 1073 1075 1110 
4 1034 1035 1036 1037 
4 1033 1038 1039 1040 
3 1033 1078 1079 
2 193 1033 
2 1033 1109 
3 1034 1079 1124 
2 139 1034 
1 1034 
3 1028 1043 1044 
3 1028 1114 1116 
2 1041 1053 
3 1041 1051 1080 
3 1046 1047 1048 
4 1045 1048 1049 1050 
2 1045 1119 
4 1045 1046 1050 1120 
3 1046 1051 1052 
3 1027 1046 1048 
5 249 1044 1049 1093 1095 
2 141 1049 
1 1043 
5 1055 1056 1057 1058 1059 
4 1054 1060 1061 1062 
4 1054 1060 1063 1064 
2 1054 1089 
3 1054 1103 1104 
2 1054 1102 
5 1055 1056 1065 1066 1067 
2 1055 1081 
2 1055 1094 
3 1056 1065 1096 
4 1056 1102 1115 1140 
4 1060 1063 1094 1097 
1 1060 
2 1060 1094 
5 1069 1070 1071 1072 1073 
4 141 1068 1074 1075 
3 1032 1068 1101 
3 1068 1099 1130 
3 1068 1099 1130 
3 1032 1068 1141 
2 1069 1077 
3 1032 1069 1087 
4 1031 1084 1091 1098 
1 1074 
1 1035 
3 1035 1038 1107 
3 1044 1081 1082 
4 1061 1080 1082 1104 
3 1080 1081 1140 
2 1084 1085 
4 1076 1083 1090 1091 
3 162 1083 1113 
2 1087 1088 
3 1075 1086 1101 
2 1086 1111 
2 1057 1094 
2 249 1084 
5 1027 1076 1084 1120 1129 
2 1093 1094 
3 1051 1092 1095 
7 1062 1065 1067 1089 1092 1119 1131 
3 249 1051 1093 
2 1063 1117 
1 1065 
1 1076 
3 1071 1072 1100 
4 1099 1126 1128 1138 
2 1070 1087 
2 1059 1064 
2 1058 1104 
4 1058 1081 1103 1115 
2 139 1106 
2 1105 4845 
3 193 1079 1108 
1 1107 
1 1037 
3 1032 1111 1112 
3 1088 1110 1112 
3 1110 1111 1141 
1 1085 
1 1042 
2 1064 1104 
1 1042 
2 1096 1118 
1 1117 
2 1047 1094 
2 1048 1091 
0 
0 
0 
1 1038 
2 1126 1127 
3 1100 1125 1128 
3 1125 1128 1130 
4 1100 1126 1127 1130 
1 1091 
4 1071 1072 1127 1128 
1 1094 
0 
1 1139 
0 
0 
0 
1 140 
2 141 1100 
3 1133 4856 4874 
2 1064 1082 
3 1073 1112 1142 
1 1141 
5 1144 1145 1146 1147 1148 
2 1143 1149 
2 1143 1149 
3 1143 1872 1873 
2 1143 1991 
2 1143 1872 
4 1144 1145 1384 1747 
5 1151 1152 1153 1154 1155 
2 398 1150 
3 1150 1343 1438 
2 1150 1607 
2 1150 2000 
2 1150 2003 
1 1157 
3 398 1156 1246 
3 1159 1160 1161 
2 1158 1742 
2 1158 2147 
2 1158 1790 
3 1163 1164 1165 
2 1162 1166 
4 1162 1166 1784 1785 
3 1162 1325 1980 
8 1163 1164 1328 1329 1600 1633 1786 1787 
7 1168 1169 1170 1171 1172 1173 1174 
3 1167 1175 1176 
2 1167 1170 
3 1167 1169 1207 
4 1167 1381 1632 1653 
2 1167 1601 
2 1167 1600 
3 1167 1916 1917 
3 1168 1599 1604 
7 1168 1459 1735 1746 1747 1748 1749 
3 1178 1179 1180 
2 1177 1881 
2 1177 1990 
2 1177 1658 
7 1182 1183 1184 1185 1186 1187 1188 
3 1181 1189 1190 
5 1181 1189 1478 1489 1490 
3 1181 1519 1520 
4 1181 1622 1623 1624 
3 1181 1540 1671 
2 1181 1358 
9 1181 1896 1897 1898 1899 1900 1901 1902 1903 
3 1182 1183 1363 
7 1182 1199 1308 1348 1604 1622 1670 
3 1192 1193 1194 
2 1191 1195 
5 1191 1194 1373 1433 1437 
8 1191 1193 1498 1577 1757 1849 1850 1851 
3 1192 1196 1197 
2 1195 1530 
2 1195 1433 
0 
5 1190 1200 1201 1202 1203 
1 1199 
6 1199 1202 1308 1309 1405 1577 
5 1199 1201 1643 1655 1656 
5 1199 1308 1316 1348 1692 
1 1205 
2 1204 1867 
3 1207 1208 1209 
2 1170 1206 
2 1206 1910 
2 1206 1359 
3 1211 1212 1213 
3 1210 1773 1853 
2 1210 1919 
1 1210 
3 1215 1216 1217 
1 1214 
6 1214 1234 1235 1251 1255 1803 
1 1214 
1 1219 
8 1218 1265 1266 1267 1268 1269 1270 1271 
6 1221 1222 1223 1224 1225 1226 
3 1220 1227 1228 
6 1220 1227 1229 1230 1231 1232 
2 1220 1242 
4 1220 1232 1741 1742 
2 1220 1541 
6 1220 1484 1512 1556 1584 1834 
3 1221 1222 1233 
4 1221 1260 1263 1264 
7 1222 1237 1238 1239 1240 1241 1242 
2 1222 1541 
2 1222 1544 
2 1222 1224 
3 1227 1355 1742 
3 1216 1235 1236 
6 1216 1234 1666 1667 1668 1669 
2 1234 1289 
3 1229 1239 1310 
4 1229 1450 1451 1452 
3 1229 1237 1847 
2 1229 2004 
2 1229 2030 
3 1223 1229 2218 
1 1248 
6 895 1264 1355 1583 1722 1723 
2 398 1790 
1 1157 
1 1544 
4 1243 1506 1555 1592 
4 1250 1251 1252 1253 
3 1249 1254 1255 
6 1216 1249 1256 1257 1258 1259 
4 1249 1253 1256 2239 
2 1249 1252 
4 372 1250 1472 1473 
5 1216 1250 1338 1666 1720 
4 1251 1252 1259 1473 
3 1251 2230 2231 
2 1251 2239 
4 1251 1256 2249 2250 
3 1228 1261 1262 
2 1260 1631 
2 1260 1756 
3 1228 1585 1714 
3 1228 1244 1754 
1 1219 
2 1219 1491 
2 1219 1739 
3 1219 1696 2067 
3 1219 1553 2101 
2 1219 1868 
2 1219 2014 
6 1273 1274 1275 1276 1277 1278 
3 1272 1279 1280 
6 1272 1279 1416 1616 1617 1618 
9 1272 1374 1412 1414 1415 1524 1525 1828 1871 
2 1272 1823 
2 1272 1524 
2 1272 1416 
3 1273 1274 1619 
3 1273 1416 1418 
5 1282 1283 1284 1285 1286 
3 1281 1287 1288 
3 1281 1357 1554 
3 1281 1304 1709 
5 1281 1576 1674 1752 1788 
3 1281 1922 1923 
3 1282 1393 1394 
7 1282 1481 1519 1670 1800 1801 1802 
5 1236 1290 1291 1292 1293 
2 1289 2107 
2 1289 1447 
2 1289 2223 
2 1289 2199 
4 1295 1296 1297 1298 
3 1294 1397 1398 
1 1294 
2 1294 2010 
2 1294 1838 
3 1307 1308 1309 
3 1307 1378 1379 
0 
1 1581 
2 1674 1675 
6 1284 1369 1685 1686 1687 1688 
1 1565 
1 1330 
2 1299 1300 
6 1190 1201 1203 1299 1349 1598 
5 1201 1299 1604 1685 1738 
1 1237 
3 1312 1313 1314 
4 1311 1523 1524 1525 
4 1311 1731 1826 1828 
3 1311 1737 1746 
1 1316 
2 1203 1315 
2 1318 1319 
2 1317 1930 
2 1317 1931 
1 1321 
5 1320 1328 1329 1330 1331 
2 1323 1324 
2 1322 2164 
2 1322 2190 
3 1165 1326 1327 
2 1325 1874 
2 1325 1959 
3 1166 1321 1806 
3 1166 1321 1807 
5 1306 1321 1574 1641 1738 
2 1321 1699 
6 1333 1334 1335 1336 1337 1338 
3 1332 1486 1487 
3 1332 1446 1712 
6 1332 1487 1713 1720 1818 1819 
4 1332 1620 1712 1820 
7 1332 1937 1938 1939 1940 1941 1942 
2 1255 1332 
2 398 1340 
2 1339 1342 
3 398 4456 4457 
2 1340 1343 
2 1152 1342 
1 1345 
3 1344 1346 1347 
3 1345 1440 1444 
3 1345 1409 1615 
3 1190 1203 1349 
6 1308 1348 1361 1362 1575 1576 
2 904 1755 
2 904 1754 
3 503 1362 1575 
2 1354 1355 
2 1353 1356 
3 1233 1244 1353 
2 1354 2169 
2 1283 1358 
2 1187 1357 
2 1209 1360 
2 1359 1843 
4 1349 1362 1363 1364 
5 1349 1352 1361 1615 1659 
3 1189 1361 1568 
3 1361 2599 2767 
3 1366 1367 1368 
3 1365 1376 1377 
2 1365 1841 
4 1365 1973 1974 1975 
3 1304 1370 1371 
5 1369 1571 1572 1573 1574 
4 1369 1572 1982 1983 
3 1373 1374 1375 
7 1193 1372 1437 1493 1779 1780 1782 
4 1275 1372 1464 1466 
1 1372 
6 1366 1601 1686 1750 1804 1805 
1 1366 
1 1300 
1 1300 
8 1381 1382 1383 1384 1385 1386 1387 1388 
2 1171 1380 
3 1380 1383 1677 
4 1380 1382 1463 1718 
8 1149 1380 1466 1534 1609 1730 1735 1736 
3 1380 1677 1809 
2 1380 1464 
2 1380 1995 
3 1380 1993 1994 
1 1390 
3 1389 1391 1392 
4 1390 1628 1832 1833 
2 1390 1780 
2 1287 1794 
5 1287 1891 1952 1996 1997 
1 1396 
2 1395 1543 
4 1295 1838 1839 1840 
2 1295 2108 
1 1400 
5 1399 1401 1405 1406 1407 
4 1400 1402 1403 1404 
2 1401 1513 
2 1401 1818 
2 1401 1819 
3 1201 1400 1457 
4 372 1400 1665 1710 
3 1400 1457 1493 
2 1409 1410 
3 1347 1408 1411 
2 1408 2046 
3 1409 1625 1627 
5 1275 1413 1414 1415 1416 
3 1412 1414 1704 
8 1275 1412 1413 1416 1418 1621 1704 1724 
3 1275 1412 1831 
8 1274 1278 1280 1412 1414 1616 1621 1663 
2 1418 1419 
3 1280 1414 1417 
5 1417 1464 1465 1771 1837 
2 1421 1422 
2 1420 1674 
2 1420 1580 
3 1424 1425 1426 
4 1423 1427 1428 1429 
2 890 1423 
2 1423 2208 
3 1424 1429 1439 
2 1424 1542 
3 1424 1427 1594 
2 1431 1432 
2 1430 1856 
3 1430 1690 2130 
5 1193 1197 1434 1435 1436 
4 1433 1578 1681 1682 
2 1433 1628 
2 1433 1526 
2 1193 1373 
2 1152 2016 
2 1427 1582 
4 1346 1441 1442 1443 
2 1440 1570 
2 1440 1470 
1 1440 
4 1346 1568 1648 1651 
4 1446 1447 1448 1449 
5 1334 1445 1448 1616 1617 
2 1291 1445 
2 1445 1446 
2 1445 1617 
2 1238 2109 
2 1238 1515 
2 1238 2029 
0 
2 1700 1778 
1 1798 
1 1736 
4 1405 1407 1459 1577 
1 1459 
6 1176 1457 1458 1460 1665 1771 
1 1459 
2 552 1471 
1 1463 
3 1383 1462 2257 
6 1374 1386 1419 1465 1466 1467 
5 1419 1464 1824 1825 1826 
3 1374 1384 1464 
4 1464 1825 2027 2028 
2 1469 1470 
2 1468 1480 
2 1442 1468 
5 551 1461 1521 1661 1663 
1 1254 
2 1254 1256 
2 1475 1476 
2 1474 1725 
2 1474 1827 
2 1478 1479 
3 1183 1477 1488 
2 1477 1649 
5 1469 2563 2564 2565 2566 
1 1288 
3 1483 1484 1485 
2 1482 1544 
2 1226 1482 
2 1482 2000 
1 1333 
3 1333 1335 1559 
1 1478 
2 1183 1557 
2 1183 1536 
6 1266 1589 1867 1868 1869 1870 
2 1493 1494 
4 1373 1407 1492 1495 
2 1492 1578 
3 1493 1861 1862 
2 1497 1498 
3 1496 1501 1585 
5 478 1194 1496 1856 1857 
3 1500 1501 1502 
2 1499 1503 
5 1497 1499 1511 1646 1647 
2 1499 1854 
2 1500 2047 
2 1505 1506 
2 1504 1507 
3 1248 1504 1508 
3 1505 1645 1714 
3 1506 1585 1586 
3 1510 1511 1512 
2 1509 1639 
3 1501 1509 1715 
2 1226 1509 
6 1402 1514 1515 1516 1517 1518 
4 1513 1727 1728 1729 
2 1451 1513 
1 1513 
1 1513 
2 1513 2071 
3 1184 1288 1520 
3 1184 1519 2152 
2 1471 1522 
2 1521 1947 
1 1312 
3 1275 1277 1312 
2 1275 1312 
2 1436 1527 
2 1526 1528 
3 1527 1696 1719 
1 478 
3 1196 1698 1764 
4 1532 1533 1534 1535 
2 1531 1579 
2 1531 1761 
3 1384 1531 1610 
5 1531 2042 2064 2077 2078 
5 1490 1537 1538 1539 1540 
2 1536 1783 
5 1536 1911 1913 2021 2079 
2 1536 2019 
2 1186 1536 
3 1225 1230 1584 
2 895 1428 
2 1396 1556 
5 1231 1247 1483 1556 1763 
0 
0 
2 1596 1791 
1 1854 
1 2026 
1 2075 
0 
1 1597 
1 1269 
4 1283 2033 2096 2097 
4 831 905 906 1248 
3 1226 1543 1544 
2 1489 1558 
4 1557 1566 1568 1569 
1 1487 
4 1561 1562 1563 1564 
2 1560 1565 
2 1560 1697 
2 1560 1745 
2 1560 1918 
2 1305 1561 
2 1558 1567 
3 1566 1648 1652 
4 1363 1444 1558 1569 
2 1558 1568 
2 1441 1650 
3 1370 1640 1641 
4 1370 1371 2110 2111 
3 1370 2112 2113 
3 1330 1370 1895 
3 1349 1352 1753 
2 1285 1349 
3 1194 1201 1457 
2 1434 1494 
2 1532 1761 
2 481 1422 
2 1302 1591 
2 1439 1583 
5 1244 1582 1635 1636 1638 
3 1226 1541 1763 
4 512 1263 1497 1508 
3 1508 1643 1654 
3 1588 1589 1590 
2 1587 1918 
2 1491 1587 
2 1587 1772 
2 1581 2136 
2 895 1248 
2 895 1723 
1 1429 
1 1596 
2 1547 1595 
1 1552 
1 1308 
5 1175 1600 1601 1602 1603 
4 1166 1173 1599 1776 
5 1172 1376 1599 1829 1830 
6 1599 1973 2082 2088 2143 2144 
2 1599 2258 
4 1175 1190 1309 1750 
1 1606 
2 1605 1607 
2 1153 1606 
6 1609 1610 1611 1612 1613 1614 
2 1384 1608 
2 1534 1608 
2 1608 1914 
3 1608 1614 1945 
2 1608 2001 
4 1608 1612 2001 2188 
4 1347 1362 1657 1658 
5 1274 1416 1446 1620 1621 
4 1274 1446 1449 1618 
5 1274 1617 1821 1822 1823 
2 1279 2263 
2 1336 1616 
3 1414 1416 1616 
2 1185 1190 
4 1185 1845 1864 1865 
5 1185 1921 2044 2085 2149 
2 1411 1626 
2 1625 1953 
3 1411 1674 1753 
4 1391 1435 1629 1630 
3 1628 1765 1866 
1 1628 
2 1261 1852 
3 1171 1633 1634 
3 1166 1632 1836 
3 1632 1653 1978 
1 1583 
2 1583 1637 
2 1636 2153 
2 1583 2169 
2 1510 1775 
2 1571 2069 
3 1330 1571 1895 
1 1643 
3 1202 1586 1642 
4 512 1645 1646 1647 
2 1507 1644 
3 1501 1644 1766 
2 1501 1644 
6 1444 1567 1649 1650 1651 1652 
2 1479 1648 
3 1570 1648 1652 
2 1444 1648 
3 1567 1648 1650 
4 1171 1634 1970 2052 
1 1586 
1 1202 
3 1202 1692 1792 
2 1615 2155 
3 1180 1615 2225 
3 1362 2909 2910 
1 1665 
2 1471 1673 
1 1782 
2 1416 1471 
1 2259 
3 1406 1459 1660 
2 1235 1255 
1 1235 
3 1235 1669 1803 
4 1235 1668 2253 2254 
2 1190 1288 
2 1186 1672 
3 1671 2061 2063 
3 1661 1948 2158 
4 1285 1303 1421 1627 
2 1303 1905 
1 1677 
3 1382 1385 1676 
2 1679 1680 
3 1678 1765 1798 
2 1678 1778 
4 1434 1682 1683 1684 
3 1434 1681 1777 
3 1681 1780 1781 
3 1681 1781 2107 
2 1304 1309 
3 1304 1376 1750 
4 1304 1960 1982 2080 
4 1304 1960 2081 2110 
2 1690 1691 
2 1432 1689 
2 1689 1919 
2 1203 1656 
0 
1 1802 
1 1786 
4 1268 1528 1697 1698 
2 1562 1696 
2 1530 1696 
2 1331 1743 
2 1454 1764 
1 1770 
2 1757 1848 
2 1769 1850 
2 1413 1414 
1 1706 
3 1705 1707 1708 
2 1706 2003 
2 1706 2004 
3 1284 1963 2162 
3 1406 1711 1712 
2 1710 1713 
3 1334 1336 1710 
2 1335 1711 
5 1263 1507 1715 1716 1717 
2 1511 1714 
2 1714 1852 
1 1714 
1 1383 
2 1528 1848 
3 1255 1335 1721 
4 1720 2165 2166 2167 
1 1244 
2 1244 1593 
2 1414 2066 
2 1475 1726 
2 1725 1833 
2 1514 2109 
2 1514 1946 
2 1514 2220 
5 1384 1731 1732 1733 1734 
3 1313 1730 1737 
2 1730 1734 
3 1730 1873 2073 
4 1730 1732 1914 2042 
2 1176 1384 
2 1384 1456 
2 1314 1731 
2 1309 1330 
2 1267 1740 
4 1739 1765 1859 1860 
2 1224 1762 
5 1159 1224 1233 1754 1762 
3 1699 1744 1745 
2 1743 2183 
2 1563 1743 
2 1176 1314 
2 1149 1176 
1 1176 
1 1176 
3 1376 1604 1686 
1 1752 
2 1285 1751 
3 1575 1627 1759 
5 1264 1351 1742 1755 1756 
2 1350 1754 
2 1262 1754 
3 1194 1702 1758 
3 1757 2171 2179 
2 1753 1760 
2 1759 1767 
3 1533 1579 2180 
2 1741 1742 
2 1544 1584 
3 1530 1700 1765 
5 1629 1679 1740 1764 1799 
1 1646 
2 1760 1768 
1 1767 
1 1703 
1 1701 
2 1419 1459 
3 1590 1773 1774 
2 1211 1772 
2 1772 2207 
2 1639 1827 
3 1600 1890 2114 
1 1682 
2 1454 1680 
1 1373 
4 1373 1392 1683 1781 
3 1683 1684 1780 
2 1373 1662 
3 1537 1950 2098 
4 1164 1806 1807 1808 
2 1164 2160 
2 1166 1695 
2 1166 2144 
1 1285 
2 497 2130 
2 1161 1245 
3 1547 1792 1793 
2 1656 1791 
1 1791 
6 1393 1877 1884 1944 1952 2189 
2 1796 1797 
2 1795 2147 
2 1795 2169 
2 1455 1679 
1 1765 
2 1288 1845 
2 1288 1876 
2 1288 1694 
2 1216 1668 
3 1376 1968 2050 
4 1376 1962 2050 2221 
2 1328 1784 
2 1329 1784 
3 1784 1958 1959 
2 1385 2163 
1 2232 
1 2229 
1 2222 
1 2166 
1 2223 
1 2232 
1 2238 
1 2237 
2 1335 1403 
2 1335 1404 
7 1336 2198 2199 2200 2201 2202 2203 
1 1618 
1 1618 
2 1276 1618 
2 1465 2127 
4 1465 1467 1988 2040 
2 1313 1465 
2 1476 1775 
2 1275 1313 
3 1601 2175 2245 
3 1601 2174 2195 
2 1415 2178 
1 1391 
2 1391 1726 
1 1226 
1 1836 
2 1633 1835 
5 1419 1988 2027 2177 2243 
2 1298 1397 
4 1397 1874 2134 2135 
1 1397 
4 1367 1842 1843 1844 
2 1841 1915 
2 1360 1841 
2 1841 2089 
3 1623 1800 1846 
1 1845 
3 1239 2210 2216 
6 1702 1719 2170 2171 2194 2215 
1 1194 
2 1194 1703 
2 1194 2262 
2 1631 1716 
1 1211 
3 1502 1548 1855 
4 1854 1857 2094 2205 
3 1431 1498 1858 
5 1498 1855 2048 2159 2176 
1 1856 
1 1740 
2 1740 2186 
1 1495 
2 1495 1863 
2 1862 1946 
2 1623 2185 
4 1623 2087 2156 2212 
2 1629 2186 
2 1205 1491 
2 1270 1491 
2 1491 2086 
2 1491 2207 
1 1275 
4 1146 1148 2024 2025 
2 1146 1733 
2 1326 1839 
2 1876 1877 
7 1801 1875 1883 1884 1885 1886 1887 
2 1794 1875 
2 1879 1880 
3 1878 1921 1926 
2 1878 2039 
2 1178 1882 
1 1881 
1 1876 
2 1794 1876 
2 1876 2032 
2 1876 2116 
2 1876 2096 
2 1889 1890 
4 1888 2035 2117 2146 
2 1776 1888 
2 1394 1892 
1 1891 
2 1894 1895 
2 1893 2007 
4 1574 1641 1893 2036 
5 1188 1957 2037 2038 2039 
3 1188 1921 2058 
1 1188 
2 1188 1920 
3 1188 2057 2138 
2 1188 2056 
1 1188 
2 1188 2240 
2 1905 1906 
2 1675 1904 
2 1904 2011 
2 1908 1909 
2 1907 2100 
2 1907 2040 
2 1208 1984 
3 1538 1912 1913 
2 1911 2099 
2 1538 1911 
2 1611 1734 
2 1842 1943 
1 1174 
1 1174 
2 1564 1588 
2 1212 1691 
2 1899 1921 
6 1624 1879 1897 1920 2055 2076 
3 1286 1924 1925 
2 1286 2189 
3 1922 1963 1996 
2 1922 1996 
2 1879 2197 
2 1928 1929 
2 1927 1976 
3 1927 2213 2214 
1 1318 
2 1319 1932 
1 1931 
3 1934 1935 1936 
3 1933 1935 2080 
2 1933 1934 
2 1933 2132 
3 1337 1942 1947 
3 1337 1940 1941 
2 1337 1940 
4 1337 1938 1939 1942 
3 1337 1938 1947 
3 1337 1937 1940 
2 1915 1944 
3 1794 1943 2051 
3 1612 2001 2078 
2 1728 1863 
4 1522 1937 1941 1948 
3 1673 1947 2158 
2 1950 1951 
3 1783 1949 2106 
2 1949 2106 
2 1394 1794 
2 1626 1954 
1 1953 
2 1956 1957 
2 1955 2141 
4 1896 1955 2182 2213 
1 1808 
2 1327 1808 
4 1687 1688 1961 1962 
3 1960 1963 1964 
3 1805 1960 1968 
3 1709 1924 1961 
2 1961 2209 
3 1966 1967 1968 
3 1965 2118 2196 
3 1965 2114 2245 
5 1804 1962 1965 2196 2221 
3 1970 1971 1972 
2 1653 1969 
2 1969 1977 
2 1969 2008 
3 1368 1602 2022 
3 1368 1975 2049 
2 1368 1974 
1 1928 
2 1971 1978 
2 1634 1977 
2 1980 1981 
2 1165 1979 
1 1979 
2 1371 1687 
2 1371 2110 
3 1910 1985 1986 
2 1984 1987 
2 1984 2002 
3 1985 2133 2154 
3 1825 1837 1989 
3 1988 2027 2040 
2 1179 2046 
2 1147 1992 
2 1991 2073 
2 1388 1994 
2 1388 1993 
2 1387 2133 
5 1394 1924 1925 1998 1999 
2 1394 2082 
4 1996 2023 2049 2051 
2 1996 2217 
2 1154 1485 
3 1613 1614 1945 
2 1986 2052 
2 1155 1707 
2 1240 1708 
3 2006 2007 2008 
2 2005 2146 
2 1894 2005 
3 1972 2005 2144 
2 2010 2011 
2 1297 2009 
3 1906 2009 2090 
2 2013 2014 
3 2012 2015 2120 
2 1271 2012 
1 2013 
2 1438 2017 
1 2016 
2 2019 2020 
2 1539 2018 
2 2018 2021 
2 1538 2020 
2 1973 2023 
3 1998 2022 2173 
1 1872 
2 1872 2133 
1 1549 
3 1467 1837 1989 
1 1467 
2 1452 2030 
2 1241 2029 
2 2032 2033 
5 1885 2031 2092 2093 2152 
2 1554 2031 
2 2035 2036 
2 1889 2034 
2 1895 2034 
3 1896 2123 2126 
2 1896 2059 
3 1880 1896 2054 
3 1825 1909 1989 
1 2042 
5 1535 1734 2041 2043 2064 
1 2042 
2 1624 2045 
2 2044 2141 
2 1410 1990 
2 1503 2048 
3 1857 2047 2159 
3 1974 1998 2050 
3 1804 1805 2049 
2 1944 1998 
3 1653 2002 2105 
2 2054 2055 
2 2039 2053 
2 1921 2053 
2 1901 2057 
2 1900 2056 
2 1897 2059 
3 2038 2058 2131 
2 2061 2062 
2 1672 2060 
1 2060 
1 1672 
2 1535 2042 
1 2066 
2 1724 2065 
2 1268 2068 
2 2067 2184 
2 1640 2070 
4 2069 2117 2118 2119 
2 1518 2072 
1 2071 
2 1733 1992 
1 2075 
2 1550 2074 
2 1921 2142 
1 1535 
2 1535 1945 
2 1538 2102 
3 1687 1934 2081 
2 1688 2080 
3 1602 1997 2172 
2 2084 2085 
2 2083 2157 
2 1624 2083 
1 1869 
1 1865 
2 1602 2089 
2 1844 2088 
2 2011 2145 
2 2092 2093 
2 2032 2091 
2 2032 2091 
2 1855 2095 
2 2094 2161 
2 1554 1887 
1 1554 
2 1783 2099 
2 1912 2098 
2 1908 2127 
2 1269 2168 
2 2079 2121 
2 2104 2105 
3 2103 2115 2204 
2 2052 2103 
2 1950 1951 
2 1290 1684 
1 1398 
2 1450 1727 
5 1572 1688 1983 2195 2196 
3 1572 2112 2187 
3 1573 2111 2132 
3 1573 2119 2187 
3 1776 1967 2115 
2 2104 2114 
2 1886 2142 
2 1889 2070 
2 1966 2070 
2 2070 2113 
1 2013 
2 2102 2148 
3 2123 2124 2125 
2 2037 2122 
4 2122 2125 2150 2151 
3 2122 2124 2219 
3 2037 2248 2251 
4 1824 2100 2128 2129 
1 2127 
2 2127 2256 
3 1432 1789 2176 
2 2059 2139 
2 1936 2112 
3 1987 1995 2025 
2 1839 2135 
2 1839 2134 
1 1591 
1 2138 
2 1900 2137 
2 2131 2140 
3 2139 2149 2197 
3 1956 2045 2182 
2 2076 2116 
1 1602 
4 1602 1787 2008 2204 
1 2090 
2 1889 2006 
2 1160 1796 
2 2121 2185 
2 1624 2140 
1 2124 
1 2124 
2 1520 2032 
2 1637 2164 
1 1987 
1 1657 
2 1865 2157 
2 2084 2156 
2 1673 1948 
3 1857 2048 2176 
1 1785 
2 2095 2205 
2 1709 2241 
1 1809 
2 1323 2153 
2 1721 2229 
2 1721 1813 
2 1721 2229 
1 2101 
5 1356 1638 1797 2190 2191 
2 1848 2171 
3 1758 1848 2170 
3 2082 2227 2244 
3 2023 2174 2175 
2 1830 2173 
2 1829 2173 
3 1857 2130 2159 
2 1837 2178 
4 1831 2177 2243 2246 
2 1758 2194 
2 1761 2181 
2 2180 2192 
2 1957 2141 
2 1744 2215 
1 2068 
3 1864 2148 2212 
3 1860 1866 2193 
2 2111 2113 
2 1614 2256 
2 1794 1923 
2 1324 2169 
1 2169 
1 2181 
1 2186 
2 1848 2179 
3 1830 2110 2221 
3 1966 1968 2110 
2 1926 2140 
2 1820 2224 
4 1293 1820 2200 2233 
3 1820 2199 2228 
2 1820 2235 
2 1820 2228 
2 1820 2228 
2 2104 2144 
3 1855 2161 2206 
1 2205 
2 1774 1870 
1 1426 
3 1964 2242 2244 
2 1847 2211 
1 2210 
3 1865 2185 2255 
2 1929 1957 
2 1929 2251 
2 1848 2183 
1 1847 
2 1999 2241 
1 1242 
1 2125 
1 1729 
3 1805 1968 2195 
2 1812 2223 
4 1292 1814 2222 2236 
3 2198 2234 2235 
2 1658 2226 
1 2225 
1 2172 
3 2200 2202 2203 
4 1811 2165 2167 2232 
1 1257 
1 1257 
3 1810 1815 2229 
3 2199 2234 2235 
3 2224 2233 2236 
3 2201 2224 2233 
2 2223 2234 
2 1817 2238 
2 1816 2237 
3 1252 1258 2252 
1 1903 
3 2162 2217 2242 
3 2209 2241 2247 
2 1837 2178 
2 2172 2209 
2 1829 1967 
1 2178 
1 2242 
1 2126 
1 1259 
1 1259 
2 2126 2214 
1 2239 
1 1669 
1 1669 
1 2212 
2 2129 2188 
1 1463 
1 1603 
1 1664 
2 2261 2262 
2 2260 2263 
2 1851 2260 
2 1619 2261 
2 2265 2266 
2 2264 2274 
2 2264 2274 
0 
2 2269 2270 
3 2268 2290 2291 
2 2268 2471 
2 2272 2273 
2 2271 2347 
2 2271 2481 
3 456 2265 2266 
2 2276 2277 
3 2275 2333 2476 
4 2275 2389 4811 4826 
2 2279 2280 
4 463 2278 2320 2454 
2 2278 2349 
2 2282 2283 
3 2281 2321 2347 
4 2281 2349 2420 2473 
2 2285 2286 
2 2284 2421 
2 2284 2288 
2 2288 2289 
3 2286 2287 2371 
2 463 2287 
4 2269 2291 2292 2293 
6 2269 2290 2292 2408 2428 2440 
3 2290 2291 2293 
5 2290 2292 2472 2477 2478 
1 2295 
3 452 2294 2297 
9 452 2297 2298 2299 2300 2301 2302 2303 2304 
6 452 2295 2296 2305 2306 2307 
2 2296 2304 
1 2296 
2 2296 2304 
3 2296 2303 2464 
2 2296 2464 
2 2296 2301 
5 2296 2298 2300 2419 2437 
3 2297 2306 2310 
9 457 2297 2305 2312 2410 2441 2442 2443 2444 
3 2297 2469 2470 
8 452 604 2309 2327 2328 2329 2330 2331 
4 452 2308 2329 2330 
2 2305 2451 
2 2312 2313 
3 2306 2311 2318 
2 2311 2454 
1 2315 
2 2314 2319 
2 2317 2318 
2 2316 2320 
2 2312 2316 
2 2315 2326 
3 2279 2317 2385 
3 463 2282 2421 
3 2323 2324 2325 
2 2322 2348 
2 2322 2412 
7 2322 2479 2480 2481 2482 2483 2484 
2 2319 2465 
6 2308 2328 2381 2382 2383 2384 
6 2308 2327 2331 2429 2430 2431 
3 2308 2309 2357 
4 2308 2309 2377 2448 
3 2308 2328 2336 
1 2333 
5 2276 2332 2334 2335 2336 
1 2333 
2 2333 2353 
5 2331 2333 2407 2408 2424 
2 2338 2339 
4 2337 2387 2418 2419 
1 2337 
2 2341 2342 
4 2340 2350 2445 2446 
2 2340 2441 
3 2344 2345 2346 
4 2343 2347 2348 2349 
3 2343 2364 4479 
2 2343 2365 
9 2272 2282 2344 2362 2366 2367 2368 2369 2370 
2 2323 2344 
4 2280 2283 2344 2463 
2 2341 2351 
3 2350 2411 2451 
2 2353 2354 
2 2335 2352 
2 2352 2486 
3 2356 2357 2358 
3 2355 2357 2438 
7 2329 2355 2356 2449 2450 2455 2462 
2 2355 2377 
2 2360 2361 
2 2359 2378 
3 2359 2436 2468 
4 2347 2363 2364 2365 
1 2362 
3 2345 2362 4619 
2 2346 2362 
1 2347 
1 2347 
2 2347 2371 
4 2347 2370 4503 4678 
6 2347 2369 2480 4494 4617 4702 
2 2288 2368 
2 2373 2374 
2 2372 2415 
2 2372 2468 
2 2376 2377 
2 2375 2407 
7 2330 2358 2375 2440 2448 2449 2450 
3 2360 2426 2436 
1 2380 
4 2379 2403 2432 2433 
1 2327 
1 2327 
1 2327 
4 604 953 2327 2458 
2 2320 2388 
1 2387 
2 2338 2386 
2 2385 2389 
3 2277 2388 4849 
2 841 2391 
2 2390 2400 
5 2393 2394 2395 2396 2397 
3 2392 2398 2399 
1 2392 
1 2392 
2 2392 2397 
2 2392 2396 
1 2393 
2 2393 2438 
2 2391 2420 
1 2402 
2 2401 2403 
3 2380 2402 2404 
3 2403 2434 2435 
3 2406 2407 2408 
1 2405 
4 2336 2376 2405 2424 
3 2291 2336 2405 
2 2410 2411 
2 2306 2409 
3 2351 2409 2445 
2 841 2324 
1 2414 
2 464 2413 
4 2373 2427 2452 2453 
1 2435 
1 2453 
2 2338 2419 
5 457 2304 2338 2418 2475 
2 2283 2400 
2 2285 2321 
1 2423 
1 2422 
2 2336 2407 
2 2426 2427 
2 2378 2425 
2 2415 2425 
1 2291 
1 2328 
1 2328 
2 142 2328 
2 2380 2433 
2 2380 2432 
1 2404 
3 885 2404 2416 
2 2361 2378 
2 436 2304 
2 2356 2399 
3 604 4504 4826 
2 2291 2377 
2 2306 2342 
1 2306 
1 2306 
1 2306 
2 2341 2411 
2 2341 2451 
1 2448 
3 2330 2377 2447 
2 2357 2377 
2 2357 2377 
3 2310 2351 2446 
1 2415 
3 2415 2417 2468 
2 2279 2313 
2 2357 2456 
1 2455 
2 2458 2459 
5 2384 2457 2460 2465 2466 
1 2457 
2 2458 2461 
2 603 2460 
1 2357 
2 2349 4707 
2 2301 2302 
2 2326 2458 
2 2458 2467 
4 2466 4848 4850 4852 
3 2361 2374 2453 
1 2307 
1 2307 
1 2270 
1 2293 
5 2283 4514 4537 4563 4725 
1 2475 
3 457 2419 2474 
2 2276 4826 
1 2293 
1 2293 
1 2325 
4 2325 2370 4649 4650 
2 2273 2325 
5 2325 2484 4649 4723 4724 
4 2325 4775 4776 4778 
3 2325 2482 4775 
4 841 4688 4737 4738 
1 2354 
2 2488 2489 
5 2487 4532 4533 4534 4535 
2 2487 4664 
1 2491 
3 2490 2492 2493 
6 2491 2590 2596 2599 2600 2601 
7 2491 2599 2601 2633 2719 2731 2734 
8 553 555 2578 2654 2655 2656 2657 2658 
6 553 2686 2985 2986 2987 2988 
2 2497 2498 
3 2496 2669 3092 
3 2496 2525 3093 
2 2500 2501 
6 2499 2547 2661 2665 2666 2667 
3 2499 2989 2990 
1 2503 
8 2502 2567 2801 2802 2803 2804 2805 2806 
1 2505 
8 2504 2687 2727 2728 2735 2736 2773 2911 
2 2507 2508 
2 2506 2509 
1 2506 
3 2507 2603 2907 
2 2511 2512 
2 2510 2889 
1 2510 
1 2528 
2 2623 2624 
1 2746 
4 2625 2626 2886 2904 
2 2624 2938 
1 2943 
1 2944 
1 3006 
1 3059 
1 2777 
2 2715 3062 
3 2525 2526 2527 
6 2498 2524 2668 2669 2670 2671 
3 2524 2715 2957 
5 2524 2726 2736 3010 3011 
3 2513 2893 3018 
0 
0 
2 2569 2570 
3 2756 2757 2758 
6 2621 2762 2892 2912 2913 2914 
2 2954 2955 
1 2835 
1 2621 
0 
0 
1 3221 
2 2605 3281 
2 2542 2543 
4 126 2541 4229 4230 
3 2541 4205 4252 
1 2545 
5 2544 2546 2547 2548 2549 
1 2545 
5 2500 2545 2561 2737 2738 
4 2545 2721 2933 2934 
6 2545 2561 2626 2721 2945 2946 
5 2551 2552 2553 2554 2555 
1 2550 
3 2550 2556 3028 
1 2550 
4 2550 2555 2557 2920 
2 2550 2554 
3 2552 2557 2558 
7 2554 2556 2582 2707 2708 2919 2920 
1 2556 
3 2560 2561 2562 
7 2559 2635 2637 2678 2703 2704 2705 
7 2547 2549 2559 2632 2634 2840 2841 
1 2559 
6 1480 2564 2590 2591 2592 2593 
3 1480 2563 3064 
5 1480 2566 3064 3141 3165 
5 1480 2565 2593 3087 3137 
2 2503 2568 
2 2567 2757 
6 2531 3031 3032 3033 3034 3035 
3 2531 2935 3330 
4 2572 2573 2574 2575 
1 2571 
6 2571 2575 2661 2662 2884 2885 
1 2571 
2 2571 2573 
3 2577 2578 2579 
5 2576 2693 2753 2783 2817 
9 2494 2576 2618 2619 2681 2783 2843 2844 2845 
5 2576 3046 3047 3048 3049 
1 2581 
3 2580 2582 2583 
3 2557 2581 2842 
7 2581 3053 3054 3055 3056 3057 3058 
4 2585 2586 2587 2588 
3 2584 2589 3060 
6 2584 2588 3079 3082 3083 3084 
3 2584 3079 3305 
2 2584 2586 
2 2585 2590 
8 2492 2563 2589 2594 2595 2596 2597 2598 
1 2563 
4 2563 3012 3013 3285 
3 2563 2566 3013 
2 2590 2660 
1 2590 
7 2492 2590 2858 2861 2867 2908 2909 
3 2590 2853 3022 
5 2590 3051 3052 3063 3064 
4 1364 2492 2493 2633 
3 2492 2633 2644 
3 2492 2493 2915 
1 2603 
2 2509 2602 
1 2605 
3 2540 2604 2606 
3 2605 2922 2984 
4 554 2608 2609 2610 
4 554 2607 2656 2659 
1 2607 
1 2607 
4 2612 2613 2614 2615 
3 2611 2614 2615 
4 2611 3252 3253 3254 
3 2611 2612 2615 
3 2611 2612 2614 
0 
0 
3 2578 2619 2620 
6 2578 2618 2749 2750 2751 2752 
1 2618 
3 2533 2536 2622 
3 2621 2819 3032 
1 2514 
3 2514 2517 2929 
3 2516 2626 2627 
8 2516 2549 2625 2674 2677 2678 2679 2680 
1 2625 
3 2629 2630 2631 
3 2628 2632 2638 
3 2628 2632 2639 
6 2628 2703 2962 2965 2966 2967 
7 2561 2629 2630 2633 2634 2635 2636 
5 2493 2599 2600 2632 2637 
3 2561 2632 2648 
3 2560 2632 2818 
1 2632 
3 2560 2633 2706 
2 2629 2639 
2 2630 2638 
2 2641 2642 
7 2640 2642 2728 2729 2950 3066 3067 
5 2640 2641 3200 3201 3202 
3 2644 2645 2646 
3 2600 2643 2647 
1 2643 
1 2643 
1 2644 
2 2634 2953 
4 2650 2651 2652 2653 
5 2649 2710 2711 2712 2713 
5 2649 2741 3096 3099 3100 
3 2649 3036 3301 
3 2649 3037 3303 
3 2494 2671 2686 
3 2494 3102 3106 
3 2494 2608 3107 
3 2494 2671 2769 
2 555 2494 
6 554 2608 2751 2753 2754 2755 
2 2594 2956 
5 2500 2573 2662 2663 2664 
2 2573 2661 
2 2661 2664 
2 2661 2663 
3 2500 2789 2891 
1 2500 
2 2500 2917 
4 2525 2683 2684 2685 
4 2497 2525 2689 2691 
2 2525 2778 
7 2525 2654 2657 2681 2691 2768 2843 
1 2673 
2 2672 2775 
3 2626 2675 2676 
4 2674 2703 2960 2961 
3 2674 2962 2968 
3 2626 2886 3293 
3 2560 2626 3294 
1 2626 
1 2626 
3 2578 2671 2682 
8 2681 2726 2844 2981 2985 3067 3104 3126 
1 2668 
1 2668 
1 2668 
4 2495 2654 2985 3127 
4 2505 2688 2689 2690 
2 2687 3128 
3 2669 2687 3129 
1 2687 
3 2669 2671 2726 
3 2693 2694 2695 
8 2577 2692 2694 2782 2783 2784 2785 2786 
7 2692 2693 2784 2797 2798 2799 2800 
1 2692 
6 2697 2698 2699 2700 2701 2702 
8 2696 2698 2701 2759 2760 2761 2762 2763 
4 2696 2697 2701 2890 
1 2696 
1 2696 
3 2696 2697 2698 
1 2696 
3 2560 2631 2675 
1 2560 
1 2560 
6 2637 2745 2755 2922 2930 2931 
3 2557 2708 2709 
3 2557 2707 2927 
1 2707 
7 2650 2739 2740 2741 2742 2743 2744 
4 2650 2712 3138 3139 
3 2650 2711 3138 
3 2650 2739 3296 
3 2715 2716 2717 
4 2523 2526 2714 2942 
1 2714 
1 2714 
1 2719 
3 2493 2718 2720 
1 2719 
4 2548 2549 2722 2723 
1 2721 
1 2721 
1 2725 
2 2724 2934 
4 2527 2682 2691 2981 
2 2505 2728 
5 2505 2641 2727 2729 2730 
2 2641 2728 
1 2728 
3 2493 2732 2733 
1 2731 
1 2731 
1 2493 
2 2505 2736 
7 2505 2527 2735 2911 3010 3011 3286 
3 2547 2886 2959 
1 2547 
3 2710 2713 2883 
2 2710 2932 
4 2651 2710 3100 3159 
2 2710 3160 
2 2710 3306 
3 2710 3245 3309 
1 2706 
6 2515 2938 2998 3162 3163 3164 
1 2748 
3 2747 2906 2934 
2 2619 2916 
2 2619 2847 
3 2619 2659 3158 
5 2619 3126 3166 3167 3168 
5 2577 2659 2782 2811 2812 
7 2659 2755 2782 2910 2921 2922 2923 
4 2659 2706 2754 2767 
4 2532 2757 2758 3211 
4 2532 2568 2756 2758 
7 2532 2756 2757 3313 3314 3315 3333 
4 2697 2764 2765 2766 
4 2697 2761 2797 3045 
5 2697 2760 2762 2991 3235 
9 2533 2697 2761 2763 2826 2912 2913 2991 3235 
2 2697 2762 
2 2759 2914 
3 2759 2766 3085 
3 2759 2765 3085 
2 1364 2755 
5 2671 2770 2771 2774 2775 
2 2657 2772 
2 2768 3173 
2 2768 3174 
1 2769 
1 2505 
3 2768 2851 2852 
2 2673 2768 
1 2777 
3 2522 2776 2778 
4 2670 2777 2950 2951 
3 555 2780 2781 
3 2779 3103 3182 
2 555 2779 
3 2693 2753 2754 
7 2577 2578 2693 2813 2814 2815 2816 
2 2693 2694 
1 2693 
1 2693 
1 2788 
3 2787 2789 3098 
2 2665 2788 
4 2791 2795 3090 3091 
6 2790 2986 3091 3149 3172 3259 
3 3147 3151 3258 
0 
4 3103 3246 3327 3329 
1 2790 
3 554 645 4144 
3 2694 2760 2800 
4 2694 2821 2826 2831 
1 2694 
3 2694 2797 3231 
1 2503 
1 2503 
3 2503 3032 3197 
3 2503 3032 3198 
3 2503 3032 3199 
1 2503 
1 555 
1 555 
2 555 3103 
1 555 
1 2753 
1 2753 
1 2783 
1 2783 
1 2783 
1 2783 
7 2577 3190 3191 3192 3193 3194 3195 
1 2635 
1 2622 
3 2827 2829 2834 
1 2798 
1 2828 
1 3208 
1 3209 
1 3210 
6 2762 2798 2831 2892 2991 2992 
2 2820 3238 
4 2822 2939 3073 3074 
1 2820 
0 
2 2798 2826 
1 2834 
0 
4 2820 2832 3298 3299 
2 2535 3332 
3 2837 2838 2839 
4 2836 2839 2940 2941 
4 2836 2940 4137 4179 
7 2836 2837 4181 4202 4224 4228 4277 
1 2561 
1 2561 
3 2582 2897 3053 
2 2578 2671 
9 2578 2682 2845 2950 2985 3067 3104 3126 3212 
3 2578 2844 3229 
4 2847 2848 2849 2850 
3 2750 2846 2939 
1 2846 
2 2846 3219 
2 2846 3219 
2 2774 2994 
1 2774 
4 2597 2854 2855 2856 
2 2853 3169 
2 2853 3223 
3 2853 2858 3255 
1 2858 
3 2596 2856 2857 
1 2860 
2 2859 2861 
3 2596 2860 2862 
2 2861 3009 
1 2864 
3 2863 2908 3227 
1 2866 
2 2865 2867 
3 2596 2866 2868 
2 2867 2869 
1 2868 
6 2871 2872 2873 2874 2875 2876 
5 2870 2874 3041 3042 3043 
1 2870 
1 2870 
2 2870 2871 
2 2870 2876 
3 2870 2875 3334 
0 
2 2922 3094 
2 2922 3143 
0 
0 
0 
2 2739 3268 
2 2573 2885 
2 2573 2884 
5 2516 2677 2737 2887 2888 
2 2886 3288 
1 2886 
1 2511 
1 2698 
1 2665 
2 2533 2826 
4 2528 2894 2903 3019 
3 2893 2902 2903 
0 
4 2897 2898 2936 3078 
7 2842 2896 2898 2900 3216 3217 3218 
3 2896 2897 3078 
0 
1 2897 
0 
1 2894 
2 2893 2894 
1 2516 
1 2906 
3 2748 2905 2934 
1 2509 
3 2596 2864 3065 
3 1659 2596 3230 
4 1659 2754 2919 2921 
2 2505 2736 
3 2533 2762 3243 
3 2533 2762 3244 
2 2533 2764 
1 2601 
1 2749 
2 2667 2918 
2 2917 2944 
3 2557 2910 3260 
3 2554 2557 3069 
3 2754 2910 2937 
7 2606 2706 2754 2878 2879 2924 2925 
2 2754 3266 
8 2922 3000 3170 3261 3262 3263 3264 3265 
4 2922 2955 2982 3331 
1 2980 
2 2708 3267 
1 2929 
3 2624 2928 2958 
3 2706 2979 3336 
3 2706 2979 3337 
2 2740 3269 
1 2548 
4 2548 2725 2748 2906 
2 2570 3222 
2 2896 3270 
2 2921 3271 
4 2517 2746 3162 3203 
5 2828 2847 3073 3273 3274 
8 2837 2838 4141 4142 4144 4208 4260 4265 
2 2837 4345 
3 2715 3283 3284 
3 2518 3050 3275 
2 2519 2918 
1 2549 
1 2549 
2 2948 2949 
2 2947 3157 
3 2947 3027 3280 
6 2641 2778 2844 3126 3212 3279 
2 2778 3202 
1 2953 
2 2648 2952 
1 2534 
2 2534 2925 
1 2660 
1 2526 
2 2929 3233 
1 2737 
4 2675 2962 2963 2964 
1 2675 
5 2631 2676 2960 2969 2976 
1 2960 
1 2960 
8 2631 2969 2970 2971 2972 2973 2974 2975 
1 2631 
1 2631 
1 2676 
4 2962 2965 2977 2978 
1 2965 
1 2965 
1 2965 
1 2965 
1 2965 
1 2965 
1 2962 
1 2969 
1 2969 
2 2930 2931 
1 2926 
2 2682 2726 
2 2925 2983 
1 2982 
1 2606 
8 2495 2682 2686 2844 3102 3103 3104 3105 
6 2495 2791 2988 3149 3172 3175 
1 2495 
2 2495 2986 
1 2501 
1 2501 
5 2761 2762 2826 2992 2993 
5 2826 2991 2993 3044 3045 
2 2991 2992 
1 2851 
2 2996 2997 
2 2995 3295 
2 2995 3295 
1 2746 
0 
6 2924 3001 3002 3005 3170 3171 
6 3000 3002 3003 3004 3039 3171 
5 3000 3001 3005 3171 3256 
2 3001 3004 
2 3001 3003 
2 3000 3002 
1 2520 
1 557 
1 557 
1 2862 
5 2527 2736 3011 3289 3290 
3 2527 2736 3010 
6 2592 3013 3014 3015 3016 3017 
5 2592 2593 3012 3087 3130 
5 3012 3016 3083 3144 3145 
4 3012 3017 3087 3133 
2 3012 3014 
2 3012 3015 
1 2528 
1 2893 
1 3021 
5 3020 3189 3192 3193 3232 
1 2597 
2 3024 3025 
2 3023 3025 
4 3023 3024 3039 3040 
1 556 
3 556 2949 3278 
3 2552 3029 3030 
2 3028 3136 
3 3028 3134 3135 
2 2569 3035 
8 2569 2622 2803 2804 2805 3185 3186 3187 
2 2569 3034 
2 2569 3033 
2 2569 3031 
1 2652 
1 2653 
1 3039 
4 3001 3025 3038 3040 
2 3025 3039 
2 2871 3042 
2 2871 3041 
1 2871 
2 2992 3045 
4 2760 2992 3044 3335 
1 2579 
1 2579 
1 2579 
1 2579 
1 2943 
2 2598 3052 
5 2598 3051 3140 3141 3142 
6 2583 2842 3057 3213 3214 3215 
1 2583 
3 2583 3056 3058 
3 2583 3055 3058 
2 2583 3053 
3 2583 3055 3056 
1 2521 
2 2585 3061 
1 3060 
1 2523 
2 2598 3064 
4 2564 2565 2598 3063 
1 2908 
2 2641 3067 
6 2641 2682 2844 3066 3126 3181 
4 3069 3070 3071 3072 
3 2920 3068 3072 
1 3068 
1 3068 
2 3068 3069 
4 2828 2939 3074 3075 
2 2828 3073 
1 3073 
1 4046 
1 4044 
2 2896 2898 
7 2586 2587 3080 3081 3082 3083 3084 
1 3079 
2 3079 3084 
5 2586 3079 3083 3084 3099 
6 2586 3014 3079 3082 3145 3180 
5 2586 3079 3081 3082 3196 
2 2765 2766 
3 3087 3088 3089 
7 2566 3013 3015 3086 3088 3130 3137 
4 3086 3087 3291 3292 
1 3086 
1 2790 
2 2790 2791 
1 2497 
1 2498 
1 2878 
1 3096 
3 2651 3095 3099 
1 3098 
2 2788 3097 
4 2651 3082 3096 3101 
3 2651 2741 3159 
1 3099 
2 2655 2985 
8 2780 2794 2809 2985 3104 3105 3182 3246 
6 2682 2844 2985 3103 3105 3304 
3 2985 3103 3104 
1 2655 
1 2656 
1 3109 
2 3108 3318 
1 3111 
2 3110 3301 
1 3113 
2 3112 3320 
1 3115 
2 3114 3316 
1 3117 
2 3116 3320 
1 3119 
2 3118 3295 
1 3121 
2 3120 3303 
1 3123 
2 3122 3307 
1 3125 
2 3124 3317 
7 2682 2752 2844 2950 3067 3168 3212 
1 2686 
1 2688 
1 2689 
3 3013 3087 3131 
1 3130 
1 3133 
2 3015 3132 
2 3030 3135 
3 3030 3134 3136 
5 3029 3135 3161 3183 3184 
2 2566 3087 
2 2711 2712 
1 2711 
1 3052 
5 2565 3052 3142 3165 3272 
2 3052 3141 
1 2879 
1 3014 
3 3014 3083 3180 
2 3147 3148 
7 2792 3146 3149 3150 3151 3152 3153 
1 3146 
4 2791 2986 3147 3172 
1 3147 
2 2792 3147 
1 3147 
1 3147 
1 557 
1 557 
0 
1 2948 
1 2751 
2 2741 3100 
1 2742 
1 3136 
2 2746 2938 
2 2746 3164 
2 2746 3163 
4 2565 3141 3276 3277 
1 2752 
1 2752 
2 2752 3126 
1 2854 
2 2924 3000 
3 3000 3001 3002 
3 2791 2986 3149 
1 2770 
1 2771 
1 2986 
1 559 
1 560 
1 561 
1 558 
2 3083 3145 
1 3067 
2 2780 3103 
1 3136 
1 3136 
3 3032 3186 3187 
3 3032 3185 3187 
3 3032 3185 3186 
3 3192 3239 3241 
2 3021 3193 
2 2817 3191 
2 2817 3190 
4 2817 3021 3188 3326 
4 2817 3021 3189 3194 
2 2817 3193 
1 2817 
1 3084 
1 2803 
1 2804 
1 2805 
2 2642 3202 
1 2642 
4 2642 2951 3200 3325 
1 2938 
1 3205 
2 3204 3309 
1 3207 
2 3206 3308 
1 2823 
1 2824 
1 2825 
1 2756 
3 2844 2950 3126 
3 3053 3214 3215 
3 3053 3213 3215 
5 3053 3213 3214 3323 3324 
3 2897 3217 3218 
6 2897 3216 3218 3282 3311 3328 
3 2897 3216 3217 
3 2849 2850 3220 
1 3219 
1 2539 
1 2935 
4 2855 3224 3225 3226 
2 3223 3226 
1 3223 
2 3223 3224 
2 2864 3228 
1 3227 
1 2845 
1 2909 
1 2800 
1 3021 
2 2958 3234 
1 3233 
3 2761 2762 3242 
1 3237 
2 3236 3316 
1 2827 
3 3188 3240 3241 
1 3239 
4 3188 3239 3250 3251 
1 3235 
1 2912 
1 2913 
1 2744 
2 2794 3103 
1 3248 
1 3247 
0 
1 3241 
1 3241 
1 2613 
1 2613 
2 2613 4109 
1 2856 
1 3002 
1 562 
1 2792 
1 2791 
1 2919 
3 2924 3262 3264 
3 2924 3261 3264 
2 2924 3265 
3 2924 3261 3262 
2 2924 3263 
1 2923 
1 2927 
1 2883 
1 2932 
1 2936 
1 2937 
1 3141 
1 2939 
1 2939 
1 2943 
2 3165 3277 
2 3165 3276 
1 3027 
1 2950 
1 2949 
1 2540 
1 3217 
2 2942 3284 
2 2942 3283 
1 2592 
1 2736 
1 3288 
2 2887 3287 
2 3010 3290 
2 3010 3289 
1 3088 
1 3088 
1 2677 
1 2678 
4 2996 2997 3119 3308 
2 2713 3297 
1 3296 
2 2834 3299 
4 2834 3298 3312 3322 
1 3301 
3 2652 3111 3300 
1 3303 
3 2653 3121 3302 
1 3104 
1 2587 
3 2743 3307 3308 
3 3123 3306 3320 
3 3207 3295 3306 
3 2744 3205 3310 
3 3309 3317 3318 
1 3217 
1 3299 
3 2758 3314 3315 
3 2758 3313 3315 
3 2758 3313 3314 
3 3115 3237 3317 
3 3125 3310 3316 
3 3109 3310 3319 
1 3318 
3 3113 3117 3307 
1 3322 
2 3299 3321 
2 3215 3324 
2 3215 3323 
1 3202 
1 3192 
1 2794 
1 3217 
1 2794 
1 2570 
1 2925 
1 2835 
1 2758 
1 2876 
1 3045 
1 2930 
1 2931 
3 3339 3340 3341 
7 3338 3620 3622 3623 3626 3627 3628 
2 3338 3467 
1 3338 
4 3343 3344 3345 3346 
3 3342 3347 3348 
3 3342 3478 3479 
1 3342 
2 3342 3392 
4 3343 3359 3410 3412 
3 3343 4499 4624 
5 3350 3351 3352 3353 3354 
4 3349 3355 3356 3357 
2 3349 3457 
2 3349 3653 
3 3349 3475 3718 
3 3349 3765 3766 
8 3350 3357 3393 3397 3398 3399 3400 3401 
2 3350 3458 
4 3350 3355 3474 3477 
2 3359 3360 
6 3347 3358 3361 3362 3363 3364 
3 3358 3743 3745 
9 6 7 3359 3364 3464 3465 3466 3467 3468 
1 3359 
1 3359 
2 3359 3361 
1 3366 
3 3365 3367 3668 
3 3366 3368 3369 
2 3367 3453 
3 3367 3753 3808 
3 3371 3372 3373 
1 3370 
3 3370 3476 3787 
2 3370 3482 
0 
0 
0 
1 3378 
5 3377 3423 3633 3659 3684 
7 3380 3381 3382 3383 3384 3385 3386 
4 3379 3466 3499 3500 
2 3379 3640 
1 3379 
1 3379 
2 3379 3428 
3 3379 3467 3639 
2 3379 3424 
5 3388 3389 3390 3391 3392 
1 3387 
3 3387 3469 3594 
2 3387 3777 
3 3387 3470 3746 
3 3346 3387 3806 
4 3355 3394 3395 3396 
2 3393 3683 
3 3393 3680 3682 
3 3393 3476 3797 
2 3355 3541 
1 3355 
1 3355 
1 3355 
3 3355 3631 3656 
1 3403 
2 3402 3569 
4 3408 3444 3445 3446 
4 3406 3418 3480 3481 
8 3405 3462 3515 3516 3520 3521 3522 3523 
3 3465 3545 3547 
1 3404 
2 3452 3716 
2 3347 3411 
2 3410 3777 
2 3347 3452 
3 3414 3415 3416 
2 3413 3573 
3 10 3413 3602 
4 3413 3498 3600 3601 
6 3418 3419 3420 3421 3422 3423 
7 3405 3417 3424 3425 3426 3427 3428 
1 3417 
2 3417 3694 
3 3417 3693 3737 
2 3417 3731 
2 3378 3417 
7 3386 3418 3464 3524 3525 3526 3527 
1 3418 
1 3418 
2 3418 3521 
2 3384 3418 
2 3430 3431 
2 3429 3689 
3 3429 4837 4856 
5 3433 3434 3435 3436 3437 
3 3432 3604 3628 
7 3432 3630 3674 3705 3706 3708 3712 
2 3432 3496 
2 3432 3496 
2 3432 3620 
5 3439 3440 3441 3442 3443 
5 3438 3504 3524 3550 3551 
3 3438 3587 3742 
1 3438 
1 3438 
3 3438 3505 3784 
4 3404 3459 3462 3463 
2 3404 3520 
2 3404 3522 
4 3448 3449 3450 3451 
3 3447 3452 3453 
3 3447 3675 3677 
2 3447 3800 
3 3447 3473 3677 
6 3409 3412 3448 3469 3472 3473 
4 3368 3448 3502 3503 
2 3455 3456 
5 3454 3477 3491 3492 3495 
5 3454 3531 3532 3654 3725 
3 3351 3653 3768 
5 3356 3765 3766 3770 3771 
3 3444 3460 3461 
2 3459 3809 
3 3459 3585 3665 
2 3406 3444 
2 3444 3713 
3 3361 3424 3540 
2 3361 3407 
2 3361 3380 
4 3340 3361 3385 3713 
2 3361 3526 
4 3389 3452 3470 3471 
2 3391 3469 
3 3469 3651 3807 
1 3452 
3 3451 3452 4815 
3 3357 3475 3476 
2 3353 3474 
7 3372 3396 3474 3541 3543 3788 3790 
5 3357 3455 3494 3512 4509 
2 3344 3745 
2 3344 4606 
1 3405 
5 3405 4505 4507 4681 4700 
5 3373 3483 3484 3485 3486 
3 3482 3506 3513 
3 3482 3650 3651 
2 3482 3778 
2 3482 4824 
1 3488 
2 3487 3789 
1 3490 
2 3489 3796 
1 3455 
3 3455 3493 3494 
2 3492 3654 
3 3477 3492 3562 
2 3455 3631 
8 10 3435 3436 3497 3498 3499 3500 3501 
1 3496 
2 3416 3496 
2 3380 3496 
2 3380 3496 
2 3496 3635 
3 3453 3612 3613 
4 3453 4817 4841 4871 
2 3439 3505 
3 3443 3504 3599 
6 3483 3507 3508 3509 3510 3511 
2 3506 3512 
2 3506 3607 
4 3506 3609 3616 3798 
2 3506 3793 
2 3506 3805 
3 3477 3507 4839 
3 3483 3615 3758 
5 3515 3516 3517 3518 3519 
2 3406 3514 
2 3406 3514 
1 3514 
2 3514 3727 
2 3514 3727 
2 3406 3445 
2 3406 3427 
2 3406 3446 
2 3406 3738 
3 3424 3439 3552 
2 3424 3553 
3 3424 3468 3756 
3 3424 4532 4578 
4 3529 3530 3531 3532 
3 3528 3643 3644 
5 3528 3647 3656 3695 3696 
3 3456 3528 3724 
2 3456 3528 
0 
2 3576 3652 
1 3657 
1 3660 
2 3733 3767 
0 
0 
1 3464 
5 3397 3476 3542 3543 3544 
3 3541 3661 3773 
4 3476 3541 3788 3803 
2 3541 3803 
5 3407 3546 3547 3548 3549 
1 3545 
2 3407 3545 
4 3545 3772 3775 3799 
3 3545 3700 3776 
1 3439 
4 3439 3552 4659 4664 
3 3524 3551 3553 
6 3525 3552 3796 4494 4501 4502 
2 3555 3556 
1 3554 
3 3554 4527 4569 
2 3558 3559 
2 3557 3761 
5 3557 4585 4675 4676 4677 
1 3561 
3 3560 3562 3563 
2 3494 3561 
2 3561 3564 
2 3563 3649 
4 3566 3567 3568 3569 
1 3565 
3 3565 3655 3656 
2 3565 3648 
3 3403 3565 3717 
1 3571 
9 3570 3593 3752 4822 4828 4856 4867 4868 4869 
1 3573 
7 3414 3572 3574 3575 3636 3637 3652 
1 3573 
1 3573 
1 3534 
1 3578 
3 3577 3691 3692 
3 3580 3581 3582 
1 3579 
1 3579 
3 3579 4475 4505 
1 3584 
5 3583 3590 4842 4843 4844 
1 3461 
1 3587 
3 3440 3586 3762 
1 3589 
2 3588 3673 
1 3584 
1 3592 
4 3591 3666 3667 3668 
1 3571 
1 3389 
1 3596 
2 3595 3806 
1 3598 
2 3597 3652 
1 3505 
1 3416 
1 3416 
1 3415 
2 3604 3605 
3 3433 3603 3605 
5 5 3603 3604 3692 3700 
3 3607 3608 3609 
4 3508 3606 3610 3611 
1 3606 
3 3509 3606 3759 
2 3607 3758 
2 3607 3618 
2 3502 3613 
2 3502 3612 
2 3615 3616 
4 3513 3614 3678 3679 
2 3509 3614 
1 3618 
2 3611 3617 
1 3620 
6 3339 3437 3619 3621 3624 3625 
1 3620 
1 3339 
1 3339 
2 3620 3730 
2 3620 3809 
3 3339 3728 3729 
1 3339 
2 3339 3433 
1 3630 
2 3434 3629 
2 3401 3495 
2 3633 3634 
2 3378 3632 
2 3632 3727 
1 3501 
3 3573 3637 3638 
2 3573 3636 
1 3636 
1 3385 
2 3381 3738 
2 5 3642 
1 3641 
1 3529 
4 3529 3645 3646 3647 
1 3644 
2 3644 3726 
2 3530 3644 
2 3568 3649 
2 3564 3648 
1 3484 
2 3471 3484 
3 3534 3573 3598 
2 3352 3457 
2 3456 3493 
2 3567 3656 
4 3401 3530 3567 3655 
2 3535 3686 
2 3659 3660 
2 3378 3658 
2 3536 3658 
1 3542 
2 3663 3664 
1 3662 
1 3662 
1 3461 
1 3592 
1 3592 
4 3366 3592 3698 3810 
2 3670 3671 
4 3669 3698 3754 3755 
2 3669 3690 
1 3673 
2 3589 3672 
1 3434 
2 3449 3676 
1 3675 
2 3449 3451 
1 3615 
1 3615 
1 3395 
1 3682 
3 3395 3681 3683 
2 3394 3682 
2 3378 3714 
0 
1 3657 
1 3774 
1 3774 
2 3430 3753 
1 3671 
1 3578 
2 3578 3605 
1 3421 
2 3420 3732 
2 3530 3697 
2 3530 3725 
3 3695 3801 3802 
2 3668 3670 
1 3700 
3 3549 3605 3699 
1 3702 
2 3701 3758 
3 3704 3705 3706 
1 3703 
3 3434 3703 3707 
3 3434 3703 3710 
3 3705 3708 3709 
3 3434 3707 3710 
1 3707 
3 3706 3708 3711 
1 3710 
3 8 3434 3734 
2 3463 3467 
2 3684 3727 
2 3716 3717 
2 3409 3715 
2 3569 3715 
1 3353 
1 3720 
2 3719 3725 
1 3722 
2 3721 3724 
1 3724 
5 3531 3722 3723 3725 3726 
4 3456 3696 3720 3724 
2 3646 3724 
4 3518 3519 3634 3714 
1 3626 
2 3626 3772 
1 3624 
1 3422 
2 3694 3733 
2 3537 3732 
1 3712 
2 3736 3737 
1 3735 
2 3421 3735 
2 3523 3640 
1 3740 
3 3739 3757 3808 
1 3742 
2 3440 3741 
2 3360 3744 
1 3743 
2 3360 3478 
1 3391 
3 3748 3749 3750 
2 3747 3782 
1 3747 
2 3747 3800 
1 3752 
3 3571 3751 4854 
2 3369 3689 
1 3670 
2 3670 3786 
1 3526 
1 3740 
3 3513 3610 3702 
2 3609 3760 
3 3759 3780 3783 
1 3558 
1 3587 
1 3764 
3 3763 3778 3779 
2 3354 3458 
2 3354 3458 
1 3537 
2 3457 3769 
1 3768 
1 3458 
1 3458 
2 3548 3729 
1 3542 
2 3687 3688 
1 3548 
1 3549 
2 3390 3411 
2 3485 3764 
1 3764 
2 3760 3781 
1 3780 
2 3748 3785 
1 3760 
1 3443 
2 3782 3786 
3 3755 3785 3795 
1 3372 
2 3476 3543 
2 3488 3790 
2 3476 3789 
1 8 
1 3793 
2 3510 3792 
1 3795 
5 3786 3794 4814 4855 4871 
4 3490 3553 4502 4675 
1 3396 
1 3509 
1 3548 
2 3450 3750 
1 3697 
1 3697 
2 3543 3544 
1 3805 
2 3511 3804 
2 3392 3596 
1 3471 
2 3369 3740 
2 3460 3625 
1 3668 
2 3812 3813 
3 3811 3825 3851 
2 3811 3815 
3 3815 3816 3817 
7 3813 3814 3818 3838 3839 3840 3841 
1 3814 
4 3814 3818 3893 3894 
2 3815 3817 
3 3820 3821 3822 
2 3819 3858 
3 3819 3895 3910 
2 3819 3895 
3 3824 3825 3826 
2 3823 3827 
2 3812 3823 
3 3823 3859 3860 
5 3824 3837 3855 3859 3875 
1 3829 
4 3828 3830 3831 3832 
6 3829 3833 3861 3866 3891 3892 
3 3829 3832 3864 
2 3829 3831 
3 3830 3834 3835 
1 3833 
2 3833 3996 
1 3837 
3 3827 3836 3838 
3 3815 3837 3841 
1 3815 
1 3815 
2 3815 3838 
5 3843 3844 3845 3846 3847 
1 3842 
3 3842 3848 3849 
2 3842 3883 
1 3842 
9 3842 3875 3884 3909 4185 4186 4220 4313 4314 
3 804 3844 3908 
3 3844 3909 3992 
1 3851 
3 3812 3850 4004 
2 201 3877 
4 3854 3855 3856 3857 
1 3853 
8 3827 3853 3875 3878 3879 3880 3881 3882 
3 3853 3945 3946 
3 3853 3970 3971 
3 3820 3893 3895 
7 3826 3827 3862 3863 3890 3896 3904 
7 3826 3869 3912 3913 3947 3958 3961 
6 3830 3862 3863 3864 3865 3866 
2 3859 3861 
2 3859 3861 
5 3831 3861 3865 3886 3921 
2 3861 3864 
3 3830 3861 3944 
6 804 3868 3869 3870 3871 3872 
2 3867 3935 
3 3860 3867 3960 
3 3867 3943 3958 
3 3867 3902 3987 
3 3867 3941 3987 
2 804 3874 
2 3873 3890 
7 804 3827 3847 3855 3876 3883 3884 
5 804 3875 3905 3906 3907 
3 804 3852 3986 
3 3855 3908 3961 
1 3855 
2 3855 3945 
2 3855 3971 
2 3855 3958 
3 3845 3875 3885 
3 3847 3875 3894 
5 3883 3886 3887 3888 3889 
2 3864 3885 
1 3885 
2 3885 3981 
2 3885 3940 
2 3859 3874 
1 3830 
3 3830 3941 3942 
2 3817 3858 
8 3817 3884 3920 3983 3984 3991 3997 3998 
6 3821 3822 3858 3909 3910 3911 
8 3859 3897 3898 3899 3900 3901 3902 3903 
1 3896 
2 3896 3978 
2 3896 3900 
3 3896 3899 3902 
3 3896 3937 3978 
5 3871 3896 3900 3942 3995 
1 3896 
1 3859 
1 3876 
1 3876 
1 3876 
6 3848 3878 3929 3947 3988 4001 
3 3847 3849 3895 
2 3821 3895 
2 3895 3948 
2 3860 3913 
3 3860 3912 3923 
1 3915 
3 3914 3916 3917 
2 3915 3928 
3 3915 3964 3993 
2 3919 3920 
3 3918 3991 3992 
2 3894 3918 
1 3864 
2 3923 3924 
3 3913 3922 3925 
2 3922 3932 
3 3923 3930 3934 
3 3927 3928 3929 
1 3926 
3 3916 3926 3963 
3 3908 3926 4000 
2 3925 3931 
3 3930 3947 3993 
3 3924 3933 3934 
1 3932 
2 3925 3932 
3 3868 3936 3937 
1 3935 
3 3901 3935 3999 
1 3939 
2 3938 3993 
1 3889 
4 3872 3892 3943 3944 
3 3892 3902 3994 
2 3870 3941 
2 3866 3941 
2 3856 3880 
5 3856 3974 3980 3981 3989 
3 3860 3908 3931 
3 3911 3949 3950 
1 3948 
2 3948 3976 
3 3952 3953 3954 
2 3951 3955 
1 3951 
2 3951 4002 
2 3952 3956 
2 3955 3957 
1 3956 
5 3860 3870 3882 3959 3960 
1 3958 
2 3869 3958 
2 3860 3878 
1 3966 
1 3928 
1 3917 
1 3984 
3 3962 4000 4003 
2 3968 3969 
3 3967 3985 3988 
3 3967 3989 3990 
1 3857 
3 3857 3881 3979 
2 3973 3974 
1 3972 
2 3946 3972 
1 3976 
3 3950 3975 3977 
2 3976 3982 
3 3898 3901 3999 
1 3971 
2 3946 3981 
3 3888 3946 3980 
2 3977 3998 
2 3894 3984 
3 3894 3965 3983 
1 3968 
1 3877 
2 3871 3872 
2 3908 3968 
2 3946 3969 
1 3969 
2 3894 3919 
2 3849 3919 
3 3917 3931 3939 
2 3942 3995 
3 3902 3994 3996 
2 3835 3995 
2 3894 3998 
3 3894 3982 3997 
2 3937 3978 
3 3929 3966 4001 
2 3908 4000 
1 3954 
1 3966 
1 3851 
1 4006 
3 4005 4024 4065 
3 4008 4009 4010 
3 4007 4031 4032 
2 4007 4034 
3 4007 4063 4095 
2 4012 4013 
2 4011 4014 
2 4011 4091 
3 4012 4015 4068 
2 4014 4016 
2 4015 4034 
1 4018 
3 4017 4054 4097 
2 4020 4021 
3 4019 4021 4073 
5 4019 4020 4061 4071 4092 
4 4023 4024 4025 4026 
5 4022 4026 4053 4054 4055 
3 4006 4022 4089 
2 4022 4126 
2 4022 4023 
3 4028 4029 4030 
4 4027 4056 4057 4058 
2 4027 4123 
2 4027 4096 
6 4008 4033 4034 4035 4036 4037 
2 4008 4040 
3 4031 4051 4052 
8 4009 4016 4031 4039 4069 4070 4071 4072 
1 4031 
2 4031 4039 
3 4031 4061 4093 
3 4039 4040 4041 
5 4034 4036 4038 4042 4043 
2 4032 4038 
2 4038 4090 
2 4039 4090 
2 4039 4104 
3 3077 4045 4046 
4 4044 4047 4049 4050 
5 3076 4044 4083 4087 4113 
2 4045 4048 
3 4047 4101 4117 
2 4045 4094 
4 4045 4052 4103 4111 
1 4033 
3 4033 4050 4071 
4 502 4023 4065 4076 
6 4018 4023 4093 4114 4115 4116 
2 4023 4125 
1 4028 
1 4028 
4 4028 4059 4061 4062 
2 4058 4060 
3 4059 4063 4064 
7 4021 4037 4058 4095 4105 4110 4111 
2 4058 4129 
4 4010 4060 4084 4085 
2 4060 4095 
2 4006 4053 
1 4067 
3 4066 4076 4133 
2 4014 4088 
1 4034 
1 4034 
4 4021 4034 4052 4108 
1 4034 
2 4020 4074 
5 4073 4094 4100 4105 4111 
2 603 4088 
2 4053 4067 
2 4078 4079 
2 4077 4096 
2 4077 4097 
2 4081 4082 
2 4080 4083 
2 4080 4106 
2 4046 4081 
1 4063 
1 4063 
1 4087 
4 4046 4086 4106 4109 
2 4068 4075 
3 4024 4116 4125 
2 4041 4042 
2 4013 4118 
2 4021 4093 
4 4037 4054 4092 4112 
5 4049 4074 4103 4111 4112 
3 4010 4061 4064 
3 4030 4078 4097 
3 4018 4079 4096 
4 4099 4100 4101 4102 
2 4098 4100 
3 4074 4098 4099 
2 4048 4098 
2 4098 4111 
2 4050 4094 
1 4043 
2 4061 4074 
3 4082 4087 4107 
2 4106 4113 
1 4071 
2 3254 4087 
1 4061 
5 4050 4061 4074 4094 4102 
2 4093 4094 
2 4046 4107 
1 4054 
1 4054 
2 4054 4089 
1 4048 
2 4091 4119 
2 4118 4120 
3 4119 4121 4122 
2 4120 4128 
2 4120 4128 
1 4029 
2 4125 4126 
4 4055 4089 4124 4127 
2 4025 4124 
1 4125 
4 4121 4122 4165 4167 
4 4062 4130 4131 4132 
1 4129 
1 4129 
1 4129 
1 4067 
1 4135 
5 4134 4137 4139 4140 4141 
1 4137 
5 2838 4135 4136 4138 4139 
1 4137 
5 4135 4137 4151 4152 4153 
1 4135 
6 2940 4135 4198 4238 4260 4274 
4 2940 4143 4144 4145 
5 4142 4150 4158 4281 4282 
7 2796 2940 4142 4149 4265 4323 4334 
1 4142 
2 4147 4148 
3 4146 4149 4150 
3 4146 4357 4358 
8 643 4144 4147 4150 4208 4233 4291 4303 
4 4143 4147 4149 4304 
5 4139 4179 4218 4219 4220 
4 4139 4153 4185 4273 
3 4139 4152 4185 
1 4155 
4 4154 4156 4157 4158 
1 4155 
2 4155 4282 
2 4143 4155 
2 4160 4161 
4 4159 4187 4188 4189 
2 4159 4216 
2 4163 4164 
5 4162 4187 4190 4217 4257 
5 4162 4348 4349 4350 4351 
1 4128 
1 4167 
6 4128 4166 4175 4193 4194 4195 
5 4169 4170 4171 4172 4173 
2 4168 4171 
1 4168 
3 4168 4169 4202 
1 4168 
3 4168 4343 4344 
4 4175 4176 4177 4178 
5 4167 4174 4187 4250 4251 
1 4174 
1 4174 
1 4174 
5 2838 4151 4198 4199 4200 
4 4181 4182 4183 4184 
4 2839 4180 4185 4186 
1 4180 
1 4180 
1 4180 
5 3847 4152 4153 4181 4278 
2 3847 4181 
7 4160 4163 4175 4244 4254 4255 4256 
3 4160 4255 4361 
1 4160 
3 4163 4191 4192 
1 4190 
1 4190 
2 4167 4196 
2 4167 4197 
2 4167 4249 
2 4193 4301 
1 4194 
6 4141 4179 4214 4236 4239 4243 
5 4179 4214 4234 4261 4265 
2 4179 4342 
3 539 4202 4224 
6 539 2839 4171 4201 4224 4335 
1 539 
2 215 4278 
4 528 2543 4206 4207 
3 526 4205 4253 
1 4205 
3 643 2940 4149 
3 4210 4211 4212 
4 4209 4213 4214 4215 
1 4209 
1 4209 
3 4210 4221 4222 
6 4198 4199 4210 4215 4258 4260 
2 4210 4214 
3 197 4161 4217 
4 645 4163 4216 4276 
4 4151 4246 4247 4248 
2 4151 4220 
4 3847 4151 4219 4315 
1 4213 
1 4213 
1 4224 
7 2839 4201 4202 4223 4225 4226 4228 
1 4224 
2 4224 4227 
1 4226 
3 2839 4224 4302 
1 2542 
1 2542 
1 4232 
2 4231 4233 
5 4149 4232 4283 4291 4309 
2 4199 4235 
2 643 4234 
3 4198 4237 4238 
1 4236 
5 4141 4236 4270 4271 4272 
4 4198 4240 4241 4242 
5 4239 4266 4267 4268 4269 
1 4239 
1 4239 
7 4198 4336 4337 4338 4339 4340 4341 
2 4187 4245 
3 4244 4287 4288 
1 4218 
1 4218 
1 4218 
2 615 4195 
3 4175 4251 4286 
4 4175 4250 4321 4322 
1 2543 
1 4206 
6 4187 4324 4325 4326 4327 4328 
2 4187 4188 
2 4187 4276 
3 4163 4279 4280 
2 4214 4259 
1 4258 
7 2940 4141 4214 4305 4306 4307 4308 
4 4199 4262 4263 4264 
1 4261 
1 4261 
1 4261 
3 2940 4144 4199 
1 4240 
1 4240 
1 4240 
1 4240 
1 4238 
1 4238 
1 4238 
1 4152 
2 4141 4275 
1 4274 
2 4217 4256 
3 645 2839 4278 
4 645 4185 4204 4277 
1 4257 
1 4257 
6 4143 4294 4295 4296 4297 4298 
3 4143 4157 4333 
3 4233 4284 4285 
1 4283 
1 4283 
1 4250 
1 4245 
1 4245 
1 956 
1 956 
4 4149 4233 4292 4293 
3 4291 4299 4300 
1 4291 
5 4281 4329 4330 4331 4332 
1 4281 
1 4281 
1 4281 
1 4281 
1 4292 
1 4292 
1 4196 
1 4228 
6 4149 4316 4317 4318 4319 4320 
3 4150 4352 4353 
1 4260 
1 4260 
1 4260 
1 4260 
4 4233 4310 4311 4312 
1 4309 
1 4309 
1 4309 
1 3847 
1 3847 
1 4220 
1 4303 
1 4303 
1 4303 
1 4303 
1 4303 
1 4251 
1 4251 
1 4144 
1 4254 
1 4254 
1 4254 
1 4254 
1 4254 
1 4294 
1 4294 
1 4294 
1 4294 
3 4282 4346 4347 
3 4144 4359 4360 
1 4202 
1 4243 
1 4243 
1 4243 
1 4243 
1 4243 
1 4243 
1 4200 
1 4173 
1 4173 
1 2941 
1 4333 
1 4333 
1 4164 
1 4164 
1 4164 
4 4164 4354 4355 4356 
1 4304 
1 4304 
1 4351 
1 4351 
1 4351 
1 4148 
1 4148 
1 4334 
1 4334 
1 4188 
4 4363 4364 4365 4366 
8 4362 4364 4375 4393 4397 4398 4399 4400 
3 4362 4363 4398 
1 4362 
3 4362 4399 4420 
1 4368 
3 4367 4369 4373 
2 4368 4370 
3 4369 4386 4417 
1 4372 
5 4371 4382 4383 4403 4404 
2 4368 4386 
4 4377 4380 4382 4389 
3 4363 4377 4390 
4 4381 4384 4386 4394 
4 4374 4375 4380 4382 
2 4383 4403 
7 4384 4385 4388 4418 4426 4438 4439 
3 4374 4377 4382 
1 4376 
7 4372 4374 4377 4380 4391 4392 4412 
4 4372 4378 4403 4404 
6 4376 4379 4385 4386 4387 4388 
3 4379 4384 4421 
6 4370 4373 4376 4384 4409 4422 
10 4384 4388 4414 4415 4423 4424 4425 4426 4427 4428 
5 4379 4384 4387 4421 4424 
1 4374 
7 4375 4401 4405 4407 4410 4426 4429 
2 4382 4392 
3 343 4382 4391 
1 4363 
1 4376 
5 400 4396 4430 4431 4433 
3 400 4395 4433 
4 4363 4398 4402 4426 
6 4363 4364 4397 4399 4400 4433 
6 4363 4366 4398 4420 4433 4442 
2 4363 4398 
2 4390 4402 
3 4397 4401 4437 
4 4372 4378 4383 4404 
3 4372 4383 4403 
1 4390 
1 4408 
1 4390 
1 4406 
2 4386 4411 
1 4390 
1 4409 
1 4382 
1 4414 
3 4387 4413 4415 
5 4387 4414 4423 4425 4427 
3 316 4430 4431 
3 4370 4418 4419 
3 4379 4417 4441 
1 4417 
2 4366 4399 
2 4385 4388 
1 4386 
3 4387 4415 4424 
5 4387 4388 4423 4425 4426 
6 4387 4415 4424 4426 4427 4434 
6 4379 4387 4390 4397 4424 4425 
4 4387 4415 4425 4436 
1 4387 
1 4390 
2 4395 4416 
2 4395 4416 
1 4433 
5 4395 4396 4398 4399 4432 
2 4425 4437 
1 343 
1 4427 
2 4402 4434 
1 4379 
1 4379 
0 
1 4418 
1 4399 
1 4444 
4 376 4443 4445 4446 
4 376 4444 4446 4456 
4 4444 4445 4453 4457 
2 4448 4449 
1 4447 
2 376 4447 
1 419 
2 4452 4453 
1 4451 
2 4446 4451 
1 393 
1 376 
4 1341 4445 4457 4458 
4 1341 4446 4456 4459 
1 4456 
1 4457 
1 109 
1 915 
1 915 
1 4464 
2 4463 4465 
1 4464 
1 4467 
2 4466 4468 
1 4467 
0 
0 
0 
0 
1 54 
2 4475 4476 
7 3582 4474 4477 4506 4515 4516 4517 
3 4474 4544 4651 
2 4475 4478 
2 4477 4572 
5 2345 4480 4481 4482 4483 
3 4479 4608 4609 
6 4479 4614 4665 4666 4682 4697 
3 4479 4538 4712 
1 4479 
3 4485 4486 4487 
2 4484 4718 
3 4484 4611 4716 
1 4484 
2 4489 4490 
2 4488 4500 
3 4488 4508 4690 
1 4492 
2 4491 4553 
5 4494 4495 4496 4497 4498 
4 2370 3553 4493 4499 
4 4493 4566 4567 4568 
3 4493 4698 4699 
2 4493 4557 
2 4493 4638 
7 3348 4494 4626 4833 4857 4858 4859 
1 4489 
3 3553 4503 4504 
4 3553 3796 4536 4586 
5 2369 4501 4679 4680 4681 
4 2439 4501 4816 4817 
2 3481 3582 
2 4475 4507 
2 3481 4506 
3 4490 4509 4510 
3 3477 4508 4511 
1 4508 
2 4509 4530 
2 4513 4514 
3 4512 4522 4636 
2 2473 4512 
2 4475 4546 
2 4475 4612 
2 4475 4603 
3 4519 4520 4521 
3 4518 4522 4523 
2 4518 4548 
2 4518 4646 
4 4513 4519 4688 4689 
3 4519 4549 4742 
2 4525 4526 
2 4524 4546 
4 4524 4660 4662 4663 
2 3556 4528 
2 4527 4568 
2 4530 4531 
5 4511 4529 4551 4554 4555 
3 4529 4643 4655 
3 2488 3527 4536 
1 2488 
2 2488 4647 
2 2488 4580 
2 4502 4532 
4 2473 4538 4539 4540 
2 4482 4537 
3 4537 4707 4708 
1 4537 
2 4542 4543 
2 4541 4616 
2 4541 4570 
2 4476 4545 
3 4544 4578 4604 
3 4515 4525 4796 
3 4548 4549 4550 
3 4520 4547 4549 
3 4523 4547 4548 
2 4547 4807 
2 4530 4552 
2 4551 4553 
3 4492 4552 4722 
1 4530 
1 4530 
1 4557 
3 4497 4556 4558 
3 4557 4657 4661 
2 4560 4561 
4 4559 4584 4595 4600 
3 4559 4581 4648 
2 4563 4564 
3 2473 4562 4565 
2 4562 4646 
2 4563 4641 
4 4495 4613 4638 4639 
2 4495 4682 
2 4495 4528 
3 3556 4711 4726 
2 4543 4571 
4 4570 4657 4702 4706 
4 4478 4573 4574 4575 
4 4572 4587 4588 4589 
3 4572 4700 4701 
1 4572 
3 4577 4578 4579 
1 4576 
3 3527 4545 4576 
2 4576 4605 
2 4535 4581 
3 4561 4580 4687 
3 4583 4584 4585 
2 4582 4586 
4 4560 4582 4652 4653 
2 3559 4582 
3 4502 4583 4683 
3 4573 4718 4735 
1 4573 
2 4573 4728 
2 4591 4592 
8 4590 4593 4594 4595 4596 4597 4598 4599 
2 4590 4627 
1 4591 
3 4591 4654 4694 
3 4560 4591 4710 
3 4591 4739 4741 
1 4591 
1 4591 
1 4591 
2 4560 4795 
2 4602 4603 
2 4601 4611 
4 4517 4601 4706 4715 
2 4545 4605 
4 4579 4604 4640 4654 
2 3479 4607 
5 4606 4624 4672 4704 4734 
1 4480 
1 4480 
1 4611 
3 4486 4602 4610 
2 4516 4690 
3 4566 4614 4615 
3 4481 4613 4695 
1 4613 
3 4542 4617 4618 
6 2370 4616 4618 4620 4673 4693 
3 4616 4617 4730 
5 2364 4620 4621 4622 4623 
3 4617 4619 4637 
1 4619 
2 4619 4729 
3 4619 4684 4693 
4 3348 4607 4625 4626 
3 4624 4671 4672 
4 4499 4624 4811 4813 
5 4592 4628 4629 4630 4631 
3 4627 4731 4734 
1 4627 
1 4627 
1 4627 
3 4633 4634 4635 
2 4632 4671 
1 4632 
1 4632 
1 4513 
2 4620 4809 
3 4498 4566 4639 
2 4566 4638 
1 4605 
3 4565 4658 4725 
2 4643 4644 
3 4531 4642 4645 
1 4642 
1 4643 
2 4521 4564 
2 4534 4648 
2 4561 4647 
3 2480 2482 4713 
3 2480 4749 4763 
2 4476 4663 
1 4584 
1 4584 
2 4594 4605 
2 4531 4656 
3 4655 4718 4728 
2 4558 4571 
1 4641 
2 3551 4660 
3 4526 4659 4685 
1 4558 
1 4526 
2 4526 4651 
2 2489 3551 
5 4481 4666 4667 4668 4669 
3 4481 4665 4670 
1 4665 
1 4665 
1 4665 
3 4666 4697 4719 
2 4625 4633 
3 4607 4625 4727 
2 4617 4674 
3 4673 4699 4717 
2 3559 3796 
3 3559 4683 4711 
3 3559 4793 4794 
1 2369 
1 4503 
1 4503 
2 3481 4503 
4 4481 4567 4696 4810 
2 4586 4676 
1 4623 
2 4660 4686 
1 4685 
1 4581 
3 2485 4522 4736 
2 4522 4804 
2 4490 4612 
2 4692 4693 
1 4691 
3 4617 4623 4691 
1 4594 
1 4614 
1 4682 
3 4481 4670 4720 
1 4496 
3 4496 4674 4709 
4 3481 4574 4702 4703 
2 4574 4716 
3 2370 4571 4700 
2 4700 4718 
2 4607 4705 
1 4704 
2 4571 4603 
3 2463 4539 4733 
2 4539 4805 
1 4699 
1 4595 
2 4569 4676 
2 4482 4801 
5 4649 4748 4753 4784 4785 
1 4715 
2 4603 4714 
2 4486 4701 
1 4674 
4 4485 4587 4656 4703 
1 4670 
2 4697 4721 
1 4720 
1 4553 
4 2482 4770 4772 4788 
2 2482 4765 
2 2473 4641 
1 4569 
2 4672 4798 
2 4589 4656 
2 4622 4808 
1 4618 
2 4628 4732 
1 4731 
1 4707 
2 4607 4628 
1 4587 
1 4688 
1 2485 
2 875 2485 
2 4596 4740 
1 4739 
1 4596 
3 4523 4803 4804 
2 4744 4745 
2 4743 4760 
2 4743 4753 
2 4747 4748 
2 4746 4758 
2 4713 4746 
2 4650 4750 
2 4749 4751 
2 4750 4752 
2 4751 4763 
5 4713 4745 4754 4755 4756 
5 4753 4757 4761 4766 4781 
2 4753 4757 
1 4753 
2 4754 4755 
2 4747 4759 
2 4758 4760 
2 4744 4759 
2 4754 4762 
6 4761 4764 4771 4774 4779 4780 
2 4650 4752 
2 4762 4765 
5 4724 4764 4772 4782 4787 
2 4754 4767 
2 4766 4771 
2 4769 4770 
2 4768 4783 
2 4723 4768 
2 4762 4767 
3 4723 4765 4773 
3 4772 4791 4792 
2 4762 4775 
3 2483 2484 4774 
3 2483 4777 4778 
1 4776 
3 2483 4776 4800 
1 4762 
1 4762 
2 4754 4782 
2 4765 4781 
2 4769 4786 
2 4713 4789 
1 4713 
2 4783 4787 
2 4765 4786 
2 4723 4790 
2 4784 4790 
2 4788 4789 
1 4773 
1 4773 
1 4677 
1 4677 
1 4600 
2 4546 4797 
1 4796 
2 4727 4799 
1 4798 
1 4778 
1 4712 
1 4803 
2 4742 4802 
3 4689 4742 4806 
1 4708 
1 4804 
1 4550 
1 4729 
1 4637 
1 4682 
3 2277 4626 4812 
3 4811 4814 4826 
2 4626 4814 
3 3795 4812 4813 
3 3473 4820 4859 
4 4504 4833 4836 4837 
3 3503 4504 4837 
2 4819 4820 
2 4818 4873 
3 4815 4818 4873 
3 4822 4823 4824 
3 3571 4821 4839 
1 4821 
3 3486 4821 4881 
1 4826 
5 2277 2439 2476 4812 4825 
3 4828 4829 4830 
2 3571 4827 
2 4827 4863 
2 4827 4831 
2 4830 4832 
2 4831 4864 
4 4499 4816 4834 4835 
1 4833 
1 4833 
1 4816 
4 3431 4816 4817 4871 
1 4839 
5 3512 4822 4838 4840 4841 
3 4839 4863 4866 
3 3503 4839 4861 
3 3584 4877 4878 
2 3584 4874 
2 3584 4865 
2 1106 4846 
2 140 4845 
2 227 4848 
3 2467 4847 4853 
1 2389 
2 2467 4851 
2 140 4850 
1 2467 
1 4848 
2 3752 4855 
2 3795 4854 
3 1139 3431 3571 
1 4499 
1 4499 
3 4499 4815 4872 
2 4861 4862 
3 4841 4860 4870 
2 4860 4882 
4 4829 4840 4864 4865 
2 4832 4863 
2 4844 4863 
2 140 4840 
2 3571 4879 
1 3571 
3 3571 4879 4882 
1 4861 
3 3503 3795 4837 
1 4859 
2 4819 4820 
4 1139 4843 4875 4876 
2 4874 4877 
2 4874 4880 
2 4842 4875 
1 4842 
2 4867 4869 
1 4876 
1 4824 
2 4862 4869 
2 875 4884 
2 4883 4891 
1 12 
2 12 4888 
2 881 4888 
2 4886 4887 
2 881 4890 
2 910 4889 
1 4884 
