4843
5670
3 1 2 3 
6 0 421 428 429 430 431 
5 0 425 449 450 451 
3 0 469 514 
4 5 6 7 8 
3 4 3563 3599 
1 4 
1 4 
3 4 3670 3749 
1 10 
3 9 3374 3455 
1 12 
3 11 4836 4837 
0 
2 15 16 
5 14 30 31 32 33 
2 14 45 
1 18 
3 17 19 20 
1 18 
6 18 21 22 23 24 25 
2 20 26 
3 20 128 129 
2 20 103 
6 20 26 128 193 200 221 
2 20 29 
3 21 24 59 
2 28 29 
7 27 57 58 96 173 174 175 
2 25 27 
1 15 
5 15 34 35 36 37 
1 15 
3 15 93 163 
1 31 
1 31 
3 31 42 65 
2 31 114 
2 39 40 
3 38 41 42 
2 38 185 
2 39 43 
2 36 39 
4 41 159 240 250 
2 45 46 
3 16 44 108 
2 44 63 
1 48 
3 47 107 124 
1 50 
6 49 53 149 164 521 531 
2 52 53 
2 51 113 
6 50 51 124 164 213 4424 
2 55 56 
4 54 90 92 125 
2 54 217 
4 28 58 59 60 
3 28 57 59 
5 26 57 58 68 221 
1 57 
2 62 63 
2 61 226 
2 46 61 
0 
1 36 
2 67 68 
5 66 68 104 173 205 
7 59 66 67 81 184 191 221 
2 70 71 
2 69 127 
3 69 74 188 
2 73 74 
2 72 127 
4 71 72 173 230 
1 76 
3 75 77 78 
5 76 79 80 81 82 
2 76 88 
6 77 83 84 85 86 87 
6 77 131 134 136 139 140 
3 68 77 82 
2 77 81 
1 79 
1 79 
1 79 
5 79 98 99 100 102 
4 79 127 187 231 
2 78 89 
2 88 222 
5 55 91 92 93 94 
2 90 95 
2 55 90 
3 33 90 258 
2 90 206 
2 91 223 
2 28 97 
4 96 156 232 234 
1 86 
1 86 
2 86 101 
7 100 159 189 243 244 245 246 
3 86 155 175 
3 23 104 105 
3 67 103 183 
2 103 191 
1 107 
6 48 106 124 165 598 4411 
3 45 186 206 
3 110 111 112 
4 109 178 195 196 
4 109 118 121 178 
1 109 
2 52 146 
2 37 115 
2 114 157 
1 117 
2 116 170 
5 111 119 120 121 122 
2 118 122 
2 118 122 
2 111 118 
5 118 119 120 245 250 
1 124 
7 48 53 107 123 161 214 2510 
2 55 126 
2 125 127 
7 70 73 87 126 187 207 229 
2 22 24 
1 22 
1 131 
6 80 130 132 133 137 138 
1 131 
1 131 
1 80 
1 136 
3 80 135 141 
3 131 1025 1090 
5 131 1122 4797 4802 4817 
4 80 1038 1055 1123 
2 80 2402 
4 136 192 193 194 
2 143 144 
3 142 151 153 
3 142 218 259 
3 146 147 148 
3 113 145 149 
3 145 148 197 
3 145 147 254 
3 50 146 172 
0 
4 143 152 153 154 
3 151 155 156 
2 143 151 
2 151 237 
4 102 152 235 236 
3 97 152 223 
2 115 158 
2 157 159 
4 43 101 158 160 
3 159 246 1071 
2 124 162 
1 161 
3 33 257 260 
2 50 53 
2 107 166 
2 165 222 
1 168 
1 167 
0 
2 117 239 
1 196 
4 149 255 526 538 
3 28 67 74 
1 28 
2 28 102 
2 177 178 
2 176 195 
3 110 111 176 
1 181 
1 216 
2 179 182 
1 181 
4 104 251 252 253 
1 68 
3 40 186 187 
3 108 185 226 
7 87 127 185 206 217 227 228 
2 71 215 
2 101 190 
3 189 1022 1092 
2 68 105 
5 141 193 201 202 203 
4 24 141 192 242 
5 141 203 637 943 4173 
3 110 177 231 
2 110 171 
2 147 198 
3 197 540 3809 
1 200 
2 24 199 
1 192 
1 192 
4 192 194 559 598 
1 205 
2 67 204 
4 94 108 187 207 
2 127 206 
0 
0 
0 
0 
2 533 4161 
1 53 
1 124 
2 188 216 
3 180 215 263 
2 56 187 
3 144 219 220 
2 218 238 
3 218 235 261 
6 24 59 68 222 223 224 
4 89 166 221 225 
3 95 156 221 
2 221 4798 
2 222 262 
2 62 186 
2 187 230 
1 187 
1 127 
2 74 227 
2 87 195 
2 97 233 
1 232 
1 97 
2 155 220 
3 155 237 238 
4 154 236 247 248 
2 219 236 
3 170 240 241 
3 43 239 242 
1 239 
2 193 240 
1 101 
1 101 
2 101 122 
5 101 160 1037 1076 1080 
2 237 256 
2 237 261 
1 250 
3 43 122 249 
1 183 
1 183 
1 183 
2 148 255 
2 172 254 
2 247 257 
2 163 256 
1 93 
1 144 
1 163 
2 220 248 
1 225 
1 216 
3 265 266 267 
6 264 303 304 308 309 310 
3 264 370 392 
1 264 
3 269 270 271 
4 268 272 273 274 
2 268 403 
3 268 386 414 
7 269 274 315 316 323 381 389 
3 269 398 399 
4 269 272 308 370 
2 276 277 
5 275 278 279 280 281 
4 275 327 356 404 
1 276 
1 276 
2 276 366 
1 276 
2 283 284 
4 282 284 358 379 
5 282 283 386 391 403 
2 286 287 
4 285 292 360 405 
3 285 347 416 
1 289 
3 288 290 295 
5 289 291 292 293 294 
6 290 302 318 319 320 321 
6 286 290 316 360 374 379 
2 290 294 
4 290 293 360 417 
3 289 314 400 
1 297 
2 296 298 
5 297 299 300 301 302 
5 298 300 301 302 361 
4 298 299 323 383 
2 298 299 
4 291 298 299 321 
5 265 304 305 306 307 
2 265 303 
4 303 307 309 394 
2 303 307 
3 303 305 306 
3 265 274 311 
2 265 305 
1 265 
2 308 4367 
2 313 314 
3 312 315 316 
2 295 312 
4 272 313 323 367 
5 272 292 313 322 347 
1 318 
2 291 317 
3 291 320 324 
2 291 319 
2 291 302 
3 316 323 324 
4 272 300 315 322 
4 319 322 334 335 
5 326 327 328 329 330 
4 325 331 332 333 
2 277 325 
4 325 329 343 411 
2 325 328 
1 325 
3 326 334 335 
2 326 343 
4 326 339 340 404 
2 324 331 
2 324 331 
2 337 338 
3 336 394 395 
3 336 4343 4386 
2 333 340 
2 333 339 
1 342 
4 341 377 378 384 
2 328 332 
1 345 
3 344 346 347 
2 345 408 
5 287 316 345 349 373 
1 349 
7 347 348 350 351 353 354 355 
1 349 
2 349 352 
1 351 
1 349 
1 349 
3 349 373 396 
2 277 357 
1 356 
2 283 359 
3 358 389 390 
3 286 292 294 
4 299 362 363 364 
3 361 363 364 
4 361 362 364 366 
4 361 362 363 380 
0 
2 280 363 
3 315 1234 1383 
1 369 
3 368 370 371 
4 266 274 369 406 
5 369 4395 4396 4400 4406 
1 373 
3 347 355 372 
1 292 
1 376 
2 375 377 
3 342 376 378 
4 342 377 401 408 
2 283 292 
1 364 
2 272 382 
1 381 
1 300 
1 342 
3 386 387 388 
6 271 284 385 403 412 413 
1 385 
2 385 4405 
3 272 359 391 
2 359 397 
2 284 389 
2 266 393 
6 392 1136 1142 1225 1318 1320 
2 305 337 
3 337 4346 4347 
1 355 
1 390 
1 273 
1 273 
2 295 415 
2 378 402 
1 401 
3 270 284 386 
4 277 333 409 410 
1 286 
2 370 407 
1 406 
2 346 378 
1 404 
1 404 
1 328 
1 386 
1 386 
2 271 4401 
1 400 
1 287 
1 294 
6 419 420 421 422 423 424 
4 418 425 426 427 
3 418 430 499 
2 1 418 
3 418 423 499 
3 418 422 480 
2 418 476 
4 2 419 427 446 
6 419 427 444 456 495 496 
3 419 425 426 
1 1 
1 1 
2 1 420 
2 1 2408 
1 433 
5 432 441 483 487 500 
1 435 
2 434 469 
1 437 
5 436 438 439 440 441 
5 437 442 443 444 445 
3 437 447 448 
2 437 466 
2 433 437 
7 438 445 459 460 461 462 463 
2 438 465 
4 426 438 477 493 
3 438 442 501 
4 425 2270 2271 2281 
3 439 500 509 
3 439 465 467 
3 2 470 489 
3 2 884 2249 
3 2 2390 2446 
0 
0 
0 
0 
3 426 458 489 
3 2254 2264 2293 
2 456 2385 
1 442 
1 442 
3 442 471 472 
4 442 504 505 506 
3 442 490 507 
1 465 
5 443 448 464 466 467 
5 440 465 501 502 503 
2 448 465 
1 469 
4 3 435 468 470 
3 449 469 512 
1 461 
3 461 1473 1504 
2 474 475 
2 473 507 
2 473 1555 
7 424 477 478 479 480 481 482 
2 444 476 
1 476 
2 476 498 
3 423 476 498 
3 476 487 494 
3 476 486 494 
5 433 484 485 486 487 
1 483 
2 483 493 
2 482 483 
3 433 481 483 
1 489 
3 449 456 488 
3 463 491 492 
2 490 1764 
1 490 
3 444 485 494 
3 481 482 493 
2 426 497 
2 426 4010 
2 495 1331 
2 479 480 
2 420 422 
3 433 447 508 
2 445 466 
1 466 
3 466 507 517 
1 462 
2 462 516 
3 462 1560 1619 
3 463 474 503 
1 500 
1 447 
1 511 
3 510 512 513 
2 470 511 
2 511 515 
2 3 515 
2 513 514 
1 505 
1 503 
2 519 520 
4 518 528 532 533 
3 518 533 4163 
2 50 522 
2 521 4162 
1 524 
3 523 525 526 
3 524 528 531 
5 172 524 531 535 539 
3 528 529 530 
3 519 525 527 
3 527 531 542 
2 527 535 
4 50 525 526 529 
2 519 543 
6 212 519 520 4158 4159 4160 
4 535 536 537 538 
6 526 530 534 536 541 542 
2 534 535 
2 534 541 
2 172 534 
2 526 540 
3 198 539 678 
2 535 537 
2 529 535 
1 532 
2 545 546 
2 544 1446 
2 544 1436 
1 2465 
5 551 2573 2574 2625 2760 
2 2988 2989 
4 2969 2970 3115 3116 
2 548 3140 
1 3137 
1 3138 
1 3139 
1 3218 
1 557 
4 556 558 559 560 
2 557 568 
5 203 557 610 623 637 
1 557 
1 562 
5 561 563 564 565 566 
1 562 
3 562 601 602 
2 562 630 
4 562 633 634 635 
2 568 569 
6 558 567 569 611 627 629 
5 567 568 583 587 588 
3 571 572 573 
7 570 574 618 619 620 621 622 
6 570 574 614 624 625 626 
3 570 576 621 
3 571 572 575 
3 574 576 622 
2 573 575 
3 578 579 580 
3 577 621 622 
1 577 
1 577 
1 582 
4 581 621 622 632 
6 569 584 585 586 587 588 
1 583 
1 583 
3 583 587 588 
3 569 583 586 
4 569 583 586 620 
0 
1 591 
2 590 593 
1 593 
5 591 592 594 595 597 
1 593 
2 593 596 
3 595 2432 4032 
3 593 2355 2410 
4 107 203 599 600 
3 598 904 908 
1 598 
2 564 603 
2 564 604 
3 601 604 608 
3 602 603 609 
2 606 607 
1 605 
2 605 4206 
1 603 
1 604 
1 559 
2 568 636 
3 613 614 615 
3 612 616 617 
2 572 612 
1 612 
1 613 
3 613 626 630 
2 571 623 
2 571 623 
2 571 588 
4 571 573 578 582 
4 571 575 578 582 
3 559 618 619 
2 572 628 
2 572 628 
3 572 617 631 
2 568 628 
4 624 625 627 629 
2 568 628 
3 565 617 631 
2 626 630 
1 582 
1 566 
1 566 
4 566 4106 4165 4192 
1 611 
7 194 559 943 2760 4174 4234 4235 
4 639 640 641 642 
5 638 693 697 701 724 
1 638 
1 638 
1 638 
3 644 645 646 
5 643 659 660 661 662 
1 643 
3 643 661 741 
1 648 
3 647 649 650 
6 648 675 682 683 684 685 
4 648 699 701 704 
2 652 653 
2 651 758 
6 651 706 739 763 779 780 
1 655 
5 654 764 787 789 790 
2 657 658 
3 656 660 666 
2 656 707 
1 644 
5 644 657 663 664 665 
4 644 646 705 706 
3 644 746 747 
3 660 717 752 
3 660 714 752 
4 660 734 761 762 
5 657 705 707 708 709 
1 668 
6 667 669 670 671 672 673 
3 668 713 714 
5 668 714 719 720 721 
2 668 720 
3 668 739 765 
1 668 
0 
4 649 676 677 678 
1 675 
1 675 
6 540 675 698 752 756 774 
2 680 681 
1 679 
3 679 723 724 
1 649 
1 649 
3 649 697 722 
1 649 
0 
0 
0 
0 
0 
0 
1 693 
5 639 692 694 695 696 
3 693 697 698 
1 693 
3 693 703 773 
7 639 684 694 742 754 755 756 
3 678 694 759 
1 650 
1 701 
5 639 650 700 702 703 
1 701 
3 696 701 757 
4 650 755 791 792 
2 661 666 
2 653 661 
2 658 666 
3 666 731 732 
2 666 763 
1 711 
2 710 712 
6 711 717 726 738 739 740 
1 669 
5 664 669 670 726 729 
1 716 
3 715 717 718 
5 663 712 716 740 751 
3 716 780 798 
1 670 
4 670 671 728 753 
2 670 739 
1 684 
1 681 
3 639 681 776 
1 726 
6 712 714 725 727 728 729 
2 726 730 
4 720 726 771 772 
3 714 726 788 
1 727 
1 708 
3 708 744 748 
4 734 735 736 737 
3 665 733 736 
3 733 781 783 
4 733 734 747 785 
3 733 777 795 
1 712 
6 653 672 712 721 740 745 
4 712 717 739 769 
1 646 
1 697 
1 744 
3 732 743 745 
3 739 744 770 
1 662 
3 662 736 760 
1 732 
1 750 
1 749 
1 717 
5 663 664 678 774 794 
1 720 
1 697 
3 697 704 784 
3 678 697 799 
1 703 
1 652 
1 698 
1 747 
1 665 
1 665 
2 653 709 
1 655 
1 672 
0 
0 
0 
1 740 
1 745 
1 728 
2 728 796 
1 696 
3 678 752 775 
1 774 
1 724 
2 737 778 
1 777 
1 653 
3 653 718 797 
2 735 782 
1 781 
1 735 
1 755 
1 736 
1 787 
2 655 786 
1 729 
1 655 
1 655 
1 704 
1 704 
0 
7 752 3805 3824 3830 3832 3833 3834 
1 737 
1 772 
1 780 
1 718 
1 756 
3 801 802 803 
5 800 804 805 806 807 
3 800 825 826 
4 800 807 817 844 
5 801 805 823 824 825 
5 801 804 806 827 828 
6 801 805 834 835 837 838 
4 801 803 809 895 
1 809 
6 807 808 811 819 820 821 
4 811 812 813 814 
6 809 810 815 816 817 818 
4 810 813 816 843 
5 810 812 843 845 846 
3 810 846 865 
1 811 
3 811 812 844 
3 803 811 864 
4 811 865 876 887 
1 809 
2 809 884 
4 809 870 887 1530 
0 
1 804 
1 804 
2 802 804 
2 802 829 
2 805 830 
3 805 860 863 
2 826 830 
5 827 829 2361 2383 2456 
2 832 833 
3 831 847 848 
3 831 838 870 
1 806 
2 806 836 
2 835 838 
5 806 839 840 841 842 
3 806 833 836 
2 837 893 
2 837 894 
2 837 854 
2 837 854 
3 812 813 844 
3 803 816 843 
1 813 
3 813 814 871 
3 832 861 862 
2 832 897 
1 850 
1 849 
1 852 
5 851 854 856 859 860 
1 854 
5 841 842 852 853 855 
1 854 
3 852 857 858 
2 856 860 
1 856 
1 852 
3 828 852 857 
1 847 
2 847 896 
3 828 4689 4834 
2 817 872 
4 814 818 879 880 
0 
1 881 
1 869 
3 868 4838 4840 
4 821 833 882 883 
1 846 
2 864 873 
2 872 2406 
1 875 
4 874 876 877 878 
2 818 875 
4 875 890 891 892 
2 875 1400 
1 865 
2 865 889 
1 867 
1 870 
6 870 887 1224 1517 1567 1568 
2 450 820 
1 888 
0 
3 818 821 883 
1 885 
2 880 890 
3 877 889 892 
1 877 
4 877 890 1329 1330 
2 839 1530 
2 840 1530 
1 807 
2 862 897 
3 848 896 898 
2 897 4841 
2 900 901 
3 899 902 903 
2 899 948 
3 900 909 910 
4 900 912 4412 4413 
4 599 905 906 907 
3 904 907 918 
2 904 980 
2 904 905 
4 599 934 935 936 
2 902 926 
2 902 931 
1 912 
2 903 911 
3 950 964 976 
0 
0 
2 917 984 
4 916 933 988 991 
1 905 
0 
0 
0 
0 
0 
0 
0 
5 909 927 928 929 930 
2 926 944 
1 926 
4 926 980 988 989 
2 926 981 
3 910 932 933 
3 931 933 992 
3 917 931 932 
3 908 937 971 
3 908 980 985 
2 908 986 
2 934 938 
2 937 939 
2 938 940 
2 939 2355 
1 942 
2 941 943 
5 194 637 942 4246 4247 
4 927 945 946 947 
1 944 
1 944 
1 944 
2 901 971 
2 957 958 
2 913 974 
0 
1 955 
1 982 
2 979 991 
2 952 971 
2 995 996 
6 949 959 960 961 962 963 
1 949 
1 957 
1 957 
1 957 
1 957 
1 957 
4 913 965 966 967 
1 964 
1 964 
1 964 
1 969 
1 968 
0 
5 934 948 955 972 973 
2 971 987 
6 971 977 985 986 993 994 
4 950 975 981 982 
3 974 982 983 
1 913 
3 973 978 979 
3 977 982 993 
3 954 977 990 
4 906 929 935 985 
3 930 974 990 
4 953 974 975 978 
3 975 1001 1002 
2 916 987 
6 935 973 980 986 989 992 
5 936 973 985 992 994 
3 972 984 992 
2 917 929 
2 929 985 
4 979 981 991 992 
3 917 954 990 
5 932 985 986 987 990 
2 973 978 
2 973 986 
3 956 997 998 
3 956 999 1000 
1 995 
1 995 
1 996 
1 996 
3 983 1003 1004 
3 983 1005 1006 
1 1001 
1 1001 
1 1002 
1 1002 
2 1008 1009 
2 1007 1014 
1 1007 
3 1011 1012 1013 
2 1010 1013 
2 1010 1014 
4 1010 1011 1036 1077 
4 1008 1012 1027 1028 
3 1016 1017 1018 
1 1015 
2 1015 1062 
5 1015 1056 1059 1061 1095 
4 1020 1021 1022 1023 
4 1019 1024 1025 1026 
3 1019 1064 1065 
2 190 1019 
2 1019 1094 
3 1020 1065 1109 
2 137 1020 
1 1020 
3 1014 1029 1030 
3 1014 1099 1101 
2 1027 1039 
3 1027 1037 1066 
3 1032 1033 1034 
4 1031 1034 1035 1036 
2 1031 1104 
4 1031 1032 1036 1105 
3 1032 1037 1038 
3 1013 1032 1034 
5 246 1030 1035 1079 1080 
2 139 1035 
1 1029 
5 1041 1042 1043 1044 1045 
4 1040 1046 1047 1048 
4 1040 1046 1049 1050 
2 1040 1075 
3 1040 1088 1089 
2 1040 1087 
5 1041 1042 1051 1052 1053 
2 1041 1067 
1 1041 
3 1042 1051 1081 
4 1042 1087 1100 1125 
3 1046 1049 1082 
1 1046 
1 1046 
5 1055 1056 1057 1058 1059 
4 139 1054 1060 1061 
3 1018 1054 1086 
3 1054 1084 1115 
3 1054 1084 1115 
3 1018 1054 1126 
2 1055 1063 
3 1018 1055 1073 
4 1017 1070 1077 1083 
1 1060 
1 1021 
3 1021 1024 1092 
3 1030 1067 1068 
4 1047 1066 1068 1089 
3 1066 1067 1125 
2 1070 1071 
4 1062 1069 1076 1077 
3 160 1069 1098 
2 1073 1074 
3 1061 1072 1086 
2 1072 1096 
1 1043 
2 246 1070 
5 1013 1062 1070 1105 1114 
1 1079 
3 1037 1078 1080 
3 246 1037 1079 
2 1049 1102 
1 1051 
1 1062 
3 1057 1058 1085 
4 1084 1111 1113 1123 
2 1056 1073 
2 1045 1050 
2 1044 1089 
4 1044 1067 1088 1100 
2 137 1091 
2 1090 4796 
3 190 1065 1093 
1 1092 
1 1023 
3 1018 1096 1097 
3 1074 1095 1097 
3 1095 1096 1126 
1 1071 
1 1028 
2 1050 1089 
1 1028 
2 1081 1103 
1 1102 
1 1033 
2 1034 1077 
0 
0 
0 
1 1024 
2 1111 1112 
3 1085 1110 1113 
3 1110 1113 1115 
4 1085 1111 1112 1115 
1 1077 
4 1057 1058 1112 1113 
0 
0 
1 1124 
0 
0 
0 
1 138 
2 139 1085 
3 1118 4807 4825 
2 1050 1068 
3 1059 1097 1127 
1 1126 
5 1129 1130 1131 1132 1133 
2 1128 1134 
2 1128 1134 
3 1128 1847 1848 
2 1128 1966 
2 1128 1847 
3 1129 1130 1722 
5 1136 1137 1138 1139 1140 
2 393 1135 
3 1135 1322 1413 
2 1135 1582 
2 1135 1975 
2 1135 1978 
1 1142 
3 393 1141 1226 
3 1144 1145 1146 
2 1143 1717 
2 1143 2122 
2 1143 1765 
3 1148 1149 1150 
1 1147 
3 1147 1759 1760 
3 1147 1304 1955 
7 1152 1153 1154 1155 1156 1157 1158 
3 1151 1159 1160 
2 1151 1154 
3 1151 1153 1189 
4 1151 1359 1607 1628 
2 1151 1576 
2 1151 1575 
3 1151 1891 1892 
3 1152 1574 1579 
7 1152 1434 1710 1721 1722 1723 1724 
3 1162 1163 1164 
2 1161 1856 
2 1161 1965 
2 1161 1633 
6 1166 1167 1168 1169 1170 1171 
3 1165 1172 1173 
5 1165 1172 1453 1464 1465 
3 1165 1494 1495 
4 1165 1597 1598 1599 
3 1165 1515 1646 
2 1165 1337 
3 1166 1167 1342 
7 1166 1181 1287 1327 1579 1597 1645 
2 1175 1176 
2 1174 1177 
4 1174 1352 1408 1412 
3 1175 1178 1179 
2 1177 1505 
2 1177 1408 
0 
5 1173 1182 1183 1184 1185 
1 1181 
6 1181 1184 1287 1288 1382 1552 
5 1181 1183 1618 1630 1631 
5 1181 1287 1295 1327 1667 
1 1187 
2 1186 1842 
3 1189 1190 1191 
2 1154 1188 
2 1188 1885 
2 1188 1338 
3 1193 1194 1195 
3 1192 1748 1828 
2 1192 1894 
1 1192 
3 1197 1198 1199 
1 1196 
6 1196 1214 1215 1231 1235 1778 
1 1196 
0 
6 1202 1203 1204 1205 1206 1207 
3 1201 1208 1209 
5 1201 1208 1210 1211 1212 
2 1201 1222 
4 1201 1212 1716 1717 
2 1201 1516 
6 1201 1459 1487 1531 1559 1809 
3 1202 1203 1213 
4 1202 1240 1243 1244 
2 1203 1516 
2 1203 1519 
2 1203 1205 
3 1208 1334 1717 
3 1198 1215 1216 
6 1198 1214 1641 1642 1643 1644 
2 1214 1268 
2 1219 1289 
3 1425 1426 1427 
2 1217 1822 
1 1979 
1 2005 
2 1204 2193 
1 1228 
6 883 1244 1334 1558 1697 1698 
2 393 1765 
1 1142 
1 1519 
4 1223 1481 1530 1567 
4 1230 1231 1232 1233 
3 1229 1234 1235 
6 1198 1229 1236 1237 1238 1239 
4 1229 1233 1236 2214 
2 1229 1232 
4 367 1230 1447 1448 
5 1198 1230 1317 1641 1695 
4 1231 1232 1239 1448 
3 1231 2205 2206 
2 1231 2214 
4 1231 1236 2224 2225 
3 1209 1241 1242 
2 1240 1606 
2 1240 1731 
3 1209 1560 1689 
3 1209 1224 1729 
0 
1 1466 
1 1714 
2 1671 2042 
2 1528 2076 
1 1843 
1 1989 
5 1253 1254 1255 1256 1257 
3 1252 1258 1259 
5 1252 1258 1591 1592 1593 
2 1252 1798 
2 1252 1499 
1 1252 
3 1253 1254 1594 
2 1253 1393 
5 1261 1262 1263 1264 1265 
3 1260 1266 1267 
3 1260 1336 1529 
3 1260 1283 1684 
5 1260 1551 1649 1727 1763 
3 1260 1897 1898 
3 1261 1370 1371 
7 1261 1456 1494 1645 1775 1776 1777 
5 1216 1269 1270 1271 1272 
2 1268 2082 
2 1268 1422 
2 1268 2198 
2 1268 2174 
4 1274 1275 1276 1277 
3 1273 1374 1375 
1 1273 
2 1273 1985 
2 1273 1813 
3 1286 1287 1288 
3 1286 1357 1358 
0 
1 1556 
2 1649 1650 
6 1263 1348 1660 1661 1662 1663 
1 1540 
1 1309 
2 1278 1279 
6 1173 1183 1185 1278 1328 1573 
5 1183 1278 1579 1660 1713 
1 1217 
3 1291 1292 1293 
4 1290 1498 1499 1500 
4 1290 1706 1801 1803 
3 1290 1712 1721 
1 1295 
2 1185 1294 
2 1297 1298 
2 1296 1905 
2 1296 1906 
1 1300 
5 1299 1307 1308 1309 1310 
2 1302 1303 
2 1301 2139 
2 1301 2165 
3 1150 1305 1306 
2 1304 1849 
2 1304 1934 
2 1300 1781 
2 1300 1782 
5 1285 1300 1549 1616 1713 
2 1300 1674 
6 1312 1313 1314 1315 1316 1317 
3 1311 1461 1462 
3 1311 1421 1687 
6 1311 1462 1688 1695 1793 1794 
4 1311 1595 1687 1795 
7 1311 1912 1913 1914 1915 1916 1917 
2 1235 1311 
2 393 1319 
2 1318 1321 
3 393 4407 4408 
2 1319 1322 
2 1137 1321 
1 1324 
3 1323 1325 1326 
3 1324 1415 1419 
3 1324 1386 1590 
3 1173 1185 1328 
6 1287 1327 1340 1341 1550 1551 
2 892 1730 
2 892 1729 
3 497 1341 1550 
2 1333 1334 
2 1332 1335 
3 1213 1224 1332 
2 1333 2144 
2 1262 1337 
2 1171 1336 
2 1191 1339 
2 1338 1818 
4 1328 1341 1342 1343 
5 1328 1331 1340 1590 1634 
3 1172 1340 1543 
3 1340 2565 2731 
3 1345 1346 1347 
3 1344 1355 1356 
2 1344 1816 
4 1344 1948 1949 1950 
3 1283 1349 1350 
5 1348 1546 1547 1548 1549 
4 1348 1547 1957 1958 
3 1352 1353 1354 
7 1176 1351 1412 1468 1754 1755 1757 
3 1351 1439 1441 
1 1351 
6 1345 1576 1661 1725 1779 1780 
1 1345 
1 1279 
1 1279 
1 1155 
2 1361 1652 
3 1360 1438 1693 
2 1652 1784 
1 1439 
1 1970 
2 1968 1969 
1 1367 
3 1366 1368 1369 
4 1367 1603 1807 1808 
2 1367 1755 
2 1266 1769 
5 1266 1866 1927 1971 1972 
1 1373 
2 1372 1518 
4 1274 1813 1814 1815 
2 1274 2083 
1 1377 
5 1376 1378 1382 1383 1384 
4 1377 1379 1380 1381 
2 1378 1488 
2 1378 1793 
2 1378 1794 
3 1183 1377 1432 
4 367 1377 1640 1685 
3 1377 1432 1468 
2 1386 1387 
3 1326 1385 1388 
2 1385 2021 
3 1386 1600 1602 
2 1390 1391 
2 1389 1679 
2 1389 1806 
2 1393 1394 
2 1259 1392 
5 1392 1439 1440 1746 1812 
2 1396 1397 
2 1395 1649 
2 1395 1555 
3 1399 1400 1401 
4 1398 1402 1403 1404 
2 878 1398 
2 1398 2183 
3 1399 1404 1414 
2 1399 1517 
3 1399 1402 1569 
2 1406 1407 
2 1405 1831 
3 1405 1665 2105 
5 1176 1179 1409 1410 1411 
4 1408 1553 1656 1657 
2 1408 1603 
2 1408 1501 
2 1176 1352 
2 1137 1991 
2 1402 1557 
4 1325 1416 1417 1418 
2 1415 1545 
2 1415 1445 
1 1415 
4 1325 1543 1623 1626 
4 1421 1422 1423 1424 
5 1313 1420 1423 1591 1592 
2 1270 1420 
2 1420 1421 
2 1420 1592 
2 1218 2084 
2 1218 1490 
2 1218 2004 
0 
2 1675 1753 
1 1773 
1 1711 
4 1382 1384 1434 1552 
1 1434 
6 1160 1432 1433 1435 1640 1746 
1 1434 
2 546 1446 
1 1438 
3 1361 1437 2232 
6 1353 1363 1394 1440 1441 1442 
5 1394 1439 1799 1800 1801 
2 1353 1439 
4 1439 1800 2002 2003 
2 1444 1445 
2 1443 1455 
2 1417 1443 
5 545 1436 1496 1636 1638 
1 1234 
2 1234 1236 
2 1450 1451 
2 1449 1700 
2 1449 1802 
2 1453 1454 
3 1167 1452 1463 
2 1452 1624 
5 1444 2531 2532 2533 2534 
1 1267 
3 1458 1459 1460 
2 1457 1519 
2 1207 1457 
2 1457 1975 
1 1312 
3 1312 1314 1534 
1 1453 
2 1167 1532 
2 1167 1511 
6 1246 1564 1842 1843 1844 1845 
2 1468 1469 
4 1352 1384 1467 1470 
2 1467 1553 
3 1468 1836 1837 
2 1472 1473 
3 1471 1476 1560 
4 472 1471 1831 1832 
3 1475 1476 1477 
2 1474 1478 
5 1472 1474 1486 1621 1622 
2 1474 1829 
2 1475 2022 
2 1480 1481 
2 1479 1482 
3 1228 1479 1483 
3 1480 1620 1689 
3 1481 1560 1561 
3 1485 1486 1487 
2 1484 1614 
3 1476 1484 1690 
2 1207 1484 
6 1379 1489 1490 1491 1492 1493 
4 1488 1702 1703 1704 
2 1426 1488 
1 1488 
1 1488 
2 1488 2046 
3 1168 1267 1495 
3 1168 1494 2127 
2 1446 1497 
2 1496 1922 
1 1291 
2 1256 1291 
1 1291 
2 1411 1502 
2 1501 1503 
3 1502 1671 1694 
1 472 
3 1178 1673 1739 
4 1507 1508 1509 1510 
2 1506 1554 
2 1506 1736 
2 1506 1585 
5 1506 2017 2039 2052 2053 
5 1465 1512 1513 1514 1515 
2 1511 1758 
5 1511 1886 1888 1996 2054 
2 1511 1994 
2 1170 1511 
3 1206 1210 1559 
2 883 1403 
2 1373 1531 
5 1211 1227 1458 1531 1738 
0 
0 
2 1571 1766 
1 1829 
1 2001 
1 2050 
0 
1 1572 
1 1249 
4 1262 2008 2071 2072 
4 821 893 894 1228 
3 1207 1518 1519 
2 1464 1533 
4 1532 1541 1543 1544 
1 1462 
4 1536 1537 1538 1539 
2 1535 1540 
2 1535 1672 
2 1535 1720 
2 1535 1893 
2 1284 1536 
2 1533 1542 
3 1541 1623 1627 
4 1342 1419 1533 1544 
2 1533 1543 
2 1416 1625 
3 1349 1615 1616 
4 1349 1350 2085 2086 
3 1349 2087 2088 
3 1309 1349 1870 
3 1328 1331 1728 
2 1264 1328 
2 1183 1432 
2 1409 1469 
2 1507 1736 
2 475 1397 
2 1281 1566 
2 1414 1558 
5 1224 1557 1610 1611 1613 
3 1207 1516 1738 
4 506 1243 1472 1483 
3 1483 1618 1629 
3 1563 1564 1565 
2 1562 1893 
2 1466 1562 
2 1562 1747 
2 1556 2111 
2 883 1228 
2 883 1698 
1 1404 
1 1571 
2 1522 1570 
1 1527 
1 1287 
5 1159 1575 1576 1577 1578 
3 1157 1574 1751 
5 1156 1355 1574 1804 1805 
6 1574 1948 2057 2063 2118 2119 
2 1574 2233 
4 1159 1173 1288 1725 
1 1581 
2 1580 1582 
2 1138 1581 
6 1584 1585 1586 1587 1588 1589 
1 1583 
2 1509 1583 
2 1583 1889 
3 1583 1589 1920 
2 1583 1976 
4 1583 1587 1976 2163 
4 1326 1341 1632 1633 
4 1254 1421 1595 1596 
4 1254 1421 1424 1593 
5 1254 1592 1796 1797 1798 
2 1258 2238 
2 1315 1591 
1 1591 
2 1169 1173 
4 1169 1820 1839 1840 
5 1169 1896 2019 2060 2124 
2 1388 1601 
2 1600 1928 
3 1388 1649 1728 
4 1368 1410 1604 1605 
3 1603 1740 1841 
1 1603 
2 1241 1827 
3 1155 1608 1609 
2 1607 1811 
3 1607 1628 1953 
1 1558 
2 1558 1612 
2 1611 2128 
2 1558 2144 
2 1485 1750 
2 1546 2044 
3 1309 1546 1870 
1 1618 
3 1184 1561 1617 
4 506 1620 1621 1622 
2 1482 1619 
3 1476 1619 1741 
2 1476 1619 
6 1419 1542 1624 1625 1626 1627 
2 1454 1623 
3 1545 1623 1627 
2 1419 1623 
3 1542 1623 1625 
4 1155 1609 1945 2027 
1 1561 
1 1184 
3 1184 1667 1767 
2 1590 2130 
3 1164 1590 2200 
3 1341 2872 2873 
1 1640 
2 1446 1648 
1 1757 
1 1446 
1 2234 
3 1383 1434 1635 
2 1215 1235 
1 1215 
3 1215 1644 1778 
4 1215 1643 2228 2229 
2 1173 1267 
2 1170 1647 
3 1646 2036 2038 
3 1636 1923 2133 
4 1264 1282 1396 1602 
2 1282 1880 
1 1652 
3 1360 1362 1651 
2 1654 1655 
3 1653 1740 1773 
2 1653 1753 
4 1409 1657 1658 1659 
3 1409 1656 1752 
3 1656 1755 1756 
3 1656 1756 2082 
2 1283 1288 
3 1283 1355 1725 
4 1283 1935 1957 2055 
4 1283 1935 2056 2085 
2 1665 1666 
2 1407 1664 
2 1664 1894 
2 1185 1631 
0 
1 1777 
1 1761 
4 1248 1503 1672 1673 
2 1537 1671 
2 1505 1671 
2 1310 1718 
2 1429 1739 
1 1745 
2 1732 1823 
2 1744 1825 
1 1390 
1 1681 
3 1680 1682 1683 
2 1681 1978 
2 1681 1979 
3 1263 1938 2137 
3 1383 1686 1687 
2 1685 1688 
3 1313 1315 1685 
2 1314 1686 
5 1243 1482 1690 1691 1692 
2 1486 1689 
2 1689 1827 
1 1689 
1 1361 
2 1503 1823 
3 1235 1314 1696 
4 1695 2140 2141 2142 
1 1224 
2 1224 1568 
1 2041 
2 1450 1701 
2 1700 1808 
2 1489 2084 
2 1489 1921 
2 1489 2195 
4 1706 1707 1708 1709 
3 1292 1705 1712 
2 1705 1709 
3 1705 1848 2048 
4 1705 1707 1889 2017 
1 1160 
1 1431 
2 1293 1706 
2 1288 1309 
2 1247 1715 
4 1714 1740 1834 1835 
2 1205 1737 
5 1144 1205 1213 1729 1737 
3 1674 1719 1720 
2 1718 2158 
2 1538 1718 
2 1160 1293 
2 1134 1160 
1 1160 
1 1160 
3 1355 1579 1661 
1 1727 
2 1264 1726 
3 1550 1602 1734 
5 1244 1330 1717 1730 1731 
2 1329 1729 
2 1242 1729 
2 1677 1733 
3 1732 2146 2154 
2 1728 1735 
2 1734 1742 
3 1508 1554 2155 
2 1716 1717 
2 1519 1559 
3 1505 1675 1740 
5 1604 1654 1715 1739 1774 
1 1621 
2 1735 1743 
1 1742 
1 1678 
1 1676 
2 1394 1434 
3 1565 1748 1749 
2 1193 1747 
2 1747 2182 
2 1614 1802 
3 1575 1865 2089 
1 1657 
2 1429 1655 
1 1352 
4 1352 1369 1658 1756 
3 1658 1659 1755 
2 1352 1637 
3 1512 1925 2073 
4 1149 1781 1782 1783 
2 1149 2135 
1 1670 
1 2119 
1 1264 
2 491 2105 
2 1146 1225 
3 1522 1767 1768 
2 1631 1766 
1 1766 
6 1370 1852 1859 1919 1927 2164 
2 1771 1772 
2 1770 2122 
2 1770 2144 
2 1430 1654 
1 1740 
2 1267 1820 
2 1267 1851 
2 1267 1669 
2 1198 1643 
3 1355 1943 2025 
4 1355 1937 2025 2196 
2 1307 1759 
2 1308 1759 
3 1759 1933 1934 
2 1362 2138 
1 2207 
1 2204 
1 2197 
1 2141 
1 2198 
1 2207 
1 2213 
1 2212 
2 1314 1380 
2 1314 1381 
7 1315 2173 2174 2175 2176 2177 2178 
1 1593 
1 1593 
2 1255 1593 
2 1440 2102 
4 1440 1442 1963 2015 
2 1292 1440 
2 1451 1750 
1 1292 
3 1576 2150 2220 
3 1576 2149 2170 
2 1391 2153 
1 1368 
2 1368 1701 
1 1207 
1 1811 
2 1608 1810 
5 1394 1963 2002 2152 2218 
2 1277 1374 
4 1374 1849 2109 2110 
1 1374 
4 1346 1817 1818 1819 
2 1816 1890 
2 1339 1816 
2 1816 2064 
3 1598 1775 1821 
1 1820 
3 1219 2185 2191 
6 1677 1694 2145 2146 2169 2190 
0 
1 1678 
1 2237 
2 1606 1691 
1 1193 
3 1477 1523 1830 
4 1829 1832 2069 2180 
3 1406 1473 1833 
5 1473 1830 2023 2134 2151 
1 1831 
1 1715 
2 1715 2161 
1 1470 
2 1470 1838 
2 1837 1921 
2 1598 2160 
4 1598 2062 2131 2187 
2 1604 2161 
2 1187 1466 
2 1250 1466 
2 1466 2061 
2 1466 2182 
0 
4 1131 1133 1999 2000 
2 1131 1708 
2 1305 1814 
2 1851 1852 
7 1776 1850 1858 1859 1860 1861 1862 
2 1769 1850 
2 1854 1855 
3 1853 1896 1901 
2 1853 2014 
2 1162 1857 
1 1856 
1 1851 
2 1769 1851 
2 1851 2007 
2 1851 2091 
2 1851 2071 
2 1864 1865 
4 1863 2010 2092 2121 
2 1751 1863 
2 1371 1867 
1 1866 
2 1869 1870 
2 1868 1982 
4 1549 1616 1868 2011 
4 1932 2012 2013 2014 
2 1896 2033 
0 
1 1895 
2 2032 2113 
1 2031 
0 
1 2215 
2 1880 1881 
2 1650 1879 
2 1879 1986 
2 1883 1884 
2 1882 2075 
2 1882 2015 
2 1190 1959 
3 1513 1887 1888 
2 1886 2074 
2 1513 1886 
2 1586 1709 
2 1817 1918 
1 1158 
1 1158 
2 1539 1563 
2 1194 1666 
2 1874 1896 
6 1599 1854 1872 1895 2030 2051 
3 1265 1899 1900 
2 1265 2164 
3 1897 1938 1971 
2 1897 1971 
2 1854 2172 
2 1903 1904 
2 1902 1951 
3 1902 2188 2189 
1 1297 
2 1298 1907 
1 1906 
3 1909 1910 1911 
3 1908 1910 2055 
2 1908 1909 
2 1908 2107 
3 1316 1917 1922 
3 1316 1915 1916 
2 1316 1915 
4 1316 1913 1914 1917 
3 1316 1913 1922 
3 1316 1912 1915 
2 1890 1919 
3 1769 1918 2026 
3 1587 1976 2053 
2 1703 1838 
4 1497 1912 1916 1923 
3 1648 1922 2133 
2 1925 1926 
3 1758 1924 2081 
2 1924 2081 
2 1371 1769 
2 1601 1929 
1 1928 
2 1931 1932 
2 1930 2116 
4 1871 1930 2157 2188 
1 1783 
2 1306 1783 
4 1662 1663 1936 1937 
3 1935 1938 1939 
3 1780 1935 1943 
3 1684 1899 1936 
2 1936 2184 
3 1941 1942 1943 
3 1940 2093 2171 
3 1940 2089 2220 
5 1779 1937 1940 2171 2196 
3 1945 1946 1947 
2 1628 1944 
2 1944 1952 
2 1944 1983 
3 1347 1577 1997 
3 1347 1950 2024 
2 1347 1949 
1 1903 
2 1946 1953 
2 1609 1952 
2 1955 1956 
2 1150 1954 
1 1954 
2 1350 1662 
2 1350 2085 
3 1885 1960 1961 
2 1959 1962 
2 1959 1977 
3 1960 2108 2129 
3 1800 1812 1964 
3 1963 2002 2015 
2 1163 2021 
2 1132 1967 
2 1966 2048 
2 1365 1969 
2 1365 1968 
2 1364 2108 
5 1371 1899 1900 1973 1974 
2 1371 2057 
4 1971 1998 2024 2026 
2 1971 2192 
2 1139 1460 
3 1588 1589 1920 
2 1961 2027 
2 1140 1682 
2 1220 1683 
3 1981 1982 1983 
2 1980 2121 
2 1869 1980 
3 1947 1980 2119 
2 1985 1986 
2 1276 1984 
3 1881 1984 2065 
2 1988 1989 
3 1987 1990 2095 
2 1251 1987 
1 1988 
2 1413 1992 
1 1991 
2 1994 1995 
2 1514 1993 
2 1993 1996 
2 1513 1995 
2 1948 1998 
3 1973 1997 2148 
1 1847 
2 1847 2108 
1 1524 
3 1442 1812 1964 
1 1442 
2 1427 2005 
2 1221 2004 
2 2007 2008 
5 1860 2006 2067 2068 2127 
2 1529 2006 
2 2010 2011 
2 1864 2009 
2 1870 2009 
3 1871 2098 2101 
2 1871 2034 
3 1855 1871 2029 
3 1800 1884 1964 
1 2017 
5 1510 1709 2016 2018 2039 
1 2017 
2 1599 2020 
2 2019 2116 
2 1387 1965 
2 1478 2023 
3 1832 2022 2134 
3 1949 1973 2025 
3 1779 1780 2024 
2 1919 1973 
3 1628 1977 2080 
2 2029 2030 
2 2014 2028 
2 1896 2028 
2 1876 2032 
2 1875 2031 
2 1872 2034 
3 2013 2033 2106 
2 2036 2037 
2 1647 2035 
1 2035 
1 1647 
2 1510 2017 
1 2041 
2 1699 2040 
2 1248 2043 
2 2042 2159 
2 1615 2045 
4 2044 2092 2093 2094 
2 1493 2047 
1 2046 
2 1708 1967 
1 2050 
2 1525 2049 
2 1896 2117 
1 1510 
2 1510 1920 
2 1513 2077 
3 1662 1909 2056 
2 1663 2055 
3 1577 1972 2147 
2 2059 2060 
2 2058 2132 
2 1599 2058 
1 1844 
1 1840 
2 1577 2064 
2 1819 2063 
2 1986 2120 
2 2067 2068 
2 2007 2066 
2 2007 2066 
2 1830 2070 
2 2069 2136 
2 1529 1862 
1 1529 
2 1758 2074 
2 1887 2073 
2 1883 2102 
2 1249 2143 
2 2054 2096 
2 2079 2080 
3 2078 2090 2179 
2 2027 2078 
2 1925 1926 
2 1269 1659 
1 1375 
2 1425 1702 
5 1547 1663 1958 2170 2171 
3 1547 2087 2162 
3 1548 2086 2107 
3 1548 2094 2162 
3 1751 1942 2090 
2 2079 2089 
2 1861 2117 
2 1864 2045 
2 1941 2045 
2 2045 2088 
1 1988 
2 2077 2123 
3 2098 2099 2100 
2 2012 2097 
4 2097 2100 2125 2126 
3 2097 2099 2194 
3 2012 2223 2226 
4 1799 2075 2103 2104 
1 2102 
2 2102 2231 
3 1407 1764 2151 
2 2034 2114 
2 1911 2087 
3 1962 1970 2000 
2 1814 2110 
2 1814 2109 
1 1566 
1 2113 
2 1875 2112 
2 2106 2115 
3 2114 2124 2172 
3 1931 2020 2157 
2 2051 2091 
1 1577 
4 1577 1762 1983 2179 
1 2065 
2 1864 1981 
2 1145 1771 
2 2096 2160 
2 1599 2115 
1 2099 
1 2099 
2 1495 2007 
2 1612 2139 
1 1962 
1 1632 
2 1840 2132 
2 2059 2131 
2 1648 1923 
3 1832 2023 2151 
1 1760 
2 2070 2180 
2 1684 2216 
1 1784 
2 1302 2128 
2 1696 2204 
2 1696 1788 
2 1696 2204 
1 2076 
5 1335 1613 1772 2165 2166 
2 1823 2146 
3 1733 1823 2145 
3 2057 2202 2219 
3 1998 2149 2150 
2 1805 2148 
2 1804 2148 
3 1832 2105 2134 
2 1812 2153 
4 1806 2152 2218 2221 
2 1733 2169 
2 1736 2156 
2 2155 2167 
2 1932 2116 
2 1719 2190 
1 2043 
3 1839 2123 2187 
3 1835 1841 2168 
2 2086 2088 
2 1589 2231 
2 1769 1898 
2 1303 2144 
1 2144 
1 2156 
1 2161 
2 1823 2154 
3 1805 2085 2196 
3 1941 1943 2085 
2 1901 2115 
2 1795 2199 
4 1272 1795 2175 2208 
3 1795 2174 2203 
2 1795 2210 
2 1795 2203 
2 1795 2203 
2 2079 2119 
3 1830 2136 2181 
1 2180 
2 1749 1845 
1 1401 
3 1939 2217 2219 
2 1822 2186 
1 2185 
3 1840 2160 2230 
2 1904 1932 
2 1904 2226 
2 1823 2158 
1 1822 
2 1974 2216 
1 1222 
1 2100 
1 1704 
3 1780 1943 2170 
2 1787 2198 
4 1271 1789 2197 2211 
3 2173 2209 2210 
2 1633 2201 
1 2200 
1 2147 
3 2175 2177 2178 
4 1786 2140 2142 2207 
1 1237 
1 1237 
3 1785 1790 2204 
3 2174 2209 2210 
3 2199 2208 2211 
3 2176 2199 2208 
2 2198 2209 
2 1792 2213 
2 1791 2212 
3 1232 1238 2227 
1 1878 
3 2137 2192 2217 
3 2184 2216 2222 
2 1812 2153 
2 2147 2184 
2 1804 1942 
1 2153 
1 2217 
1 2101 
1 1239 
1 1239 
2 2101 2189 
1 2214 
1 1644 
1 1644 
1 2187 
2 2104 2163 
1 1438 
1 1578 
1 1639 
2 2236 2237 
2 2235 2238 
2 1826 2235 
2 1594 2236 
2 2240 2241 
2 2239 2249 
2 2239 2249 
0 
2 2244 2245 
3 2243 2265 2266 
2 2243 2442 
2 2247 2248 
1 2246 
2 2246 2452 
3 450 2240 2241 
2 2251 2252 
3 2250 2305 2447 
4 2250 2360 4762 4777 
2 2254 2255 
4 457 2253 2292 2425 
2 2253 2320 
2 2257 2258 
2 2256 2293 
4 2256 2320 2391 2444 
2 2260 2261 
2 2259 2392 
2 2259 2263 
2 2263 2264 
3 2261 2262 2342 
2 457 2262 
4 2244 2266 2267 2268 
6 2244 2265 2267 2379 2399 2411 
3 2265 2266 2268 
5 2265 2267 2443 2448 2449 
1 2270 
3 446 2269 2271 
4 446 2270 2279 2280 
1 2278 
0 
1 2278 
2 2277 2435 
1 2435 
1 2275 
4 2272 2274 2390 2408 
2 2271 2282 
3 2271 2440 2441 
3 446 2301 2302 
2 2279 2422 
2 2284 2285 
2 2283 2290 
2 2283 2425 
1 2287 
2 2286 2291 
2 2289 2290 
2 2288 2292 
2 2284 2288 
2 2287 2298 
3 2254 2289 2356 
3 457 2257 2392 
3 2295 2296 2297 
2 2294 2319 
2 2294 2383 
7 2294 2450 2451 2452 2453 2454 2455 
2 2291 2436 
5 2300 2352 2353 2354 2355 
5 2299 2303 2400 2401 2402 
2 2281 2328 
3 2281 2348 2419 
2 2300 2308 
1 2305 
5 2251 2304 2306 2307 2308 
1 2305 
2 2305 2324 
5 2303 2305 2378 2379 2395 
2 2310 2311 
4 2309 2358 2389 2390 
1 2309 
2 2313 2314 
4 2312 2321 2416 2417 
2 2312 2412 
3 2316 2317 2318 
3 2315 2319 2320 
3 2315 2335 4430 
2 2315 2336 
2 2295 2316 
4 2255 2258 2316 2434 
2 2313 2322 
3 2321 2382 2422 
2 2324 2325 
2 2307 2323 
2 2323 2457 
3 2327 2328 2329 
3 2326 2328 2409 
7 2301 2326 2327 2420 2421 2426 2433 
2 2326 2348 
2 2331 2332 
2 2330 2349 
3 2330 2407 2439 
3 2334 2335 2336 
1 2333 
3 2317 2333 4570 
2 2318 2333 
0 
0 
1 2342 
3 2341 4454 4629 
5 2340 2451 4445 4568 4653 
2 2263 2339 
2 2344 2345 
2 2343 2386 
2 2343 2439 
2 2347 2348 
2 2346 2378 
7 2302 2329 2346 2411 2419 2420 2421 
3 2331 2397 2407 
1 2351 
4 2350 2374 2403 2404 
1 2299 
1 2299 
1 2299 
4 597 940 2299 2429 
2 2292 2359 
1 2358 
2 2310 2357 
2 2356 2360 
3 2252 2359 4800 
2 830 2362 
2 2361 2371 
5 2364 2365 2366 2367 2368 
3 2363 2369 2370 
1 2363 
1 2363 
2 2363 2368 
2 2363 2367 
1 2364 
2 2364 2409 
2 2362 2391 
1 2373 
2 2372 2374 
3 2351 2373 2375 
3 2374 2405 2406 
3 2377 2378 2379 
1 2376 
4 2308 2347 2376 2395 
3 2266 2308 2376 
2 2381 2382 
1 2380 
3 2322 2380 2416 
2 830 2296 
1 2385 
2 458 2384 
4 2344 2398 2423 2424 
1 2406 
1 2424 
2 2310 2390 
5 451 2278 2310 2389 2446 
2 2258 2371 
2 2260 2293 
1 2394 
1 2393 
2 2308 2378 
2 2397 2398 
2 2349 2396 
2 2386 2396 
1 2266 
1 2300 
1 2300 
2 140 2300 
2 2351 2404 
2 2351 2403 
1 2375 
3 873 2375 2387 
2 2332 2349 
2 431 2278 
2 2327 2370 
3 597 4455 4777 
2 2266 2348 
1 2314 
0 
0 
0 
2 2313 2382 
2 2313 2422 
1 2419 
3 2302 2348 2418 
2 2328 2348 
2 2328 2348 
3 2282 2322 2417 
1 2386 
3 2386 2388 2439 
2 2254 2285 
2 2328 2427 
1 2426 
2 2429 2430 
5 2355 2428 2431 2436 2437 
1 2428 
2 2429 2432 
2 596 2431 
1 2328 
2 2320 4658 
2 2275 2276 
2 2298 2429 
2 2429 2438 
4 2437 4799 4801 4803 
3 2332 2345 2424 
1 2280 
1 2280 
1 2245 
1 2268 
5 2258 4465 4488 4514 4676 
1 2446 
3 451 2390 2445 
2 2251 4777 
1 2268 
1 2268 
1 2297 
4 2297 2341 4600 4601 
2 2248 2297 
5 2297 2455 4600 4674 4675 
4 2297 4726 4727 4729 
3 2297 2453 4726 
4 830 4639 4688 4689 
1 2325 
2 2459 2460 
5 2458 4483 4484 4485 4486 
2 2458 4615 
1 2462 
3 2461 2463 2464 
5 2462 2562 2565 2566 2567 
7 2462 2565 2567 2599 2684 2696 2699 
6 547 2652 2947 2948 2949 2950 
2 2467 2468 
3 2466 2635 3053 
3 2466 2493 3054 
2 2470 2471 
6 2469 2515 2627 2631 2632 2633 
3 2469 2951 2952 
0 
0 
2 2475 2476 
2 2474 2477 
1 2474 
3 2475 2569 2870 
2 2479 2480 
2 2478 2852 
1 2478 
1 2496 
2 2589 2590 
1 2711 
4 2591 2592 2849 2867 
2 2590 2900 
1 2905 
1 2906 
1 2968 
1 3020 
1 2741 
2 2680 3023 
3 2493 2494 2495 
6 2468 2492 2634 2635 2636 2637 
3 2492 2680 2919 
5 2492 2691 2701 2972 2973 
3 2481 2856 2980 
0 
0 
2 2537 2538 
3 2721 2722 2723 
5 2587 2855 2875 2876 2877 
2 2916 2917 
1 2799 
1 2587 
0 
0 
1 3182 
2 2571 3242 
2 2510 2511 
4 124 2509 4186 4187 
3 2509 4162 4209 
1 2513 
5 2512 2514 2515 2516 2517 
1 2513 
5 2470 2513 2529 2702 2703 
4 2513 2686 2895 2896 
6 2513 2529 2592 2686 2907 2908 
5 2519 2520 2521 2522 2523 
1 2518 
3 2518 2524 2990 
1 2518 
4 2518 2523 2525 2883 
2 2518 2522 
3 2520 2525 2526 
7 2522 2524 2549 2672 2673 2882 2883 
1 2524 
3 2528 2529 2530 
7 2527 2601 2603 2644 2668 2669 2670 
7 2515 2517 2527 2598 2600 2804 2805 
1 2527 
5 1455 2532 2557 2558 2559 
3 1455 2531 3025 
5 1455 2534 3025 3102 3126 
5 1455 2533 2559 3048 3098 
1 2536 
2 2535 2722 
5 2499 2993 2994 2995 2996 
3 2499 2897 3291 
4 2540 2541 2542 2543 
1 2539 
6 2539 2543 2627 2628 2847 2848 
1 2539 
2 2539 2541 
2 2545 2546 
4 2544 2718 2747 2781 
5 2544 3007 3008 3009 3010 
1 2548 
3 2547 2549 2550 
3 2525 2548 2806 
7 2548 3014 3015 3016 3017 3018 3019 
4 2552 2553 2554 2555 
3 2551 2556 3021 
6 2551 2555 3040 3043 3044 3045 
3 2551 3040 3266 
2 2551 2553 
1 2552 
1 2531 
4 2531 2974 2975 3246 
3 2531 2534 2975 
1 2626 
0 
6 2463 2821 2824 2830 2871 2872 
2 2816 2984 
4 3012 3013 3024 3025 
4 1343 2463 2464 2599 
3 2463 2599 2610 
3 2463 2464 2878 
1 2569 
2 2477 2568 
1 2571 
3 2508 2570 2572 
3 2571 2885 2946 
4 548 2574 2575 2576 
4 548 2573 2622 2625 
1 2573 
1 2573 
4 2578 2579 2580 2581 
3 2577 2580 2581 
4 2577 3213 3214 3215 
3 2577 2578 2581 
3 2577 2578 2580 
0 
0 
2 2585 2586 
5 2584 2714 2715 2716 2717 
1 2584 
3 2501 2504 2588 
2 2587 2783 
1 2482 
3 2482 2485 2891 
3 2484 2592 2593 
8 2484 2517 2591 2640 2643 2644 2645 2646 
1 2591 
3 2595 2596 2597 
3 2594 2598 2604 
3 2594 2598 2605 
6 2594 2668 2924 2927 2928 2929 
7 2529 2595 2596 2599 2600 2601 2602 
5 2464 2565 2566 2598 2603 
3 2529 2598 2614 
3 2528 2598 2782 
1 2598 
3 2528 2599 2671 
2 2595 2605 
2 2596 2604 
2 2607 2608 
7 2606 2608 2693 2694 2912 3027 3028 
5 2606 2607 3161 3162 3163 
3 2610 2611 2612 
3 2566 2609 2613 
1 2609 
1 2609 
1 2610 
2 2600 2915 
4 2616 2617 2618 2619 
5 2615 2675 2676 2677 2678 
5 2615 2706 3057 3060 3061 
3 2615 2997 3262 
3 2615 2998 3264 
2 2637 2652 
2 3063 3067 
2 2574 3068 
2 2637 2733 
0 
6 548 2574 2716 2718 2719 2720 
2 2560 2918 
5 2470 2541 2628 2629 2630 
2 2541 2627 
2 2627 2630 
2 2627 2629 
3 2470 2753 2854 
1 2470 
2 2470 2880 
4 2493 2649 2650 2651 
4 2467 2493 2655 2657 
2 2493 2742 
7 2493 2620 2623 2647 2657 2732 2807 
1 2639 
2 2638 2739 
3 2592 2641 2642 
4 2640 2668 2922 2923 
3 2640 2924 2930 
3 2592 2849 3254 
3 2528 2592 3255 
1 2592 
1 2592 
2 2637 2648 
7 2647 2691 2943 2947 3028 3065 3087 
1 2634 
1 2634 
1 2634 
4 2465 2620 2947 3088 
3 2654 2655 2656 
2 2653 3089 
3 2635 2653 3090 
1 2653 
3 2635 2637 2691 
2 2659 2660 
6 2658 2748 2761 2762 2763 2764 
1 2658 
6 2662 2663 2664 2665 2666 2667 
7 2661 2663 2666 2724 2725 2726 2727 
4 2661 2662 2666 2853 
1 2661 
1 2661 
3 2661 2662 2663 
1 2661 
3 2528 2597 2641 
1 2528 
1 2528 
6 2603 2710 2720 2885 2892 2893 
3 2525 2673 2674 
3 2525 2672 2889 
1 2672 
7 2616 2704 2705 2706 2707 2708 2709 
4 2616 2677 3099 3100 
3 2616 2676 3099 
3 2616 2704 3257 
3 2680 2681 2682 
4 2491 2494 2679 2904 
1 2679 
1 2679 
1 2684 
3 2464 2683 2685 
1 2684 
4 2516 2517 2687 2688 
1 2686 
1 2686 
1 2690 
2 2689 2896 
4 2495 2648 2657 2943 
1 2693 
4 2607 2692 2694 2695 
2 2607 2693 
1 2693 
3 2464 2697 2698 
1 2696 
1 2696 
1 2464 
1 2701 
6 2495 2700 2874 2972 2973 3247 
3 2515 2849 2921 
1 2515 
3 2675 2678 2846 
2 2675 2894 
4 2617 2675 3061 3120 
2 2675 3121 
2 2675 3267 
3 2675 3206 3270 
1 2671 
6 2483 2900 2960 3123 3124 3125 
1 2713 
3 2712 2869 2896 
2 2585 2879 
2 2585 2810 
3 2585 2625 3119 
5 2585 3087 3127 3128 3129 
5 2545 2625 2746 2775 2776 
7 2625 2720 2746 2873 2884 2885 2886 
4 2625 2671 2719 2731 
4 2500 2722 2723 3172 
4 2500 2536 2721 2723 
7 2500 2721 2722 3274 3275 3276 3294 
4 2662 2728 2729 2730 
4 2662 2726 2761 3006 
4 2662 2725 2953 3196 
1 2662 
2 2724 2877 
3 2724 2730 3046 
3 2724 2729 3046 
2 1343 2720 
5 2637 2734 2735 2738 2739 
2 2623 2736 
2 2732 3134 
2 2732 3135 
1 2733 
0 
3 2732 2814 2815 
2 2639 2732 
1 2741 
3 2490 2740 2742 
4 2636 2741 2912 2913 
2 2744 2745 
3 2743 3064 3143 
1 2743 
2 2718 2719 
5 2545 2777 2778 2779 2780 
1 2659 
0 
0 
1 2752 
3 2751 2753 3059 
2 2631 2752 
4 2755 2759 3051 3052 
6 2754 2948 3052 3110 3133 3220 
3 3108 3112 3219 
0 
4 3064 3207 3288 3290 
1 2754 
3 548 637 4101 
3 2659 2725 2764 
4 2659 2785 2790 2795 
1 2659 
3 2659 2761 3192 
0 
0 
1 3158 
1 3159 
1 3160 
0 
0 
0 
1 3064 
0 
1 2718 
1 2718 
1 2747 
1 2747 
1 2747 
1 2747 
7 2545 3151 3152 3153 3154 3155 3156 
1 2601 
1 2588 
3 2791 2793 2798 
1 2762 
1 2792 
1 3169 
1 3170 
1 3171 
5 2762 2795 2855 2953 2954 
2 2784 3199 
4 2786 2901 3034 3035 
1 2784 
0 
2 2762 2790 
1 2798 
0 
4 2784 2796 3259 3260 
2 2503 3293 
3 2801 2802 2803 
4 2800 2803 2902 2903 
4 2800 2902 4094 4136 
7 2800 2801 4138 4159 4181 4185 4234 
1 2529 
1 2529 
3 2549 2860 3014 
1 2637 
1 3190 
4 2810 2811 2812 2813 
3 2715 2809 2901 
1 2809 
2 2809 3180 
2 2809 3180 
2 2738 2956 
1 2738 
4 2563 2817 2818 2819 
2 2816 3130 
2 2816 3184 
3 2816 2821 3216 
1 2821 
3 2562 2819 2820 
1 2823 
2 2822 2824 
3 2562 2823 2825 
2 2824 2971 
1 2827 
3 2826 2871 3188 
1 2829 
2 2828 2830 
3 2562 2829 2831 
2 2830 2832 
1 2831 
6 2834 2835 2836 2837 2838 2839 
5 2833 2837 3002 3003 3004 
1 2833 
1 2833 
2 2833 2834 
2 2833 2839 
3 2833 2838 3295 
0 
2 2885 3055 
2 2885 3104 
0 
0 
0 
2 2704 3229 
2 2541 2848 
2 2541 2847 
5 2484 2643 2702 2850 2851 
2 2849 3249 
1 2849 
1 2479 
1 2663 
1 2631 
2 2501 2790 
4 2496 2857 2866 2981 
3 2856 2865 2866 
0 
4 2860 2861 2898 3039 
7 2806 2859 2861 2863 3177 3178 3179 
3 2859 2860 3039 
0 
1 2860 
0 
1 2857 
2 2856 2857 
1 2484 
1 2869 
3 2713 2868 2896 
1 2477 
3 2562 2827 3026 
3 1634 2562 3191 
4 1634 2719 2882 2884 
1 2701 
2 2501 3204 
2 2501 3205 
2 2501 2728 
1 2567 
1 2714 
2 2633 2881 
2 2880 2906 
3 2525 2873 3221 
3 2522 2525 3030 
3 2719 2873 2899 
6 2572 2671 2719 2841 2842 2887 
2 2719 3227 
4 2885 2917 2944 3292 
1 2942 
2 2673 3228 
1 2891 
3 2590 2890 2920 
3 2671 2941 3297 
3 2671 2941 3298 
2 2705 3230 
1 2516 
4 2516 2690 2713 2869 
2 2538 3183 
2 2859 3231 
2 2884 3232 
4 2485 2711 3123 3164 
5 2792 2810 3034 3234 3235 
8 2801 2802 4098 4099 4101 4165 4217 4222 
2 2801 4302 
3 2680 3244 3245 
3 2486 3011 3236 
2 2487 2881 
1 2517 
1 2517 
2 2910 2911 
2 2909 3118 
3 2909 2989 3241 
5 2607 2742 3087 3173 3240 
2 2742 3163 
1 2915 
2 2614 2914 
1 2502 
2 2502 2887 
1 2626 
1 2494 
2 2891 3194 
1 2702 
4 2641 2924 2925 2926 
1 2641 
5 2597 2642 2922 2931 2938 
1 2922 
1 2922 
8 2597 2931 2932 2933 2934 2935 2936 2937 
1 2597 
1 2597 
1 2642 
4 2924 2927 2939 2940 
1 2927 
1 2927 
1 2927 
1 2927 
1 2927 
1 2927 
1 2924 
1 2931 
1 2931 
2 2892 2893 
1 2888 
2 2648 2691 
2 2887 2945 
1 2944 
1 2572 
7 2465 2648 2652 3063 3064 3065 3066 
6 2465 2755 2950 3110 3133 3136 
1 2465 
2 2465 2948 
1 2471 
1 2471 
4 2726 2790 2954 2955 
5 2790 2953 2955 3005 3006 
2 2953 2954 
1 2814 
2 2958 2959 
2 2957 3256 
2 2957 3256 
1 2711 
0 
5 2963 2964 2967 3131 3132 
6 2962 2964 2965 2966 3000 3132 
5 2962 2963 2967 3132 3217 
2 2963 2966 
2 2963 2965 
2 2962 2964 
1 2488 
1 550 
1 550 
1 2825 
5 2495 2701 2973 3250 3251 
3 2495 2701 2972 
6 2558 2975 2976 2977 2978 2979 
5 2558 2559 2974 3048 3091 
5 2974 2978 3044 3105 3106 
4 2974 2979 3048 3094 
2 2974 2976 
2 2974 2977 
1 2496 
1 2856 
1 2983 
5 2982 3150 3153 3154 3193 
1 2563 
2 2986 2987 
2 2985 2987 
4 2985 2986 3000 3001 
1 549 
3 549 2911 3239 
3 2520 2991 2992 
2 2990 3097 
3 2990 3095 3096 
2 2537 2996 
2 2537 2995 
2 2537 2994 
2 2537 2993 
1 2618 
1 2619 
1 3000 
4 2963 2987 2999 3001 
2 2987 3000 
2 2834 3003 
2 2834 3002 
1 2834 
2 2954 3006 
4 2725 2954 3005 3296 
1 2546 
1 2546 
1 2546 
1 2546 
1 2905 
2 2564 3013 
5 2564 3012 3101 3102 3103 
6 2550 2806 3018 3174 3175 3176 
1 2550 
3 2550 3017 3019 
3 2550 3016 3019 
2 2550 3014 
3 2550 3016 3017 
1 2489 
2 2552 3022 
1 3021 
1 2491 
2 2564 3025 
4 2532 2533 2564 3024 
1 2871 
2 2607 3028 
5 2607 2648 3027 3087 3142 
4 3030 3031 3032 3033 
3 2883 3029 3033 
1 3029 
1 3029 
2 3029 3030 
4 2792 2901 3035 3036 
2 2792 3034 
1 3034 
1 4003 
1 4001 
2 2859 2861 
7 2553 2554 3041 3042 3043 3044 3045 
1 3040 
2 3040 3045 
5 2553 3040 3044 3045 3060 
6 2553 2976 3040 3043 3106 3141 
5 2553 3040 3042 3043 3157 
2 2729 2730 
3 3048 3049 3050 
7 2534 2975 2977 3047 3049 3091 3098 
4 3047 3048 3252 3253 
1 3047 
1 2754 
2 2754 2755 
1 2467 
1 2468 
1 2841 
1 3057 
3 2617 3056 3060 
1 3059 
2 2752 3058 
4 2617 3043 3057 3062 
3 2617 2706 3120 
1 3060 
2 2621 2947 
8 2744 2758 2773 2947 3065 3066 3143 3207 
5 2648 2947 3064 3066 3265 
3 2947 3064 3065 
1 2621 
1 2622 
1 3070 
2 3069 3279 
1 3072 
2 3071 3262 
1 3074 
2 3073 3281 
1 3076 
2 3075 3277 
1 3078 
2 3077 3281 
1 3080 
2 3079 3256 
1 3082 
2 3081 3264 
1 3084 
2 3083 3268 
1 3086 
2 3085 3278 
6 2648 2717 2912 3028 3129 3173 
1 2652 
1 2654 
1 2655 
3 2975 3048 3092 
1 3091 
1 3094 
2 2977 3093 
2 2992 3096 
3 2992 3095 3097 
5 2991 3096 3122 3144 3145 
2 2534 3048 
2 2676 2677 
1 2676 
1 3013 
5 2533 3013 3103 3126 3233 
2 3013 3102 
1 2842 
1 2976 
3 2976 3044 3141 
2 3108 3109 
7 2756 3107 3110 3111 3112 3113 3114 
1 3107 
4 2755 2948 3108 3133 
1 3108 
2 2756 3108 
1 3108 
1 3108 
1 550 
1 550 
0 
1 2910 
1 2716 
2 2706 3061 
1 2707 
1 3097 
2 2711 2900 
2 2711 3125 
2 2711 3124 
4 2533 3102 3237 3238 
1 2717 
1 2717 
2 2717 3087 
1 2817 
1 2962 
3 2962 2963 2964 
3 2755 2948 3110 
1 2734 
1 2735 
1 2948 
1 552 
1 553 
1 554 
1 551 
2 3044 3106 
1 3028 
2 2744 3064 
1 3097 
1 3097 
2 3147 3148 
2 3146 3148 
2 3146 3147 
3 3153 3200 3202 
2 2983 3154 
2 2781 3152 
2 2781 3151 
4 2781 2983 3149 3287 
4 2781 2983 3150 3155 
2 2781 3154 
1 2781 
1 3045 
1 2767 
1 2768 
1 2769 
2 2608 3163 
1 2608 
4 2608 2913 3161 3286 
1 2900 
1 3166 
2 3165 3270 
1 3168 
2 3167 3269 
1 2787 
1 2788 
1 2789 
1 2721 
2 2912 3087 
3 3014 3175 3176 
3 3014 3174 3176 
5 3014 3174 3175 3284 3285 
3 2860 3178 3179 
6 2860 3177 3179 3243 3272 3289 
3 2860 3177 3178 
3 2812 2813 3181 
1 3180 
1 2507 
1 2897 
4 2818 3185 3186 3187 
2 3184 3187 
1 3184 
2 3184 3185 
2 2827 3189 
1 3188 
1 2808 
1 2872 
1 2764 
1 2983 
2 2920 3195 
1 3194 
2 2726 3203 
1 3198 
2 3197 3277 
1 2791 
3 3149 3201 3202 
1 3200 
4 3149 3200 3211 3212 
1 3196 
1 2875 
1 2876 
1 2709 
2 2758 3064 
1 3209 
1 3208 
0 
1 3202 
1 3202 
1 2579 
1 2579 
2 2579 4066 
1 2819 
1 2964 
1 555 
1 2756 
1 2755 
1 2882 
2 3223 3225 
2 3222 3225 
1 3226 
2 3222 3223 
1 3224 
1 2886 
1 2889 
1 2846 
1 2894 
1 2898 
1 2899 
1 3102 
1 2901 
1 2901 
1 2905 
2 3126 3238 
2 3126 3237 
1 2989 
1 2912 
1 2911 
1 2508 
1 3178 
2 2904 3245 
2 2904 3244 
1 2558 
1 2701 
1 3249 
2 2850 3248 
2 2972 3251 
2 2972 3250 
1 3049 
1 3049 
1 2643 
1 2644 
4 2958 2959 3080 3269 
2 2678 3258 
1 3257 
2 2798 3260 
4 2798 3259 3273 3283 
1 3262 
3 2618 3072 3261 
1 3264 
3 2619 3082 3263 
1 3065 
1 2554 
3 2708 3268 3269 
3 3084 3267 3281 
3 3168 3256 3267 
3 2709 3166 3271 
3 3270 3278 3279 
1 3178 
1 3260 
3 2723 3275 3276 
3 2723 3274 3276 
3 2723 3274 3275 
3 3076 3198 3278 
3 3086 3271 3277 
3 3070 3271 3280 
1 3279 
3 3074 3078 3268 
1 3283 
2 3260 3282 
2 3176 3285 
2 3176 3284 
1 3163 
1 3153 
1 2758 
1 3178 
1 2758 
1 2538 
1 2887 
1 2799 
1 2723 
1 2839 
1 3006 
1 2892 
1 2893 
3 3300 3301 3302 
7 3299 3578 3580 3581 3584 3585 3586 
2 3299 3426 
1 3299 
4 3304 3305 3306 3307 
3 3303 3308 3309 
3 3303 3437 3438 
1 3303 
2 3303 3352 
4 3304 3320 3369 3371 
3 3304 4450 4575 
5 3311 3312 3313 3314 3315 
4 3310 3316 3317 3318 
2 3310 3416 
2 3310 3611 
3 3310 3434 3676 
3 3310 3723 3724 
8 3311 3318 3353 3357 3358 3359 3360 3361 
2 3311 3417 
4 3311 3316 3433 3436 
2 3320 3321 
5 3308 3319 3322 3323 3324 
3 3319 3701 3703 
1 3320 
1 3320 
1 3320 
1 3326 
3 3325 3327 3626 
3 3326 3328 3329 
2 3327 3412 
3 3327 3711 3766 
3 3331 3332 3333 
1 3330 
3 3330 3435 3745 
2 3330 3441 
0 
0 
0 
1 3338 
5 3337 3382 3591 3617 3642 
7 3340 3341 3342 3343 3344 3345 3346 
4 3339 3425 3458 3459 
2 3339 3598 
1 3339 
1 3339 
2 3339 3387 
3 3339 3426 3597 
2 3339 3383 
5 3348 3349 3350 3351 3352 
1 3347 
3 3347 3428 3552 
2 3347 3735 
3 3347 3429 3704 
3 3307 3347 3764 
4 3316 3354 3355 3356 
2 3353 3641 
3 3353 3638 3640 
3 3353 3435 3755 
2 3316 3500 
1 3316 
1 3316 
1 3316 
3 3316 3589 3614 
1 3363 
2 3362 3528 
4 3367 3403 3404 3405 
3 3377 3439 3440 
3 3424 3504 3506 
1 3364 
2 3411 3674 
2 3308 3370 
2 3369 3735 
2 3308 3411 
3 3373 3374 3375 
2 3372 3531 
3 10 3372 3560 
4 3372 3457 3558 3559 
6 3377 3378 3379 3380 3381 3382 
7 3365 3376 3383 3384 3385 3386 3387 
1 3376 
2 3376 3652 
3 3376 3651 3695 
2 3376 3689 
2 3338 3376 
7 3346 3377 3423 3483 3484 3485 3486 
1 3377 
1 3377 
2 3377 3480 
2 3344 3377 
2 3389 3390 
2 3388 3647 
3 3388 4788 4807 
5 3392 3393 3394 3395 3396 
3 3391 3562 3586 
7 3391 3588 3632 3663 3664 3666 3670 
2 3391 3455 
2 3391 3455 
2 3391 3578 
5 3398 3399 3400 3401 3402 
5 3397 3463 3483 3509 3510 
3 3397 3545 3700 
1 3397 
1 3397 
3 3397 3464 3742 
4 3364 3418 3421 3422 
2 3364 3479 
2 3364 3481 
4 3407 3408 3409 3410 
3 3406 3411 3412 
3 3406 3633 3635 
2 3406 3758 
3 3406 3432 3635 
6 3368 3371 3407 3428 3431 3432 
4 3328 3407 3461 3462 
2 3414 3415 
5 3413 3436 3450 3451 3454 
5 3413 3490 3491 3612 3683 
3 3312 3611 3726 
5 3317 3723 3724 3728 3729 
3 3403 3419 3420 
2 3418 3767 
3 3418 3543 3623 
1 3403 
2 3403 3671 
2 3383 3499 
1 3366 
1 3340 
3 3301 3345 3671 
1 3485 
4 3349 3411 3429 3430 
2 3351 3428 
3 3428 3609 3765 
1 3411 
3 3410 3411 4766 
3 3318 3434 3435 
2 3314 3433 
7 3332 3356 3433 3500 3502 3746 3748 
5 3318 3414 3453 3471 4460 
2 3305 3703 
2 3305 4557 
1 3365 
5 3365 4456 4458 4632 4651 
5 3333 3442 3443 3444 3445 
3 3441 3465 3472 
3 3441 3608 3609 
2 3441 3736 
2 3441 4775 
1 3447 
2 3446 3747 
1 3449 
2 3448 3754 
1 3414 
3 3414 3452 3453 
2 3451 3612 
3 3436 3451 3521 
2 3414 3589 
8 10 3394 3395 3456 3457 3458 3459 3460 
1 3455 
2 3375 3455 
2 3340 3455 
2 3340 3455 
2 3455 3593 
3 3412 3570 3571 
4 3412 4768 4792 4822 
2 3398 3464 
3 3402 3463 3557 
6 3442 3466 3467 3468 3469 3470 
2 3465 3471 
2 3465 3565 
4 3465 3567 3574 3756 
2 3465 3751 
2 3465 3763 
3 3436 3466 4790 
3 3442 3573 3716 
5 3474 3475 3476 3477 3478 
1 3473 
1 3473 
1 3473 
2 3473 3685 
2 3473 3685 
1 3404 
1 3386 
1 3405 
1 3696 
3 3383 3398 3511 
2 3383 3512 
3 3383 3427 3714 
3 3383 4483 4529 
4 3488 3489 3490 3491 
3 3487 3601 3602 
5 3487 3605 3614 3653 3654 
3 3415 3487 3682 
2 3415 3487 
0 
2 3534 3610 
1 3615 
1 3618 
2 3691 3725 
0 
0 
1 3423 
5 3357 3435 3501 3502 3503 
3 3500 3619 3731 
4 3435 3500 3746 3761 
2 3500 3761 
5 3366 3505 3506 3507 3508 
1 3504 
2 3366 3504 
4 3504 3730 3733 3757 
3 3504 3658 3734 
1 3398 
4 3398 3511 4610 4615 
3 3483 3510 3512 
6 3484 3511 3754 4445 4452 4453 
2 3514 3515 
1 3513 
3 3513 4478 4520 
2 3517 3518 
2 3516 3719 
5 3516 4536 4626 4627 4628 
1 3520 
3 3519 3521 3522 
2 3453 3520 
2 3520 3523 
2 3522 3607 
4 3525 3526 3527 3528 
1 3524 
3 3524 3613 3614 
2 3524 3606 
3 3363 3524 3675 
0 
1 3531 
7 3373 3530 3532 3533 3594 3595 3610 
1 3531 
1 3531 
1 3493 
1 3536 
3 3535 3649 3650 
3 3538 3539 3540 
1 3537 
1 3537 
3 3537 4426 4456 
1 3542 
5 3541 3548 4793 4794 4795 
1 3420 
1 3545 
3 3399 3544 3720 
1 3547 
2 3546 3631 
1 3542 
1 3550 
4 3549 3624 3625 3626 
0 
1 3349 
1 3554 
2 3553 3764 
1 3556 
2 3555 3610 
1 3464 
1 3375 
1 3375 
1 3374 
2 3562 3563 
3 3392 3561 3563 
5 5 3561 3562 3650 3658 
3 3565 3566 3567 
4 3467 3564 3568 3569 
1 3564 
3 3468 3564 3717 
2 3565 3716 
2 3565 3576 
2 3461 3571 
2 3461 3570 
2 3573 3574 
4 3472 3572 3636 3637 
2 3468 3572 
1 3576 
2 3569 3575 
1 3578 
6 3300 3396 3577 3579 3582 3583 
1 3578 
1 3300 
1 3300 
2 3578 3688 
2 3578 3767 
3 3300 3686 3687 
1 3300 
2 3300 3392 
1 3588 
2 3393 3587 
2 3361 3454 
2 3591 3592 
2 3338 3590 
2 3590 3685 
1 3460 
3 3531 3595 3596 
2 3531 3594 
1 3594 
1 3345 
2 3341 3696 
2 5 3600 
1 3599 
1 3488 
4 3488 3603 3604 3605 
1 3602 
2 3602 3684 
2 3489 3602 
2 3527 3607 
2 3523 3606 
1 3443 
2 3430 3443 
3 3493 3531 3556 
2 3313 3416 
2 3415 3452 
2 3526 3614 
4 3361 3489 3526 3613 
2 3494 3644 
2 3617 3618 
2 3338 3616 
2 3495 3616 
1 3501 
2 3621 3622 
1 3620 
1 3620 
1 3420 
1 3550 
1 3550 
4 3326 3550 3656 3768 
2 3628 3629 
4 3627 3656 3712 3713 
2 3627 3648 
1 3631 
2 3547 3630 
1 3393 
2 3408 3634 
1 3633 
2 3408 3410 
1 3573 
1 3573 
1 3355 
1 3640 
3 3355 3639 3641 
2 3354 3640 
2 3338 3672 
0 
1 3615 
1 3732 
1 3732 
2 3389 3711 
1 3629 
1 3536 
2 3536 3563 
1 3380 
2 3379 3690 
2 3489 3655 
2 3489 3683 
3 3653 3759 3760 
2 3626 3628 
1 3658 
3 3508 3563 3657 
1 3660 
2 3659 3716 
3 3662 3663 3664 
1 3661 
3 3393 3661 3665 
3 3393 3661 3668 
3 3663 3666 3667 
3 3393 3665 3668 
1 3665 
3 3664 3666 3669 
1 3668 
3 8 3393 3692 
2 3422 3426 
2 3642 3685 
2 3674 3675 
2 3368 3673 
2 3528 3673 
1 3314 
1 3678 
2 3677 3683 
1 3680 
2 3679 3682 
1 3682 
5 3490 3680 3681 3683 3684 
4 3415 3654 3678 3682 
2 3604 3682 
4 3477 3478 3592 3672 
1 3584 
2 3584 3730 
1 3582 
1 3381 
2 3652 3691 
2 3496 3690 
1 3670 
2 3694 3695 
1 3693 
2 3380 3693 
2 3482 3598 
1 3698 
3 3697 3715 3766 
1 3700 
2 3399 3699 
2 3321 3702 
1 3701 
2 3321 3437 
1 3351 
3 3706 3707 3708 
2 3705 3740 
1 3705 
2 3705 3758 
1 3710 
2 3709 4805 
2 3329 3647 
1 3628 
2 3628 3744 
1 3485 
1 3698 
3 3472 3568 3660 
2 3567 3718 
3 3717 3738 3741 
1 3517 
1 3545 
1 3722 
3 3721 3736 3737 
2 3315 3417 
2 3315 3417 
1 3496 
2 3416 3727 
1 3726 
1 3417 
1 3417 
2 3507 3687 
1 3501 
2 3645 3646 
1 3507 
1 3508 
2 3350 3370 
2 3444 3722 
1 3722 
2 3718 3739 
1 3738 
2 3706 3743 
1 3718 
1 3402 
2 3740 3744 
3 3713 3743 3753 
1 3332 
2 3435 3502 
2 3447 3748 
2 3435 3747 
1 8 
1 3751 
2 3469 3750 
1 3753 
5 3744 3752 4765 4806 4822 
4 3449 3512 4453 4626 
1 3356 
1 3468 
1 3507 
2 3409 3708 
1 3655 
1 3655 
2 3502 3503 
1 3763 
2 3470 3762 
2 3352 3554 
1 3430 
2 3329 3698 
2 3419 3583 
1 3626 
2 3770 3771 
3 3769 3783 3808 
2 3769 3773 
3 3773 3774 3775 
7 3771 3772 3776 3796 3797 3798 3799 
1 3772 
4 3772 3776 3850 3851 
2 3773 3775 
3 3778 3779 3780 
2 3777 3815 
3 3777 3852 3867 
2 3777 3852 
3 3782 3783 3784 
2 3781 3785 
2 3770 3781 
3 3781 3816 3817 
5 3782 3795 3812 3816 3832 
1 3787 
4 3786 3788 3789 3790 
6 3787 3791 3818 3823 3848 3849 
3 3787 3790 3821 
2 3787 3789 
3 3788 3792 3793 
1 3791 
2 3791 3953 
1 3795 
3 3785 3794 3796 
3 3773 3795 3799 
1 3773 
1 3773 
2 3773 3796 
4 3801 3802 3803 3804 
1 3800 
3 3800 3805 3806 
2 3800 3840 
1 3800 
3 794 3802 3865 
3 3802 3866 3949 
1 3808 
3 3770 3807 3961 
2 198 3834 
4 3811 3812 3813 3814 
1 3810 
8 3785 3810 3832 3835 3836 3837 3838 3839 
3 3810 3902 3903 
3 3810 3927 3928 
3 3778 3850 3852 
7 3784 3785 3819 3820 3847 3853 3861 
7 3784 3826 3869 3870 3904 3915 3918 
6 3788 3819 3820 3821 3822 3823 
2 3816 3818 
2 3816 3818 
5 3789 3818 3822 3843 3878 
2 3818 3821 
3 3788 3818 3901 
6 794 3825 3826 3827 3828 3829 
2 3824 3892 
3 3817 3824 3917 
3 3824 3900 3915 
3 3824 3859 3944 
3 3824 3898 3944 
2 794 3831 
2 3830 3847 
6 794 3785 3812 3833 3840 3841 
5 794 3832 3862 3863 3864 
3 794 3809 3943 
3 3812 3865 3918 
1 3812 
2 3812 3902 
2 3812 3928 
2 3812 3915 
3 3803 3832 3842 
2 3832 3851 
5 3840 3843 3844 3845 3846 
2 3821 3842 
1 3842 
2 3842 3938 
2 3842 3897 
2 3816 3831 
1 3788 
3 3788 3898 3899 
2 3775 3815 
8 3775 3841 3877 3940 3941 3948 3954 3955 
6 3779 3780 3815 3866 3867 3868 
8 3816 3854 3855 3856 3857 3858 3859 3860 
1 3853 
2 3853 3935 
2 3853 3857 
3 3853 3856 3859 
3 3853 3894 3935 
5 3828 3853 3857 3899 3952 
1 3853 
1 3816 
1 3833 
1 3833 
1 3833 
6 3805 3835 3886 3904 3945 3958 
2 3806 3852 
2 3779 3852 
2 3852 3905 
2 3817 3870 
3 3817 3869 3880 
1 3872 
3 3871 3873 3874 
2 3872 3885 
3 3872 3921 3950 
2 3876 3877 
3 3875 3948 3949 
2 3851 3875 
1 3821 
2 3880 3881 
3 3870 3879 3882 
2 3879 3889 
3 3880 3887 3891 
3 3884 3885 3886 
1 3883 
3 3873 3883 3920 
3 3865 3883 3957 
2 3882 3888 
3 3887 3904 3950 
3 3881 3890 3891 
1 3889 
2 3882 3889 
3 3825 3893 3894 
1 3892 
3 3858 3892 3956 
1 3896 
2 3895 3950 
1 3846 
4 3829 3849 3900 3901 
3 3849 3859 3951 
2 3827 3898 
2 3823 3898 
2 3813 3837 
5 3813 3931 3937 3938 3946 
3 3817 3865 3888 
3 3868 3906 3907 
1 3905 
2 3905 3933 
3 3909 3910 3911 
2 3908 3912 
1 3908 
2 3908 3959 
2 3909 3913 
2 3912 3914 
1 3913 
5 3817 3827 3839 3916 3917 
1 3915 
2 3826 3915 
2 3817 3835 
1 3923 
1 3885 
1 3874 
1 3941 
3 3919 3957 3960 
2 3925 3926 
3 3924 3942 3945 
3 3924 3946 3947 
1 3814 
3 3814 3838 3936 
2 3930 3931 
1 3929 
2 3903 3929 
1 3933 
3 3907 3932 3934 
2 3933 3939 
3 3855 3858 3956 
1 3928 
2 3903 3938 
3 3845 3903 3937 
2 3934 3955 
2 3851 3941 
3 3851 3922 3940 
1 3925 
1 3834 
2 3828 3829 
2 3865 3925 
2 3903 3926 
1 3926 
2 3851 3876 
2 3806 3876 
3 3874 3888 3896 
2 3899 3952 
3 3859 3951 3953 
2 3793 3952 
2 3851 3955 
3 3851 3939 3954 
2 3894 3935 
3 3886 3923 3958 
2 3865 3957 
1 3911 
1 3923 
1 3808 
1 3963 
3 3962 3981 4022 
3 3965 3966 3967 
3 3964 3988 3989 
2 3964 3991 
3 3964 4020 4052 
2 3969 3970 
2 3968 3971 
2 3968 4048 
3 3969 3972 4025 
2 3971 3973 
2 3972 3991 
1 3975 
3 3974 4011 4054 
2 3977 3978 
3 3976 3978 4030 
5 3976 3977 4018 4028 4049 
4 3980 3981 3982 3983 
5 3979 3983 4010 4011 4012 
3 3963 3979 4046 
2 3979 4083 
2 3979 3980 
3 3985 3986 3987 
4 3984 4013 4014 4015 
2 3984 4080 
2 3984 4053 
6 3965 3990 3991 3992 3993 3994 
2 3965 3997 
3 3988 4008 4009 
8 3966 3973 3988 3996 4026 4027 4028 4029 
1 3988 
2 3988 3996 
3 3988 4018 4050 
3 3996 3997 3998 
5 3991 3993 3995 3999 4000 
2 3989 3995 
2 3995 4047 
2 3996 4047 
2 3996 4061 
3 3038 4002 4003 
4 4001 4004 4006 4007 
5 3037 4001 4040 4044 4070 
2 4002 4005 
3 4004 4058 4074 
2 4002 4051 
4 4002 4009 4060 4068 
1 3990 
3 3990 4007 4028 
4 496 3980 4022 4033 
6 3975 3980 4050 4071 4072 4073 
2 3980 4082 
1 3985 
1 3985 
4 3985 4016 4018 4019 
2 4015 4017 
3 4016 4020 4021 
7 3978 3994 4015 4052 4062 4067 4068 
2 4015 4086 
4 3967 4017 4041 4042 
2 4017 4052 
2 3963 4010 
1 4024 
3 4023 4033 4090 
2 3971 4045 
1 3991 
1 3991 
4 3978 3991 4009 4065 
1 3991 
2 3977 4031 
5 4030 4051 4057 4062 4068 
2 596 4045 
2 4010 4024 
2 4035 4036 
2 4034 4053 
2 4034 4054 
2 4038 4039 
2 4037 4040 
2 4037 4063 
2 4003 4038 
1 4020 
1 4020 
1 4044 
4 4003 4043 4063 4066 
2 4025 4032 
3 3981 4073 4082 
2 3998 3999 
2 3970 4075 
2 3978 4050 
4 3994 4011 4049 4069 
5 4006 4031 4060 4068 4069 
3 3967 4018 4021 
3 3987 4035 4054 
3 3975 4036 4053 
4 4056 4057 4058 4059 
2 4055 4057 
3 4031 4055 4056 
2 4005 4055 
2 4055 4068 
2 4007 4051 
1 4000 
2 4018 4031 
3 4039 4044 4064 
2 4063 4070 
1 4028 
2 3215 4044 
1 4018 
5 4007 4018 4031 4051 4059 
2 4050 4051 
2 4003 4064 
1 4011 
1 4011 
2 4011 4046 
1 4005 
2 4048 4076 
2 4075 4077 
3 4076 4078 4079 
2 4077 4085 
2 4077 4085 
1 3986 
2 4082 4083 
4 4012 4046 4081 4084 
2 3982 4081 
1 4082 
4 4078 4079 4122 4124 
4 4019 4087 4088 4089 
1 4086 
1 4086 
1 4086 
1 4024 
1 4092 
5 4091 4094 4096 4097 4098 
1 4094 
5 2802 4092 4093 4095 4096 
1 4094 
5 4092 4094 4108 4109 4110 
1 4092 
6 2902 4092 4155 4195 4217 4231 
4 2902 4100 4101 4102 
5 4099 4107 4115 4238 4239 
7 2760 2902 4099 4106 4222 4280 4291 
1 4099 
2 4104 4105 
3 4103 4106 4107 
3 4103 4314 4315 
8 635 4101 4104 4107 4165 4190 4248 4260 
4 4100 4104 4106 4261 
5 4096 4136 4175 4176 4177 
4 4096 4110 4142 4230 
3 4096 4109 4142 
1 4112 
4 4111 4113 4114 4115 
1 4112 
2 4112 4239 
2 4100 4112 
2 4117 4118 
4 4116 4144 4145 4146 
2 4116 4173 
2 4120 4121 
5 4119 4144 4147 4174 4214 
5 4119 4305 4306 4307 4308 
1 4085 
1 4124 
6 4085 4123 4132 4150 4151 4152 
5 4126 4127 4128 4129 4130 
2 4125 4128 
1 4125 
3 4125 4126 4159 
1 4125 
3 4125 4300 4301 
4 4132 4133 4134 4135 
5 4124 4131 4144 4207 4208 
1 4131 
1 4131 
1 4131 
5 2802 4108 4155 4156 4157 
4 4138 4139 4140 4141 
4 2803 4137 4142 4143 
1 4137 
1 4137 
1 4137 
4 4109 4110 4138 4235 
1 4138 
7 4117 4120 4132 4201 4211 4212 4213 
3 4117 4212 4318 
1 4117 
3 4120 4148 4149 
1 4147 
1 4147 
2 4124 4153 
2 4124 4154 
2 4124 4206 
2 4150 4258 
1 4151 
6 4098 4136 4171 4193 4196 4200 
5 4136 4171 4191 4218 4222 
2 4136 4299 
3 533 4159 4181 
6 533 2803 4128 4158 4181 4292 
1 533 
2 212 4235 
4 522 2511 4163 4164 
3 520 4162 4210 
1 4162 
3 635 2902 4106 
3 4167 4168 4169 
4 4166 4170 4171 4172 
1 4166 
1 4166 
3 4167 4178 4179 
6 4155 4156 4167 4172 4215 4217 
2 4167 4171 
3 194 4118 4174 
4 637 4120 4173 4233 
4 4108 4203 4204 4205 
2 4108 4177 
3 4108 4176 4272 
1 4170 
1 4170 
1 4181 
7 2803 4158 4159 4180 4182 4183 4185 
1 4181 
2 4181 4184 
1 4183 
3 2803 4181 4259 
1 2510 
1 2510 
1 4189 
2 4188 4190 
5 4106 4189 4240 4248 4266 
2 4156 4192 
2 635 4191 
3 4155 4194 4195 
1 4193 
5 4098 4193 4227 4228 4229 
4 4155 4197 4198 4199 
5 4196 4223 4224 4225 4226 
1 4196 
1 4196 
7 4155 4293 4294 4295 4296 4297 4298 
2 4144 4202 
3 4201 4244 4245 
1 4175 
1 4175 
1 4175 
2 607 4152 
3 4132 4208 4243 
4 4132 4207 4278 4279 
1 2511 
1 4163 
6 4144 4281 4282 4283 4284 4285 
2 4144 4145 
2 4144 4233 
3 4120 4236 4237 
2 4171 4216 
1 4215 
7 2902 4098 4171 4262 4263 4264 4265 
4 4156 4219 4220 4221 
1 4218 
1 4218 
1 4218 
3 2902 4101 4156 
1 4197 
1 4197 
1 4197 
1 4197 
1 4195 
1 4195 
1 4195 
1 4109 
2 4098 4232 
1 4231 
2 4174 4213 
3 637 2803 4235 
4 637 4142 4161 4234 
1 4214 
1 4214 
6 4100 4251 4252 4253 4254 4255 
3 4100 4114 4290 
3 4190 4241 4242 
1 4240 
1 4240 
1 4207 
1 4202 
1 4202 
1 943 
1 943 
4 4106 4190 4249 4250 
3 4248 4256 4257 
1 4248 
5 4238 4286 4287 4288 4289 
1 4238 
1 4238 
1 4238 
1 4238 
1 4249 
1 4249 
1 4153 
1 4185 
6 4106 4273 4274 4275 4276 4277 
3 4107 4309 4310 
1 4217 
1 4217 
1 4217 
1 4217 
4 4190 4267 4268 4269 
1 4266 
1 4266 
1 4266 
0 
0 
1 4177 
1 4260 
1 4260 
1 4260 
1 4260 
1 4260 
1 4208 
1 4208 
1 4101 
1 4211 
1 4211 
1 4211 
1 4211 
1 4211 
1 4251 
1 4251 
1 4251 
1 4251 
3 4239 4303 4304 
3 4101 4316 4317 
1 4159 
1 4200 
1 4200 
1 4200 
1 4200 
1 4200 
1 4200 
1 4157 
1 4130 
1 4130 
1 2903 
1 4290 
1 4290 
1 4121 
1 4121 
1 4121 
4 4121 4311 4312 4313 
1 4261 
1 4261 
1 4308 
1 4308 
1 4308 
1 4105 
1 4105 
1 4291 
1 4291 
1 4145 
3 4320 4321 4322 
2 4319 4349 
1 4319 
3 4319 4350 4371 
1 4324 
3 4323 4325 4329 
2 4324 4326 
3 4325 4339 4368 
1 4328 
4 4327 4336 4354 4355 
2 4324 4339 
3 4332 4334 4341 
4 4335 4337 4339 4345 
2 4330 4334 
2 4336 4354 
2 4330 4332 
1 4331 
4 4328 4333 4354 4355 
4 4331 4338 4339 4340 
2 4337 4372 
6 4326 4329 4331 4337 4360 4373 
3 4337 4372 4375 
1 4330 
1 4343 
2 338 4342 
0 
1 4331 
5 395 4347 4381 4382 4384 
3 395 4346 4384 
3 4349 4353 4377 
5 4320 4348 4350 4351 4384 
5 4322 4349 4371 4384 4393 
1 4349 
1 4353 
3 4348 4352 4388 
4 4328 4333 4336 4355 
3 4328 4336 4354 
0 
1 4359 
0 
1 4357 
2 4339 4362 
0 
1 4360 
0 
1 4365 
2 4364 4366 
4 4365 4374 4376 4378 
3 311 4381 4382 
3 4326 4369 4370 
2 4368 4392 
1 4368 
2 4322 4350 
2 4338 4340 
1 4339 
2 4366 4375 
4 4340 4374 4376 4377 
5 4366 4375 4377 4378 4385 
3 4348 4375 4376 
3 4366 4376 4387 
0 
0 
2 4346 4367 
2 4346 4367 
1 4384 
5 4346 4347 4349 4350 4383 
2 4376 4388 
1 338 
1 4378 
2 4353 4385 
0 
0 
0 
1 4369 
1 4350 
1 4395 
4 371 4394 4396 4397 
4 371 4395 4397 4407 
4 4395 4396 4404 4408 
2 4399 4400 
1 4398 
2 371 4398 
1 414 
2 4403 4404 
1 4402 
2 4397 4402 
1 388 
1 371 
4 1320 4396 4408 4409 
4 1320 4397 4407 4410 
1 4407 
1 4408 
1 107 
1 903 
1 903 
1 4415 
2 4414 4416 
1 4415 
1 4418 
2 4417 4419 
1 4418 
0 
0 
0 
0 
1 53 
2 4426 4427 
7 3540 4425 4428 4457 4466 4467 4468 
3 4425 4495 4602 
2 4426 4429 
2 4428 4523 
5 2317 4431 4432 4433 4434 
3 4430 4559 4560 
6 4430 4565 4616 4617 4633 4648 
3 4430 4489 4663 
1 4430 
3 4436 4437 4438 
2 4435 4669 
3 4435 4562 4667 
1 4435 
2 4440 4441 
2 4439 4451 
3 4439 4459 4641 
1 4443 
2 4442 4504 
5 4445 4446 4447 4448 4449 
4 2341 3512 4444 4450 
4 4444 4517 4518 4519 
3 4444 4649 4650 
2 4444 4508 
2 4444 4589 
7 3309 4445 4577 4784 4808 4809 4810 
1 4440 
3 3512 4454 4455 
4 3512 3754 4487 4537 
5 2340 4452 4630 4631 4632 
4 2410 4452 4767 4768 
2 3440 3540 
2 4426 4458 
2 3440 4457 
3 4441 4460 4461 
3 3436 4459 4462 
1 4459 
2 4460 4481 
2 4464 4465 
3 4463 4473 4587 
2 2444 4463 
2 4426 4497 
2 4426 4563 
2 4426 4554 
3 4470 4471 4472 
3 4469 4473 4474 
2 4469 4499 
2 4469 4597 
4 4464 4470 4639 4640 
3 4470 4500 4693 
2 4476 4477 
2 4475 4497 
4 4475 4611 4613 4614 
2 3515 4479 
2 4478 4519 
2 4481 4482 
5 4462 4480 4502 4505 4506 
3 4480 4594 4606 
3 2459 3486 4487 
1 2459 
2 2459 4598 
2 2459 4531 
2 4453 4483 
4 2444 4489 4490 4491 
2 4433 4488 
3 4488 4658 4659 
1 4488 
2 4493 4494 
2 4492 4567 
2 4492 4521 
2 4427 4496 
3 4495 4529 4555 
3 4466 4476 4747 
3 4499 4500 4501 
3 4471 4498 4500 
3 4474 4498 4499 
2 4498 4758 
2 4481 4503 
2 4502 4504 
3 4443 4503 4673 
1 4481 
1 4481 
1 4508 
3 4448 4507 4509 
3 4508 4608 4612 
2 4511 4512 
4 4510 4535 4546 4551 
3 4510 4532 4599 
2 4514 4515 
3 2444 4513 4516 
2 4513 4597 
2 4514 4592 
4 4446 4564 4589 4590 
2 4446 4633 
2 4446 4479 
3 3515 4662 4677 
2 4494 4522 
4 4521 4608 4653 4657 
4 4429 4524 4525 4526 
4 4523 4538 4539 4540 
3 4523 4651 4652 
1 4523 
3 4528 4529 4530 
1 4527 
3 3486 4496 4527 
2 4527 4556 
2 4486 4532 
3 4512 4531 4638 
3 4534 4535 4536 
2 4533 4537 
4 4511 4533 4603 4604 
2 3518 4533 
3 4453 4534 4634 
3 4524 4669 4686 
1 4524 
2 4524 4679 
2 4542 4543 
8 4541 4544 4545 4546 4547 4548 4549 4550 
2 4541 4578 
1 4542 
3 4542 4605 4645 
3 4511 4542 4661 
3 4542 4690 4692 
1 4542 
1 4542 
1 4542 
2 4511 4746 
2 4553 4554 
2 4552 4562 
4 4468 4552 4657 4666 
2 4496 4556 
4 4530 4555 4591 4605 
2 3438 4558 
5 4557 4575 4623 4655 4685 
1 4431 
1 4431 
1 4562 
3 4437 4553 4561 
2 4467 4641 
3 4517 4565 4566 
3 4432 4564 4646 
1 4564 
3 4493 4568 4569 
6 2341 4567 4569 4571 4624 4644 
3 4567 4568 4681 
5 2335 4571 4572 4573 4574 
3 4568 4570 4588 
1 4570 
2 4570 4680 
3 4570 4635 4644 
4 3309 4558 4576 4577 
3 4575 4622 4623 
4 4450 4575 4762 4764 
5 4543 4579 4580 4581 4582 
3 4578 4682 4685 
1 4578 
1 4578 
1 4578 
3 4584 4585 4586 
2 4583 4622 
1 4583 
1 4583 
1 4464 
2 4571 4760 
3 4449 4517 4590 
2 4517 4589 
1 4556 
3 4516 4609 4676 
2 4594 4595 
3 4482 4593 4596 
1 4593 
1 4594 
2 4472 4515 
2 4485 4599 
2 4512 4598 
3 2451 2453 4664 
3 2451 4700 4714 
2 4427 4614 
1 4535 
1 4535 
2 4545 4556 
2 4482 4607 
3 4606 4669 4679 
2 4509 4522 
1 4592 
2 3510 4611 
3 4477 4610 4636 
1 4509 
1 4477 
2 4477 4602 
2 2460 3510 
5 4432 4617 4618 4619 4620 
3 4432 4616 4621 
1 4616 
1 4616 
1 4616 
3 4617 4648 4670 
2 4576 4584 
3 4558 4576 4678 
2 4568 4625 
3 4624 4650 4668 
2 3518 3754 
3 3518 4634 4662 
3 3518 4744 4745 
1 2340 
1 4454 
1 4454 
2 3440 4454 
4 4432 4518 4647 4761 
2 4537 4627 
1 4574 
2 4611 4637 
1 4636 
1 4532 
3 2456 4473 4687 
2 4473 4755 
2 4441 4563 
2 4643 4644 
1 4642 
3 4568 4574 4642 
1 4545 
1 4565 
1 4633 
3 4432 4621 4671 
1 4447 
3 4447 4625 4660 
4 3440 4525 4653 4654 
2 4525 4667 
3 2341 4522 4651 
2 4651 4669 
2 4558 4656 
1 4655 
2 4522 4554 
3 2434 4490 4684 
2 4490 4756 
1 4650 
1 4546 
2 4520 4627 
2 4433 4752 
5 4600 4699 4704 4735 4736 
1 4666 
2 4554 4665 
2 4437 4652 
1 4625 
4 4436 4538 4607 4654 
1 4621 
2 4648 4672 
1 4671 
1 4504 
4 2453 4721 4723 4739 
2 2453 4716 
2 2444 4592 
1 4520 
2 4623 4749 
2 4540 4607 
2 4573 4759 
1 4569 
2 4579 4683 
1 4682 
1 4658 
2 4558 4579 
1 4538 
1 4639 
1 2456 
2 863 2456 
2 4547 4691 
1 4690 
1 4547 
3 4474 4754 4755 
2 4695 4696 
2 4694 4711 
2 4694 4704 
2 4698 4699 
2 4697 4709 
2 4664 4697 
2 4601 4701 
2 4700 4702 
2 4701 4703 
2 4702 4714 
5 4664 4696 4705 4706 4707 
5 4704 4708 4712 4717 4732 
2 4704 4708 
1 4704 
2 4705 4706 
2 4698 4710 
2 4709 4711 
2 4695 4710 
2 4705 4713 
6 4712 4715 4722 4725 4730 4731 
2 4601 4703 
2 4713 4716 
5 4675 4715 4723 4733 4738 
2 4705 4718 
2 4717 4722 
2 4720 4721 
2 4719 4734 
2 4674 4719 
2 4713 4718 
3 4674 4716 4724 
3 4723 4742 4743 
2 4713 4726 
3 2454 2455 4725 
3 2454 4728 4729 
1 4727 
3 2454 4727 4751 
1 4713 
1 4713 
2 4705 4733 
2 4716 4732 
2 4720 4737 
2 4664 4740 
1 4664 
2 4734 4738 
2 4716 4737 
2 4674 4741 
2 4735 4741 
2 4739 4740 
1 4724 
1 4724 
1 4628 
1 4628 
1 4551 
2 4497 4748 
1 4747 
2 4678 4750 
1 4749 
1 4729 
1 4663 
1 4754 
2 4693 4753 
3 4640 4693 4757 
1 4659 
1 4755 
1 4501 
1 4680 
1 4588 
1 4633 
3 2252 4577 4763 
3 4762 4765 4777 
2 4577 4765 
3 3753 4763 4764 
3 3432 4771 4810 
4 4455 4784 4787 4788 
3 3462 4455 4788 
2 4770 4771 
2 4769 4824 
3 4766 4769 4824 
3 4773 4774 4775 
2 4772 4790 
1 4772 
3 3445 4772 4832 
1 4777 
5 2252 2410 2447 4763 4776 
3 4779 4780 4781 
1 4778 
2 4778 4814 
2 4778 4782 
2 4781 4783 
2 4782 4815 
4 4450 4767 4785 4786 
1 4784 
1 4784 
1 4767 
4 3390 4767 4768 4822 
1 4790 
5 3471 4773 4789 4791 4792 
3 4790 4814 4817 
3 3462 4790 4812 
3 3542 4828 4829 
2 3542 4825 
2 3542 4816 
2 1091 4797 
2 138 4796 
2 224 4799 
3 2438 4798 4804 
1 2360 
2 2438 4802 
2 138 4801 
1 2438 
1 4799 
2 3710 4806 
2 3753 4805 
2 1124 3390 
1 4450 
1 4450 
3 4450 4766 4823 
2 4812 4813 
3 4792 4811 4821 
2 4811 4833 
4 4780 4791 4815 4816 
2 4783 4814 
2 4795 4814 
2 138 4791 
1 4830 
0 
2 4830 4833 
1 4812 
3 3462 3753 4788 
1 4810 
2 4770 4771 
4 1124 4794 4826 4827 
2 4825 4828 
2 4825 4831 
2 4793 4826 
1 4793 
2 4818 4820 
1 4827 
1 4775 
2 4813 4820 
2 863 4835 
2 4834 4842 
1 12 
2 12 4839 
2 869 4839 
2 4837 4838 
2 869 4841 
2 898 4840 
1 4835 
