5000
5000
0
2 1153 5 
2 6 7 
2 8 9 
0
1 1 
2 2 12 
2 2 12 
3 3 11 60 
1 3 
2 35 38 
2 8 59 
3 6 7 41 
0
1 15 
3 14 18 19 
0
0
2 15 24 
3 15 22 25 
2 25 26 
1 30 
1 19 
1 105 
2 18 58 
3 19 20 27 
3 20 27 28 
3 25 26 29 
3 26 29 30 
3 27 28 31 
4 21 28 32 33 
2 29 34 
2 30 105 
1 30 
2 31 38 
3 10 36 37 
2 35 40 
2 35 41 
2 10 34 
0
2 36 90 
3 12 37 88 
2 44 45 
0
3 42 49 50 
3 42 51 52 
3 53 56 57 
3 53 54 55 
0
2 44 65 
3 44 65 66 
1 45 
2 45 62 
3 46 47 432 
4 47 429 431 432 
2 47 431 
1 46 
1 46 
2 24 110 
3 11 60 61 
3 8 59 82 
3 59 82 691 
2 52 438 
2 66 438 
0
3 49 50 427 
3 50 63 97 
3 68 69 70 
3 67 71 72 
1 67 
3 67 73 74 
3 68 75 76 
1 68 
3 3658 70 140 
2 70 147 
2 71 2121 
2 71 2123 
2 79 80 
0
1 77 
2 77 84 
2 86 87 
3 60 61 85 
0
3 80 216 2527 
2 82 91 
3 81 681 696 
3 81 694 715 
1 41 
2 122 124 
1 40 
2 85 128 
2 93 94 
4 92 96 97 98 
3 4115 92 99 
0
1 93 
2 66 93 
4 93 102 103 104 
3 94 101 137 
1 438 
1 99 
2 98 434 
1 98 
1 98 
3 404 23 32 
2 107 108 
1 106 
3 106 110 111 
0
2 58 108 
2 108 171 
1 169 
2 114 197 
3 113 198 199 
1 116 
3 115 117 118 
3 116 119 120 
1 116 
2 117 121 
3 117 121 123 
3 119 120 122 
2 89 121 
3 120 133 134 
2 89 125 
1 124 
0
1 132 
2 91 341 
2 130 131 
1 129 
3 129 135 136 
3 127 138 151 
3 123 148 149 
3 123 148 150 
3 131 136 138 
2 131 135 
1 99 
3 132 135 139 
2 138 153 
3 73 142 143 
0
1 140 
3 140 167 168 
1 2161 
2 2161 2165 
0
1 74 
3 133 134 169 
2 133 170 
1 134 
3 132 153 154 
0
3 139 151 209 
2 151 172 
0
2 159 161 
1 163 
2 161 162 
1 156 
0
4 156 158 165 166 
2 158 165 
2 157 186 
1 275 
2 161 162 
2 161 278 
1 143 
1 143 
2 112 148 
3 149 207 210 
1 111 
2 154 173 
3 172 175 176 
0
2 173 216 
1 173 
1 215 
1 218 
2 180 181 
4 179 182 183 184 
2 179 183 
3 180 185 187 
4 180 181 185 186 
2 180 186 
3 182 183 306 
4 163 183 184 359 
1 182 
4 189 190 191 192 
2 188 193 
1 188 
3 188 194 195 
4 188 193 194 196 
2 189 192 
4 1357 191 192 1148 
3 191 1146 1147 
1 192 
3 113 198 200 
3 114 197 203 
1 114 
3 197 201 202 
3 200 210 211 
1 200 
4 198 204 205 206 
3 203 206 225 
3 203 236 237 
3 203 204 226 
2 170 221 
2 221 223 
2 153 224 
4 170 201 212 213 
2 201 214 
1 210 
1 210 
2 211 231 
3 177 216 217 
3 84 175 215 
3 215 2527 2570 
3 178 224 2622 
0
0
3 207 208 222 
3 221 229 230 
3 208 227 228 
3 209 218 266 
1 204 
1 206 
2 223 232 
2 223 239 
1 222 
2 222 232 
1 214 
2 227 230 
0
2 242 243 
2 242 244 
1 205 
1 205 
0
3 228 241 247 
2 243 248 
2 239 247 
3 234 235 245 
3 234 240 245 
3 235 245 246 
3 242 243 244 
1 244 
3 239 241 249 
3 240 250 251 
3 247 252 253 
3 248 254 255 
1 248 
3 249 258 263 
1 249 
3 250 256 257 
3 250 258 259 
1 254 
3 254 261 262 
3 252 255 259 
3 255 258 269 
0
1 257 
2 257 281 
3 252 264 265 
1 263 
4 263 266 267 268 
3 224 265 2623 
1 265 
3 265 343 2639 
3 259 270 271 
3 269 271 281 
3 269 270 291 
2 274 275 
0
3 272 276 279 
2 164 272 
3 274 277 280 
2 276 280 
2 166 280 
3 274 306 307 
4 276 277 278 371 
3 262 270 292 
0
3 284 285 286 
1 283 
2 283 290 
3 283 288 289 
0
2 286 3697 
1 286 
2 285 296 
1 271 
1 281 
0
2 319 344 
1 343 
1 290 
0
1 3981 
2 302 303 
2 304 305 
0
3 299 1930 1931 
3 299 1932 1933 
3 300 2066 2071 
1 300 
2 185 279 
2 279 389 
3 309 310 311 
1 308 
3 308 314 315 
2 308 313 
0
2 311 336 
3 310 334 337 
3 310 317 339 
2 607 609 
3 315 611 2748 
2 2654 2749 
2 294 342 
1 343 
3 322 323 324 
3 321 325 326 
1 321 
2 321 328 
3 322 330 331 
3 322 332 333 
0
4 324 330 596 597 
0
3 325 328 595 
3 325 598 599 
2 326 1757 
3 326 598 1797 
2 314 336 
0
2 313 334 
2 314 338 
2 337 340 
2 315 340 
2 338 339 
1 128 
2 319 345 
3 268 295 320 
1 294 
2 342 346 
2 345 628 
2 348 349 
2 347 351 
2 347 353 
0
3 348 354 355 
0
3 349 4744 4745 
3 351 4496 4739 
3 351 4740 4741 
2 4528 4543 
2 4512 4551 
0
1 186 
2 361 362 
3 360 363 364 
3 360 365 366 
3 361 367 368 
3 361 369 370 
2 2942 362 
1 362 
1 363 
1 363 
1 364 
1 364 
3 280 388 389 
3 373 374 375 
4 372 376 377 378 
1 372 
3 372 379 380 
4 373 381 382 383 
3 373 386 387 
3 373 384 385 
1 375 
1 375 
1 376 
1 376 
1 376 
2 378 3609 
1 378 
1 377 
1 377 
1 371 
2 307 371 
2 391 392 
2 390 393 
3 390 394 395 
3 391 396 397 
3 392 421 422 
1 392 
1 393 
1 393 
3 399 400 401 
4 3142 398 400 402 
3 398 399 405 
3 398 403 404 
4 399 406 407 408 
1 401 
3 105 401 408 
2 400 466 
1 402 
2 402 408 
3 402 404 407 
4 410 411 412 413 
1 409 
4 409 414 415 416 
5 2968 409 418 419 420 
2 409 417 
2 411 417 
1 411 
1 411 
2 413 414 
1 412 
1 412 
1 412 
3 394 423 424 
3 394 425 426 
1 421 
3 421 425 437 
2 422 424 
3 422 448 449 
1 65 
0
4 54 430 435 436 
3 429 433 434 
2 54 55 
3 53 54 435 
2 430 436 
2 102 430 
2 429 432 
2 429 433 
1 424 
3 62 63 100 
3 440 441 442 
3 439 441 443 
3 439 440 447 
4 439 444 445 446 
1 440 
1 442 
1 442 
1 442 
1 441 
3 426 449 1397 
3 426 448 1398 
4 451 452 453 454 
3 450 455 456 
3 450 457 458 
4 450 456 458 459 
4 450 460 461 462 
3 451 463 464 
3 451 453 465 
1 452 
2 452 453 
2 453 465 
1 454 
2 454 462 
2 454 461 
1 455 
1 455 
2 456 459 
1 405 
3 468 469 470 
1 467 
3 467 471 472 
4 467 473 474 475 
1 469 
3 469 495 496 
1 470 
1 470 
1 470 
2 477 479 
1 476 
0
3 476 482 483 
1 3535 
2 539 3577 
3 479 3573 3576 
3 479 3553 3575 
3 485 486 487 
3 1745 484 489 
1 484 
3 484 490 491 
0
1 485 
3 487 1316 3297 
1 487 
3 1103 3440 3441 
2 3440 3467 
2 3467 3504 
1 472 
1 472 
4 498 499 500 501 
1 497 
3 497 502 503 
3 497 505 506 
3 497 507 508 
3 499 513 569 
1 499 
0
2 500 3535 
1 500 
3 501 558 560 
3 501 3793 3794 
4 510 511 512 513 
1 509 
3 509 514 515 
1 509 
3 502 509 516 
3 511 517 518 
3 511 521 522 
1 513 
1 514 
3 514 519 520 
1 518 
2 518 523 
1 515 
1 515 
3 520 536 537 
0
0
2 529 530 
2 528 531 
2 527 529 
3 526 528 532 
1 526 
4 527 533 534 535 
2 529 535 
2 531 534 
2 531 533 
2 531 532 
2 523 538 
1 523 
2 536 539 
3 481 538 558 
1 541 
3 540 542 543 
2 541 1012 
1 541 
3 545 546 547 
2 544 548 
3 544 550 551 
2 544 552 
3 545 551 554 
0
3 546 561 564 
4 546 548 554 2181 
1 547 
0
4 548 551 2179 2180 
2 2184 2187 
1 4687 
0
3 507 539 559 
1 558 
1 507 
3 550 562 563 
3 561 565 566 
4 561 565 567 568 
1 550 
4 562 563 568 4562 
1 562 
1 563 
3 563 565 4567 
1 502 
3 571 572 573 
1 570 
3 570 573 574 
3 570 572 575 
2 572 576 
1 573 
1 574 
3 578 579 580 
3 577 581 582 
1 577 
3 577 583 584 
3 578 585 586 
1 578 
1 580 
3 580 711 712 
3 581 813 3532 
3 581 711 1460 
1 588 
3 587 589 590 
3 588 591 592 
3 588 593 594 
3 589 2984 2985 
1 589 
1 590 
1 590 
1 330 
3 328 1824 1825 
2 328 1827 
3 331 333 1796 
1 331 
2 601 603 
1 600 
0
3 600 604 606 
2 603 625 
2 625 627 
4 603 626 627 4971 
2 316 608 
3 607 610 611 
3 316 612 613 
2 608 2763 
3 317 608 2764 
3 609 2743 2750 
2 609 2751 
3 615 616 617 
3 614 618 619 
1 614 
3 614 620 621 
3 615 622 623 
3 615 620 624 
4 617 619 2695 2696 
3 617 2697 2698 
3 618 2637 2638 
1 618 
1 619 
3 604 605 626 
2 606 625 
2 605 606 
2 346 2874 
0
1 631 
2 630 634 
1 635 
0
3 631 637 638 
3 632 639 640 
1 641 
3 634 652 653 
2 634 655 
3 635 663 664 
3 635 652 663 
3 636 666 671 
0
1 644 
3 643 645 646 
3 644 647 649 
3 644 650 651 
2 645 785 
0
1 645 
3 646 2548 2564 
3 646 2536 2564 
3 637 640 653 
3 637 652 654 
4 653 678 679 680 
3 638 662 787 
1 657 
3 656 658 659 
3 657 660 661 
2 657 662 
1 658 
3 658 681 682 
3 655 659 700 
2 639 640 
3 639 666 667 
0
2 641 664 
1 664 
0
3 672 673 674 
2 671 675 
3 641 670 904 
2 669 675 
1 669 
1 669 
3 670 672 705 
2 680 688 
2 732 784 
3 654 683 684 
1 654 
3 654 676 688 
2 86 661 
2 661 693 
3 678 685 686 
3 678 685 687 
3 683 684 686 
2 683 685 
3 684 698 700 
2 676 680 
0
1 691 
3 61 690 692 
3 691 693 694 
2 682 692 
3 87 692 716 
0
2 86 710 
2 708 709 
2 687 699 
3 698 701 702 
3 662 687 703 
1 699 
2 699 713 
1 700 
0
3 675 706 707 
1 705 
2 705 947 
4 697 728 734 735 
1 697 
1 696 
3 584 586 1459 
3 584 3536 3537 
1 702 
2 727 732 
1 87 
1 694 
2 718 719 
3 717 720 721 
3 717 722 723 
3 718 722 724 
1 718 
4 719 720 725 726 
1 719 
2 720 725 
2 722 724 
1 722 
4 714 728 729 730 
3 708 727 731 
3 727 730 731 
3 727 729 733 
2 728 729 
4 677 714 733 784 
3 730 732 784 
3 708 737 738 
1 708 
0
3 734 740 743 
2 734 743 
2 740 741 
2 737 739 
2 739 742 
3 741 782 783 
2 737 738 
0
3 748 749 750 
2 751 752 
1 750 
3 745 753 754 
3 745 755 757 
3 745 747 758 
3 746 2432 2434 
3 746 2433 2434 
3 748 755 2303 
3 748 2303 2304 
2 749 753 
0
2 749 2334 
2 750 2439 
3 760 761 762 
3 759 763 764 
1 759 
4 759 765 766 767 
3 760 768 769 
3 760 770 771 
1 762 
1 762 
3 3821 762 771 
1 763 
1 763 
1 764 
2 764 767 
3 773 774 775 
3 772 776 777 
3 772 778 779 
1 772 
3 773 780 781 
1 773 
1 774 
1 774 
1 776 
1 776 
3 742 2565 2573 
1 742 
3 677 732 733 
1 647 
0
1 655 
2 789 928 
2 788 898 
2 792 793 
0
1 790 
3 790 796 797 
2 798 800 
3 800 801 802 
1 793 
3 793 1443 1449 
3 794 3439 3442 
0
3 794 795 3439 
2 795 3460 
1 795 
3 804 805 806 
1 803 
3 803 807 808 
3 803 809 810 
3 805 3502 3514 
1 805 
3 806 811 814 
3 806 3760 3761 
3 809 812 813 
1 811 
3 585 811 815 
1 809 
3 813 3795 3796 
1 3534 
2 818 819 
2 817 820 
3 817 821 822 
2 818 823 
2 819 1085 
2 819 1082 
3 820 1149 1150 
1 825 
3 824 826 827 
3 825 830 831 
1 825 
0
0
2 826 1107 
1 826 
3 833 834 835 
3 832 836 837 
3 832 838 839 
2 832 841 
1 833 
1 833 
3 834 842 843 
1 834 
0
3 835 847 848 
3 838 1114 1115 
1 838 
2 849 850 
2 847 851 
2 849 853 
3 841 845 854 
1 841 
3 844 846 858 
1 844 
2 845 854 
0
2 846 1087 
3 847 851 856 
0
3 854 860 862 
2 868 882 
2 849 874 
2 861 880 
3 856 905 906 
2 859 983 
1 856 
2 1081 1083 
2 978 1008 
3 866 867 868 
3 865 869 870 
2 865 872 
3 857 865 873 
3 866 874 875 
1 866 
0
3 867 876 877 
1 868 
3 858 869 982 
1 869 
2 872 982 
2 872 881 
0
2 922 923 
1 859 
1 877 
1 857 
3 884 885 886 
3 883 887 888 
3 883 891 892 
3 883 889 890 
3 884 893 894 
1 884 
1 886 
1 886 
2 885 949 
1 885 
3 887 895 900 
2 887 920 
3 893 896 897 
3 895 898 899 
1 895 
2 789 896 
2 896 901 
3 893 902 903 
2 899 982 
1 900 
2 4530 900 
2 671 946 
2 860 998 
2 860 975 
3 908 909 910 
2 907 912 
2 907 910 
2 907 909 
0
3 908 915 916 
0
0
3 912 917 3182 
1 912 
2 915 3164 
2 1035 1086 
2 1086 3190 
2 894 921 
2 920 927 
2 879 924 
3 879 925 926 
2 922 1021 
3 923 966 969 
1 923 
3 921 928 929 
2 788 927 
2 927 931 
0
2 929 947 
1 933 
2 932 935 
0
3 933 938 939 
2 975 976 
1 977 
3 935 1077 1078 
1 935 
3 941 942 943 
1 940 
3 940 944 945 
1 940 
1 942 
1 942 
1 904 
3 707 931 988 
0
1 891 
1 984 
2 989 990 
2 991 992 
3 954 955 956 
4 953 957 958 959 
1 953 
3 953 960 961 
3 954 962 963 
2 954 965 
3 954 961 964 
1 956 
4 956 959 973 974 
2 1006 957 
1 957 
1 959 
1 958 
3 925 967 968 
3 966 970 971 
2 966 972 
1 925 
3 967 971 980 
3 967 970 980 
3 968 3013 3015 
2 961 1963 
1 961 
4 906 936 978 979 
1 936 
3 2408 937 1236 
3 864 975 1007 
2 4149 975 
3 970 971 981 
4 980 995 999 1006 
3 874 876 901 
2 861 995 
3 950 986 987 
0
3 984 1020 1096 
1 984 
2 947 993 
2 951 993 
1 951 
1 952 
4 952 3020 3021 3022 
2 988 989 
0
2 981 983 
2 999 1000 
2 1001 1002 
3 905 1004 1005 
3 981 996 1006 
1 996 
4 997 1006 3019 3023 
1 997 
0
1 998 
1 998 
5 962 981 999 1001 3019 
1 978 
1 864 
1 1010 
3 1009 1011 1012 
3 1010 1013 1014 
3 542 1010 1015 
3 1011 1902 1903 
1 1011 
1 1012 
4 1017 1018 1019 1020 
3 1016 1021 1022 
4 1016 1020 1023 1024 
1 1016 
3 986 1016 1018 
3 924 1017 1025 
1 1017 
1 1018 
1 1018 
1 1021 
2 1027 1028 
3 1026 1030 1031 
1 1026 
0
3 1027 1035 1036 
1 1027 
2 2610 2684 
2 3216 3238 
2 2797 3242 
2 918 1030 
1 1030 
0
3 1039 1040 1041 
3 1038 1042 1043 
3 1038 1047 1048 
4 1038 1044 1045 1046 
3 1039 1049 1050 
1 1039 
2 1041 1913 
1 1041 
1 1041 
3 1040 1910 2699 
1 1040 
3 1042 1910 1911 
4 1042 1912 1913 1914 
3 1052 1053 1054 
1 1051 
3 1051 1055 1056 
3 1051 1057 1058 
3 1053 3544 3578 
1 1053 
2 1054 3616 
1 1054 
4 1060 1061 1062 1063 
1 1059 
3 1059 1065 1066 
2 1059 1064 
1 1059 
1 1062 
1 1061 
1 1061 
5 1068 1069 1070 1071 1072 
1 1067 
1 1067 
1 1067 
3 1067 1073 1074 
3 1067 1075 1076 
3 1071 1089 1092 
3 1071 3260 3289 
1 1072 
1 1072 
1 938 
3 938 1079 1080 
3 1078 1254 1277 
1 1078 
4 863 1082 1083 1084 
4 822 1081 1084 1085 
3 863 1081 1084 
4 1081 1082 1083 1085 
3 821 1082 1084 
4 918 919 2613 2909 
2 853 1088 
2 1087 1116 
3 1073 1090 1091 
1 1089 
3 1089 1093 1094 
2 1073 1095 
1 1091 
1 1091 
2 1092 3260 
1 986 
3 1098 1099 1100 
3 1097 1101 1102 
1 1097 
3 1097 1103 1104 
3 1098 1105 1106 
1 1098 
3 492 1100 1318 
1 1100 
4 1101 2952 2957 2958 
3 1101 3371 3383 
3 830 1108 1109 
3 1107 1110 1112 
1 1107 
2 1108 1111 
2 1110 1113 
1 1108 
2 1111 1114 
2 842 1113 
2 842 1116 
2 1088 1115 
1 1118 
2 1117 1119 
2 1118 1124 
0
1 1122 
2 1121 1366 
0
2 1119 1332 
3 1126 1127 1128 
2 1125 1129 
2 1125 1130 
3 1125 1130 1131 
3 1126 1132 1133 
3 1127 1128 1191 
1 1128 
1 1129 
1 1129 
0
1 1138 
1 1139 
3 4358 1140 1141 
3 1135 1142 1143 
3 1136 1144 1145 
3 1137 1145 1153 
1 1137 
3 1138 1358 1360 
3 1138 1386 1387 
2 1139 1355 
3 1139 1140 1354 
2 195 1436 
1 195 
1 194 
2 823 1151 
1 823 
3 1149 1353 1357 
0
3 1 1140 1156 
2 1159 1160 
2 1157 1158 
1 1153 
2 1155 1158 
3 1155 1157 1173 
3 1154 1174 1203 
1 1154 
3 1162 1163 1164 
3 1161 1165 1166 
1 1161 
3 1161 1167 1168 
1 1162 
1 1162 
3 1164 1169 1170 
2 1164 1170 
1 1167 
3 1167 1168 1180 
0
1 1173 
4 1158 1172 1174 1175 
3 1159 1173 1176 
2 1173 1177 
1 1174 
4 1175 1220 1221 1222 
0
0
3 1170 1194 1195 
2 1182 1183 
3 1181 1184 1185 
3 1181 1186 1187 
3 1182 1188 1189 
1 1182 
2 1183 1190 
2 1183 1190 
3 1184 1333 1363 
1 1184 
3 1186 1187 1198 
2 1130 1192 
3 1191 1196 1197 
0
2 1180 1212 
3 1180 1213 1214 
3 1192 1238 1240 
2 1192 1331 
3 1190 1259 1260 
3 1200 1201 1202 
3 1199 1203 1204 
2 1199 1205 
4 1199 1207 1208 1209 
3 1159 1200 1210 
1 1200 
1 1201 
0
2 1202 1280 
2 1202 1285 
2 1202 1286 
1 1203 
0
1 1194 
3 1195 1238 1241 
1 1195 
2 1217 1219 
2 1217 1218 
3 1215 1216 1219 
4 1216 1237 1252 1253 
3 1215 1217 1236 
1 1177 
2 1177 1223 
1 1177 
1 1221 
3 1225 1226 1227 
3 1224 1228 1229 
3 1224 1228 1230 
3 1224 1231 1232 
2 1225 1226 
1 1225 
4 1226 1233 1234 1235 
3 1227 1232 1294 
3 1227 1231 1352 
3 1230 1326 1327 
3 1230 1328 1329 
2 1230 1271 
3 977 1219 1237 
3 1218 1236 1256 
3 1196 1213 1239 
3 1238 1242 1243 
3 1196 1244 1245 
3 1213 1246 1247 
1 1239 
1 1239 
3 1240 1245 1263 
3 1240 1244 1263 
3 1241 1248 1249 
3 1241 1250 1251 
3 1246 1259 1410 
1 1246 
3 1247 1251 1274 
2 1247 1250 
3 1218 1254 1255 
1 1218 
3 1079 1252 1276 
3 1252 1276 1279 
1 1237 
0
0
3 1198 1248 1261 
1 1198 
1 1259 
2 1926 1993 
2 1244 1245 
2 1923 1926 
2 1301 1303 
1 1267 
2 1266 1268 
3 1267 1269 1272 
2 1268 1287 
2 1292 1293 
1 1235 
3 1268 1288 1289 
1 1274 
3 1250 1273 1275 
1 1274 
3 1254 1255 1278 
1 1079 
1 1276 
3 1255 1324 1325 
3 1207 1281 1282 
1 1280 
1 1280 
2 1382 1383 
2 1343 1346 
1 1208 
3 1209 1340 1342 
3 1269 1290 1291 
3 1272 1294 1295 
1 1272 
4 1287 1293 1350 1351 
1 1287 
3 1270 1334 1335 
2 1270 1290 
4 1231 1288 1296 1297 
2 1288 1299 
1 1294 
1 1294 
0
1 1295 
1 1301 
3 1265 1300 1302 
3 1301 1303 1304 
4 1265 1302 1305 1306 
1 1302 
3 1303 3743 3745 
1 1303 
2 1311 1312 
2 1309 1310 
1 1308 
3 1308 2956 3363 
4 1307 1384 2953 2955 
1 1307 
2 1315 1316 
0
1 1313 
3 490 1313 1320 
1 1323 
2 1103 1321 
0 
1 1316 
1 1318 
0
3 1317 3086 3089 
2 1279 1325 
3 1279 1324 3747 
1 1233 
1 1233 
2 1234 1330 
2 1234 1330 
3 1328 1329 1339 
2 1197 1785 
2 1124 1333 
2 1188 1332 
1 1292 
3 1292 1337 1338 
0
3 1335 1338 3743 
3 1335 1337 3401 
3 1330 1359 1363 
2 1286 1341 
2 1340 1343 
2 1286 1344 
3 1284 1341 1344 
2 1342 1343 
0
2 1284 3356 
2 1350 3365 
2 3373 3376 
1 3439 
3 1290 1347 3364 
2 1290 3366 
1 1232 
3 1151 1354 1355 
3 1145 1353 1356 
2 1144 1353 
1 1354 
2 194 1151 
3 1142 1359 1360 
3 1339 1358 1361 
3 1142 1358 1362 
3 1359 1364 1365 
1 1360 
2 1188 1339 
1 1361 
1 1361 
3 1122 1576 2012 
0
3 1369 1371 1372 
3 1368 1373 1374 
1 1376 
3 1368 1373 1377 
1 1368 
4 1369 1371 1378 1379 
1 1369 
0
2 1370 1600 
3 1371 1494 1562 
2 1373 1380 
1 1373 
3 1378 1494 1495 
0
1 1283 
3 1283 1384 1385 
3 1311 1383 3353 
1 1383 
2 1143 1388 
1 1143 
1 1386 
1 1390 
3 1389 1391 1392 
2 1390 1396 
3 1390 1393 1394 
2 4336 1392 
2 1392 1563 
0
3 1391 1520 1526 
4 448 1399 1400 1401 
1 449 
1 1397 
1 1397 
1 1397 
3 1403 1404 1405 
1 1402 
3 1402 1406 1407 
3 1402 1408 1409 
3 1404 1858 1860 
3 1404 1409 1861 
1 1405 
4 1405 1407 1789 1803 
1 1248 
2 1412 1413 
2 1411 1414 
1 1411 
3 1412 1415 1416 
3 1414 1416 1417 
2 1414 1415 
3 1415 1418 1419 
3 1417 1420 1421 
1 1417 
3 1418 1422 1423 
1 1418 
4 1420 1429 1440 1441 
1 1420 
2 1425 1426 
1 1424 
2 1424 1427 
3 1426 2949 2950 
3 1429 1430 1431 
4 1422 1428 1432 1433 
3 1428 1434 1435 
1 1428 
3 1429 1436 1437 
3 1429 1438 1439 
1 1430 
1 1430 
2 1146 1432 
1 1432 
1 1433 
1 1433 
1 1422 
1 1422 
3 1443 1444 1445 
3 797 1442 1446 
1 1442 
3 1442 1447 1448 
1 1443 
3 1445 1452 1458 
1 1445 
1 797 
2 3292 3293 
3 1452 1453 1454 
3 1447 1451 1455 
1 1451 
3 1451 1456 1457 
1 1452 
2 1454 3564 
1 1454 
3 1447 2567 2568 
2 711 1460 
3 586 1459 1461 
1 1460 
3 1463 1464 1465 
1 1462 
1 1462 
3 1462 1466 1467 
3 1465 3536 3554 
1 1465 
1 1469 
4 1468 1473 1474 1475 
0
0
0
3 1469 1481 1484 
3 1469 1481 1483 
2 1469 1483 
1 1667 
3 1667 1721 1722 
1 1737 
1 1753 
1 1484 
3 1473 1474 1670 
0
3 1474 1475 1720 
3 1473 1480 1648 
1 1487 
0
2 1485 1493 
0
1 1498 
2 1496 1497 
1 1989 
0
2 1487 1531 
3 1377 1380 1552 
1 1380 
2 1490 1504 
2 1490 1498 
4 1489 1497 1504 2014 
3 1500 1501 1502 
3 1499 1503 1504 
3 1499 1502 1505 
2 1499 1501 
2 1500 1507 
3 1496 1498 1500 
2 1501 1513 
0
2 1503 1516 
1 1510 
0
3 1508 1511 1515 
2 1510 1519 
1 1517 
2 1505 1558 
2 1515 1556 
3 1510 1514 1597 
3 1507 1517 1529 
3 4195 1512 1516 
0
3 1511 1585 1612 
3 1396 1521 1522 
3 1520 1523 1524 
2 1520 1525 
3 1521 1527 1528 
2 1521 1525 
2 1522 1524 
1 1396 
1 1523 
3 1523 1587 2055 
1 1516 
0
3 1493 1532 1533 
2 1531 1534 
3 1531 1537 1538 
2 1532 1539 
2 1540 1541 
1 1543 
3 1533 1543 1602 
2 1533 1610 
1 1534 
2 1535 1544 
3 1535 1544 1545 
0
3 1536 1537 1591 
3 1540 1541 1546 
1 1541 
3 1544 1547 1548 
3 1546 1549 1550 
3 1546 1550 1551 
3 1547 1552 1554 
2 1547 1548 
3 1548 1592 1593 
3 1494 1549 1559 
0
1 1549 
0
1 1514 
0
1 1513 
2 1552 1560 
1 1559 
1 1588 
2 1377 1565 
3 1394 2034 2035 
0
1 1562 
0
2 1570 1571 
2 1570 1572 
2 1573 1574 
3 1567 1568 1575 
1 1567 
3 1568 1576 1577 
3 1569 1629 1630 
3 1569 1627 1628 
3 1570 1619 1622 
3 1366 1572 2053 
1 1572 
2 1579 1580 
4 3821 1578 1582 1583 
3 1578 1584 1585 
2 1586 1587 
2 1579 1583 
2 1579 1582 
1 1580 
3 1519 1580 2063 
3 1581 1613 1622 
3 1528 1581 1622 
2 1561 1607 
2 1592 1601 
2 1601 1606 
2 1543 1592 
3 1551 1589 1591 
1 1551 
0
1 1682 
2 1598 1679 
2 1515 1636 
3 1596 1676 1684 
1 1734 
3 1376 1607 1615 
2 1589 1590 
3 1537 1603 1611 
2 1602 1640 
2 1606 1640 
0
3 1590 1604 1638 
3 1588 1600 1608 
3 1607 1616 1618 
0
4 1538 1633 1634 1635 
2 1602 1640 
1 1519 
2 1586 1733 
2 1636 1734 
3 1600 1616 1617 
3 1608 1615 1631 
3 1615 1641 1643 
1 1608 
3 1575 1620 1621 
3 1619 1624 1625 
3 1619 1625 1626 
3 1575 1586 1587 
0
3 1620 1707 1712 
4 1620 1621 1709 1715 
1 1621 
2 1574 2051 
3 1574 1950 2052 
3 1573 1950 1951 
1 1573 
3 1616 1637 1643 
1 1646 
3 1610 1695 1724 
3 1610 1725 2307 
1 1610 
2 1597 1614 
2 1631 1644 
2 1606 1644 
0
3 1603 1604 1611 
2 1617 1653 
0
3 1617 1631 1651 
3 1637 1638 1652 
0
3 1632 1660 1661 
2 1657 1664 
3 1484 1652 1655 
2 1657 1658 
1 1659 
3 1643 1652 1655 
3 1644 1648 1651 
1 1641 
1 1668 
2 1648 1651 
1 1670 
4 1647 1649 1659 1665 
4 1649 1665 1666 1667 
3 1650 1657 1664 
1 1646 
3 1646 1693 1698 
0
0
2 1647 1659 
2 1657 1658 
3 1658 1693 1694 
4 1476 1477 1658 1695 
3 1654 1671 1673 
0
3 1481 1656 1672 
2 1668 1685 
2 1670 1692 
3 1668 1690 1691 
3 1675 1676 1677 
3 1674 1678 1679 
2 1598 1674 
2 1674 1680 
3 1675 1682 1683 
2 1596 1675 
2 1677 1699 
0
3 1595 1678 1700 
1 1678 
3 1598 1701 1734 
3 1671 1687 1688 
0
1 1685 
2 1685 1690 
2 1718 1719 
4 1673 1688 1699 1701 
2 1673 1699 
2 1672 1719 
3 1661 1666 1696 
3 1666 1695 1697 
4 1633 1667 1694 1721 
2 1693 1698 
1 1694 
2 1661 1696 
3 1680 1690 1691 
2 1682 2013 
3 1684 1690 1703 
0
3 1701 1719 1740 
2 1705 1706 
3 1704 1707 1708 
3 1704 1710 1711 
4 1624 1705 1712 1713 
1 1705 
2 1625 1714 
2 1706 1714 
1 1706 
3 1624 1707 1954 
4 1707 1952 1954 2054 
3 1709 1710 1717 
3 1625 1770 1772 
0
1 1714 
1 1689 
3 1689 1692 1703 
2 1483 1739 
2 1477 1695 
2 1477 1728 
0
3 1633 1727 1728 
3 1634 2305 2306 
2 2327 2329 
2 1724 2330 
3 1722 1724 1737 
0
1 1731 
3 1730 1733 1734 
1 1733 
3 1613 1731 1732 
4 1599 1614 1684 1731 
0
0
2 1478 1728 
0
1 1720 
2 1703 2017 
2 1753 2015 
3 1743 1744 1745 
1 1742 
3 1742 1746 1747 
4 485 1742 1748 1749 
4 1744 1750 1751 1752 
1 1744 
1 1745 
1 1745 
3 1746 1838 1840 
2 1746 1899 
1 1746 
3 1479 1741 2016 
0
2 1756 1757 
1 1755 
2 332 1755 
0
2 1794 1809 
2 1762 2015 
2 1762 1796 
2 1760 1761 
2 1764 1765 
3 1763 1766 1767 
3 1763 1768 1769 
2 1764 1770 
3 1764 1783 1784 
3 1765 1812 1815 
3 1765 2102 2103 
2 1715 1766 
0
3 1715 1773 1775 
2 1772 1776 
2 1781 1782 
2 1772 1779 
3 1773 1777 1778 
3 1776 1786 1788 
1 1776 
3 1775 1786 1789 
0
3 1774 1782 1844 
3 1774 1781 1853 
1 1767 
3 1767 1792 1793 
1 1331 
3 1777 1779 1787 
1 1786 
1 1777 
3 1409 1779 1790 
3 1789 1791 1799 
2 1790 1800 
3 1784 1793 1822 
3 1784 1792 1823 
3 1759 1804 1806 
1 1806 
3 598 1761 1798 
1 333 
1 1796 
4 1790 1800 1801 1802 
4 1791 1799 1804 1805 
3 1799 1804 1806 
1 1799 
1 1409 
3 1794 1800 1801 
1 1800 
3 1794 1795 1801 
0
2 1810 1811 
1 1759 
1 1808 
3 1808 1832 1833 
3 1768 1813 1814 
3 1812 1816 1817 
3 1812 1818 1819 
1 1768 
3 1813 1820 1821 
1 1813 
3 1814 1838 1841 
1 1814 
2 1816 2105 
1 1816 
1 1792 
1 1793 
2 596 1827 
3 596 1829 1830 
2 1829 1832 
4 597 1824 1834 1835 
0
4 1825 1826 1856 1857 
1 1825 
0
2 1811 1826 
3 1811 1858 1859 
3 1827 1835 1837 
3 1827 1834 1836 
2 1835 1854 
1 1834 
3 1750 1818 1839 
3 1838 1842 1843 
1 1750 
1 1818 
3 1839 1873 1874 
2 1839 1876 
2 1781 1846 
0
3 1844 1851 1852 
2 1848 1862 
3 1847 1863 1864 
3 1861 1862 1865 
0 
3 1846 1869 1870 
1 1846 
1 1782 
1 1836 
1 1878 
2 1829 2036 
3 1829 1879 1884 
3 1406 1833 1866 
2 1833 1867 
1 1406 
3 1407 1849 1862 
3 1847 1849 1861 
1 1848 
2 1848 1929 
1 1849 
1 1858 
1 1859 
0
1 1851 
3 1851 1871 1872 
3 1870 1889 2031 
1 1870 
2 1842 1877 
1 1842 
0
1 1843 
3 1873 2108 2109 
3 1855 1879 1880 
3 1857 1878 1881 
3 1878 1882 1883 
1 1879 
2 4505 1880 
4 1880 1939 1948 1949 
1 1857 
3 1886 1887 1888 
3 1885 1889 1890 
3 1885 1891 1892 
3 1885 1893 1894 
4 1871 1886 1895 1896 
1 1886 
3 1887 1893 1897 
3 1887 1898 1899 
3 1888 1891 1897 
1 1888 
2 1889 2032 
2 1889 2033 
4 1891 1893 1900 1901 
3 1892 2022 2030 
3 1751 1892 1920 
1 1897 
1 1897 
3 1013 1959 1962 
1 1013 
2 1908 1909 
2 1906 1907 
1 1905 
3 1905 1955 2097 
3 1904 1915 1916 
1 1904 
4 1047 1049 2700 2701 
2 1049 2703 
2 1050 1913 
3 1044 1050 1912 
1 1050 
1 1908 
3 1908 1917 1918 
2 1916 4324 
1 1916 
2 1921 1923 
1 1899 
2 1919 1924 
0 
3 1264 1919 1926 
3 1921 1995 2113 
0
4 1262 1264 1923 2021 
0
0
1 1864 
2 302 1934 
3 302 1936 1937 
3 303 2090 2091 
2 303 2090 
3 1930 1937 2059 
0
2 1931 1942 
2 1931 1934 
0
2 1883 1943 
2 1944 1945 
2 1946 1947 
1 1936 
1 1939 
3 1940 1955 1956 
3 1940 1946 1957 
4 1941 1945 2114 3810 
1 1941 
1 1883 
1 1883 
4 1628 1629 1952 1953 
3 1629 1952 1954 
4 1713 1950 1951 2100 
1 1950 
3 1712 1713 1951 
3 1907 1944 1958 
1 1944 
1 1945 
1 1955 
3 1902 1960 1961 
1 1959 
3 1959 1963 1964 
3 1902 1965 1966 
2 973 1961 
1 1961 
1 1962 
1 1962 
0
1 1973 
2 1975 1976 
2 1977 1978 
3 1979 1980 1981 
3 1981 1982 1983 
2 1968 1984 
0
3 1969 1985 1986 
3 1969 1987 1988 
3 1970 2065 2119 
3 1970 1986 2064 
1 1971 
4 1971 2037 2039 2057 
2 1971 1972 
3 1972 1983 2065 
3 1972 1982 2332 
3 1973 2016 2062 
3 1975 2041 2064 
2 1975 1978 
1 1976 
1 1976 
3 1491 2222 2223 
0
3 1992 1993 1994 
3 1991 1995 1996 
4 1262 1991 1997 1998 
2 1991 1999 
3 1924 1992 2001 
1 1992 
3 1993 2018 2019 
2 1993 2020 
3 1994 3817 3826 
0
1 1995 
3 2003 2004 2005 
2 2002 2007 
3 2002 2010 2011 
3 2002 2008 2009 
0
1 2003 
3 2005 2104 2105 
1 2005 
1 2004 
1 2004 
2 1366 2053 
1 1700 
1 1498 
3 1741 1760 2016 
3 1753 1984 2015 
1 1740 
1 1997 
1 1997 
3 1998 3746 4131 
1 1926 
2 1898 2025 
2 2026 2027 
2 2028 2029 
1 2022 
3 2023 3816 3817 
1 2023 
2 2024 2029 
3 2024 2028 3828 
3 1898 2032 2101 
1 1871 
2 1895 2030 
1 1896 
3 1563 2098 2099 
1 1563 
1 1856 
3 1980 2038 2039 
1 2037 
3 1980 2037 2058 
1 2041 
3 1985 2040 2064 
1 2043 
3 2042 2044 2045 
4 2043 2046 2047 2048 
3 2043 2049 2050 
1 2044 
1 2044 
1 2044 
1 2045 
1 2045 
1 1627 
1 1628 
2 1576 2012 
1 1713 
1 1528 
0
1 1980 
3 2039 2370 2372 
3 1934 2114 2115 
2 2061 3822 
2 2060 3829 
3 1984 2116 2117 
1 1585 
4 1978 1985 2041 2118 
2 1977 1982 
3 304 2067 2068 
3 2066 2069 2070 
1 2066 
3 2067 2072 2073 
1 2067 
1 304 
2 2069 2075 
1 2069 
0
3 2072 2379 2380 
3 2077 2078 2079 
2 2076 2081 
1 2076 
2 2076 2083 
0
3 2077 2084 2085 
0
2 2079 2125 
3 2081 2086 2821 
1 2081 
1 2084 
2 2088 2122 
2 2087 2812 
2 2819 2821 
4 1932 1933 2092 2093 
3 1932 2094 2095 
1 2090 
1 2090 
1 2091 
2 2091 3815 
0
1 1907 
1 2034 
1 2034 
1 1952 
2 2030 4344 
1 1769 
1 1769 
2 2008 2106 
3 1820 2008 2107 
1 2104 
1 2105 
2 1877 2110 
1 1877 
3 2108 2111 2112 
1 2110 
1 2110 
1 1924 
2 1946 2059 
1 2059 
1 2062 
1 2062 
1 2064 
1 1977 
0
1 75 
2 2087 2767 
2 76 4802 
0
1 2083 
3 2127 2128 2129 
3 2126 2130 2131 
1 2126 
3 2126 2132 2133 
3 2127 2131 2135 
3 2127 2130 2134 
1 2129 
3 2129 2158 2159 
2 2131 2152 
3 2130 2157 4980 
3 2137 2138 2139 
3 2136 2140 2141 
1 2136 
3 2136 2142 2143 
3 2137 2144 2145 
1 2137 
2 2139 3782 
1 2139 
3 2140 2146 2147 
1 2140 
1 2144 
1 2144 
2 2149 2150 
3 2148 2152 2153 
1 2148 
0
3 2134 2149 2157 
1 2149 
0
2 4854 4855 
1 4852 
4 2709 2135 2152 2160 
2 2133 3781 
1 2133 
1 2157 
3 144 145 2162 
1 2161 
0
0
3 145 4853 4854 
1 2877 
2 2169 2170 
0
1 2167 
3 2167 2173 2174 
2 2175 2176 
1 2177 
2 2170 4893 
2 2170 4900 
3 2171 4834 4846 
3 2171 4849 4851 
2 2172 4894 
0
1 554 
3 554 2182 2183 
1 551 
1 2180 
1 2180 
3 555 2185 2186 
1 2184 
3 2184 2188 2189 
1 555 
1 2186 
2 2186 4408 
3 2191 2192 2193 
4 2190 2194 2195 2196 
1 2190 
3 2190 2197 2198 
3 2191 2201 2202 
3 2191 2199 2200 
4 3124 2191 2203 2204 
1 2193 
3 2193 2205 2206 
1 2195 
1 2195 
1 2194 
1 2194 
1 2196 
1 2196 
1 2198 
3 2198 2207 2208 
1 2206 
4 2206 2209 2210 2211 
3 2208 2212 2213 
4 2208 2219 2220 2221 
4 2208 2216 2217 2218 
1 2209 
3 2209 2214 2215 
1 2213 
3 2213 2236 2237 
1 2211 
1 2211 
2 2211 2498 
4 2210 2498 2507 2508 
3 2210 2509 2510 
4 2210 2500 2503 2504 
1 1989 
2 1989 2224 
2 2223 2475 
4 2226 2227 2228 2229 
1 2225 
4 2225 2230 2231 2232 
3 2225 2233 2234 
3 2225 2234 2235 
3 2227 4249 4250 
1 2227 
1 2227 
3 2228 4204 4218 
4 2228 2229 4270 4357 
3 2229 4362 4363 
1 2215 
3 2215 2495 2496 
0
2 2242 2243 
2 2244 2245 
2 2246 2247 
3 2239 2248 2249 
1 2239 
3 2240 2250 2253 
2 2240 2256 
3 2241 2267 2484 
1 2241 
1 2242 
3 2242 2475 2479 
3 2244 2251 2252 
1 2250 
3 2250 2254 2255 
1 2244 
3 2252 2258 2259 
1 2252 
3 2245 2291 2292 
0
1 2254 
3 2254 2260 2261 
3 2259 2312 2323 
1 2259 
2 2263 2265 
3 2262 2266 2267 
0
3 2262 2270 2271 
2 2263 2273 
3 2246 2263 2272 
0
1 2274 
2 2265 2284 
1 2265 
3 2267 2493 2494 
2 2266 2277 
4 2269 2276 2278 2279 
0
2 2274 2277 
2 2273 2276 
1 2274 
3 2274 2280 2281 
3 2279 2282 2288 
3 2279 2288 2289 
2 2280 2287 
1 2287 
3 2270 2285 2286 
2 2284 2295 
3 2284 2296 2297 
3 2282 2283 2288 
3 2280 2281 2287 
2 2281 2290 
3 2289 2300 2483 
1 2256 
2 2256 2302 
2 2314 2315 
3 2904 2316 2317 
3 2285 2298 2299 
1 2286 
3 2286 2299 2309 
2 2295 2300 
2 2295 2297 
3 2290 2298 2308 
0
3 2292 2312 2313 
3 753 754 2318 
1 754 
1 1725 
1 1725 
1 1634 
3 2300 2320 2326 
1 2297 
2 2319 2320 
0
4 2260 2302 2321 2322 
1 2302 
2 2293 2316 
1 2293 
3 2294 2314 2341 
1 2294 
1 2303 
2 2310 2326 
2 2308 2310 
2 2312 2325 
1 2312 
1 2260 
0
3 2321 2331 2332 
2 2308 2319 
2 1726 2331 
0
1 1726 
1 1727 
3 2325 2327 2485 
2 1983 2325 
2 2438 2439 
2 757 2439 
2 2337 2338 
0
1 2335 
4 2335 2340 2342 2343 
2 2355 2358 
3 2338 2444 2445 
1 2316 
3 2338 2432 2435 
3 2338 2435 2446 
3 2345 2346 2347 
3 2344 2348 2349 
3 2344 2350 2351 
1 2344 
3 2345 2352 2353 
2 2345 2354 
1 2346 
1 2346 
1 2348 
1 2348 
1 2349 
2 2339 2356 
3 2355 2359 2360 
0
2 2339 2364 
3 2356 2365 2366 
2 2356 2367 
2 2377 2382 
2 2452 2453 
0
3 2358 2385 2390 
3 2359 2368 2369 
1 2359 
3 2360 2371 2374 
3 2365 2452 2486 
1 2365 
2 2058 2371 
3 2367 2370 2373 
1 2058 
1 2371 
2 2367 2375 
1 2374 
1 2377 
3 2361 2376 2393 
0
3 2075 2402 2405 
1 2075 
2 2382 2383 
3 2361 2381 2388 
3 2381 2386 2387 
2 2391 2392 
2 2364 2390 
3 2383 2399 2400 
2 2383 2401 
1 2382 
0
4 2364 2385 2441 2444 
2 2384 2440 
3 2384 2430 2451 
3 2377 2397 2398 
2 2412 2415 
1 2397 
0
2 2393 2395 
3 2393 2417 2457 
2 2386 2430 
1 2386 
1 2387 
3 2379 2403 2404 
1 2402 
3 2402 2406 2407 
1 2379 
3 2404 2408 2409 
3 2404 2410 2411 
4 977 2406 2420 2426 
1 2406 
1 2407 
3 2407 2491 2492 
3 2394 2413 2414 
3 2412 2416 2417 
3 2412 2418 2419 
1 2394 
1 2413 
2 2398 2413 
3 2414 2423 2490 
1 2414 
3 2408 2421 2422 
4 2420 2423 2424 2425 
3 2420 2427 2428 
3 2418 2421 2429 
1 2421 
1 2421 
1 2408 
4 2422 2463 2464 2465 
1 2422 
1 2423 
3 2392 2399 2431 
2 2430 4735 
3 751 2342 2433 
4 752 2432 2436 2437 
2 751 752 
4 2342 2343 2446 2450 
1 2433 
1 2433 
2 2333 2469 
4 758 2333 2334 2472 
3 2391 2442 2443 
3 2390 2443 2444 
1 2440 
3 2440 2441 2468 
4 2340 2390 2441 2447 
4 2340 2447 2448 2449 
2 2343 2435 
3 2444 2445 2448 
2 2445 2447 
1 2445 
1 2435 
4 2392 2454 2455 2456 
3 2362 2368 2487 
3 2362 2488 2489 
1 2451 
1 2451 
1 2451 
1 2398 
1 2459 
2 2458 2465 
0
2 4427 4736 
2 3825 4439 
1 2427 
3 2427 2466 2467 
2 2427 2459 
2 2464 2467 
3 2464 2466 4422 
1 2443 
3 2438 2470 2471 
2 2469 2473 
2 2469 2474 
1 2439 
2 2470 2483 
1 2471 
3 2224 2249 2476 
3 2475 2477 2478 
3 2476 2480 2481 
2 2476 2482 
1 2249 
1 2477 
1 2477 
2 2478 2483 
3 2290 2473 2482 
1 2246 
1 2331 
1 2368 
1 2452 
1 2453 
1 2453 
1 2418 
1 2411 
1 2411 
1 2272 
1 2272 
1 2237 
3 2237 2497 2498 
1 2496 
4 2218 2219 2496 2499 
3 2498 2500 2502 
3 2221 2499 2501 
1 2500 
3 2499 2505 2506 
2 2987 2221 
1 2221 
1 2502 
1 2502 
1 2219 
1 2219 
1 2220 
3 2220 2511 2512 
1 2510 
3 2510 2513 2514 
3 2512 2515 2516 
3 2512 2523 2524 
1 2513 
1 2513 
2 2518 2519 
3 2517 2519 2520 
3 2517 2518 2521 
2 2518 2522 
3 2519 2522 2531 
3 2520 2521 2530 
1 2514 
3 2514 2525 2526 
3 2524 4222 4223 
1 2524 
2 84 217 
2 3039 3049 
1 2539 
2 2522 2543 
3 2521 2541 2542 
0
1 2534 
3 2533 2536 2537 
0
3 651 2534 2600 
3 2534 2600 2601 
2 3049 3091 
2 2529 3049 
2 2656 3093 
2 2531 2565 
3 2531 2546 2566 
2 2530 2552 
2 2546 2547 
0
3 2542 2544 2550 
1 2544 
2 650 2551 
2 2551 2553 
3 2546 2602 2603 
4 2548 2549 2571 2572 
1 2543 
3 2549 2635 2642 
3 2555 2556 2557 
3 2554 2558 2559 
1 2554 
3 2554 2560 2561 
3 2555 2562 2563 
1 2555 
2 2557 2716 
1 2557 
3 2558 2617 2711 
1 2558 
2 650 651 
3 782 2541 2573 
2 2542 2596 
1 1458 
3 1458 3525 3526 
0
2 217 2574 
2 2551 2642 
2 2551 2644 
2 782 2565 
1 2570 
3 2597 2598 2599 
3 2577 2578 2580 
3 2576 2581 2583 
3 2576 2584 2585 
0
3 2576 2586 2589 
3 2577 2584 2590 
0
3 2577 2594 2595 
4 2578 2581 2614 2615 
1 2578 
3 2580 2592 3754 
2 3518 3524 
2 3485 3490 
1 2580 
1 2581 
1 2615 
1 2586 
1 3762 
1 2583 
1 2583 
1 2566 
4 2575 2598 2602 2638 
3 2575 2597 2863 
3 2575 2629 2634 
3 2536 2537 2604 
1 2537 
4 2550 2597 2618 2619 
3 2550 2620 2621 
2 2600 2628 
2 2606 2607 
3 2605 2608 2609 
3 2605 2610 2611 
1 2606 
1 2606 
2 1032 2607 
1 2607 
4 3840 2865 3179 3180 
2 1086 3179 
3 2584 3525 3527 
3 2584 2591 3528 
2 2645 2646 
2 2562 2647 
3 2602 2620 2635 
1 2602 
3 2603 2618 2636 
1 2603 
3 218 2624 2625 
2 266 2640 
1 2622 
1 2622 
0
0
1 2604 
2 2599 2631 
2 2631 2632 
3 2629 2630 2633 
2 2630 2639 
3 3810 2631 2639 
1 2599 
3 2553 2618 2637 
1 2620 
2 622 2635 
3 622 2597 2648 
3 268 2632 2633 
1 2623 
0
3 2553 2571 2643 
1 2642 
2 2572 2966 
2 2616 2653 
1 2616 
3 2617 2709 2710 
1 2638 
2 2650 2651 
3 2649 2652 2657 
4 2649 2653 2704 2705 
2 2650 2656 
2 2645 2651 
2 318 2695 
2 2713 2885 
4 2540 2652 2658 2659 
1 2650 
2 2656 2724 
3 2656 2724 2869 
3 2661 2662 2663 
2 2660 2665 
1 2660 
3 2660 2666 2667 
0
3 2661 2668 2669 
2 2663 2680 
3 2663 2684 2685 
3 2665 3191 3197 
1 2665 
2 2671 2672 
3 2670 2673 2674 
3 2670 2675 2676 
3 2671 2677 2678 
1 2671 
3 2672 2741 2743 
2 2672 2756 
2 2673 2706 
3 2673 2706 2707 
0
1 2666 
2 2906 2927 
3 2899 2905 2906 
2 3200 3201 
3 1032 2667 3214 
2 2667 3215 
2 2687 2689 
1 2686 
0
3 2686 2690 2691 
3 2689 3061 3132 
3 2689 3130 3133 
2 3060 3085 
2 2915 3129 
3 2898 3062 3127 
3 620 2654 2697 
1 620 
2 621 2695 
1 621 
1 1047 
3 1910 2702 2703 
1 1910 
1 2700 
2 1911 2700 
1 2651 
4 2651 2726 2734 2735 
3 2677 2678 2712 
1 2678 
0
3 2157 2923 2647 
1 2647 
1 2562 
3 2706 2713 2714 
3 2655 2712 2715 
1 2712 
1 2713 
1 2560 
1 2719 
0
4 2717 2744 2746 2747 
1 2722 
0
4 4666 2720 2726 2727 
0
3 2658 2659 2731 
1 2730 
4 2705 2722 2732 2733 
2 2722 2732 
0
1 2760 
2 2725 2794 
1 2724 
4 2726 2727 2736 2737 
1 2726 
1 2705 
1 2705 
1 2732 
1 2732 
3 2739 2740 2741 
1 2738 
1 2738 
3 2675 2738 2742 
1 2741 
3 612 2675 2752 
2 2719 2757 
3 2758 2759 2760 
1 2719 
2 2719 2761 
2 317 2780 
1 318 
1 612 
2 613 2763 
3 2743 2753 2755 
3 2752 2769 2770 
0
1 2752 
1 2676 
1 2744 
2 2745 2781 
3 2745 2785 2786 
3 2729 2745 2787 
2 2747 2765 
0
2 610 2751 
1 611 
3 2761 2766 2768 
2 2765 2800 
2 2122 2809 
2 2765 2800 
3 2753 2773 2774 
3 2753 2771 2772 
2 2770 2803 
1 2770 
2 2769 2776 
1 2769 
1 2777 
2 2773 2777 
3 2775 2776 2793 
0
2 2788 2789 
3 2748 2870 2871 
2 2758 2783 
0
3 2781 2795 2796 
2 2815 2818 
4 2759 2812 2819 2823 
1 2759 
1 2760 
3 2779 2789 2790 
3 2779 2788 2791 
3 2788 2791 2792 
3 2789 2790 2799 
1 2790 
1 2777 
3 2730 2797 2798 
3 2783 2796 2811 
3 2783 2795 2811 
3 1034 2794 2887 
4 2794 2811 2881 2886 
3 2791 2824 2825 
3 2766 2768 2802 
0
2 2800 2806 
1 2771 
0 
2 2806 2808 
2 2802 2805 
0
2 2805 2830 
1 2767 
0
3 2795 2796 2798 
3 2088 2785 2813 
1 2812 
1 4820 
3 2784 2816 2817 
3 2815 2819 2820 
1 2815 
1 2784 
3 2089 2785 2816 
1 2816 
3 2084 2089 2822 
1 2821 
1 2785 
1 2799 
4 2799 2826 2827 2828 
3 4097 2825 2829 
3 2825 2831 2832 
1 2825 
1 2826 
2 2808 4801 
3 2827 4796 4797 
2 2827 4800 
2 2835 2836 
0
1 2833 
3 2833 2840 2841 
2 2842 2843 
2 2844 2845 
1 2843 
3 2836 3156 3157 
2 2836 3155 
4 2837 2843 3111 3112 
4 2837 2839 2842 3131 
2 2838 3112 
1 2838 
0
3 2848 2849 2850 
1 2847 
1 2847 
3 2847 2851 2852 
3 2850 3047 3048 
1 2850 
2 2854 2855 
3 2853 2857 2858 
1 2853 
0
3 2854 2861 2862 
1 2854 
2 2864 2865 
2 2867 2868 
4 2857 2907 2909 2912 
1 2857 
1 2598 
1 2859 
3 2612 2859 2866 
3 2865 2905 3181 
3 2860 2899 2900 
1 2860 
3 2659 3150 3164 
2 2780 2872 
2 2780 2873 
2 2870 2874 
3 2871 2875 2876 
2 628 2872 
4 2873 4801 4804 4805 
2 2873 4882 
3 2166 4972 4973 
2 2879 2880 
2 2878 2881 
3 2878 2882 2883 
3 2798 2879 2884 
2 2880 4976 
3 2880 4972 4976 
2 2881 3317 
1 2655 
3 2798 3314 3315 
3 2797 3243 3246 
1 2889 
1 2888 
3 2891 2892 2893 
3 2890 2894 2895 
1 2890 
2 2890 2896 
3 2891 2896 2898 
1 2891 
2 2893 2894 
0
3 2694 2894 3125 
4 2682 2867 2901 2902 
1 2867 
3 2899 2903 2904 
1 2899 
3 2901 2914 2915 
2 2294 2901 
3 2682 2866 3191 
3 2681 2682 3198 
3 2861 2908 2909 
2 2907 2910 
4 1086 2861 2907 2911 
1 2908 
1 2909 
1 2861 
2 3144 3145 
3 2903 2917 2918 
3 2693 2903 2916 
3 2915 3167 3171 
2 2914 2926 
1 2914 
0
0
1 3304 
1 2924 
4 2709 3304 3308 3533 
3 2922 3163 3325 
0
1 2917 
2 2681 3199 
1 3204 
1 3206 
3 2931 2932 2933 
3 2930 2935 2936 
4 2930 2933 2937 2938 
3 2930 2932 2939 
0
2 2931 2938 
2 2931 2942 
1 2932 
4 2932 2935 2945 2946 
2 2933 2948 
2 3024 3068 
1 3081 
5 365 2936 3068 3070 3071 
0
0
2 2938 3089 
1 2938 
0
1 2939 
2 1427 3003 
2 1427 3005 
4 2952 2953 2954 2955 
2 1105 2951 
2 1311 2951 
1 2951 
3 1311 2951 2956 
3 1310 2955 3748 
1 1105 
1 1105 
3 2960 2961 2962 
1 2959 
2 2959 2963 
3 2959 2963 2964 
3 2961 2962 2965 
1 2962 
1 2963 
1 2644 
0
4 412 2972 2973 2974 
2 2970 2975 
3 2969 2978 2979 
2 2976 2977 
3 2968 2976 2982 
4 2968 2974 2980 2981 
3 2968 2973 2983 
3 2969 2979 3010 
3 2971 2972 2977 
2 2971 2976 
1 2970 
2 2970 2975 
3 2973 3010 3011 
2 2973 2983 
1 2972 
2 2974 2981 
1 591 
1 591 
2 2987 2988 
4 2503 2986 2989 2990 
3 2986 2989 2991 
3 2987 2988 2992 
3 2987 2993 2994 
1 2988 
1 2989 
2 2990 3603 
1 2990 
2 2997 2998 
0
3 2995 2998 3002 
4 2995 2997 3003 3004 
3 3007 3008 3009 
3 3006 3010 3011 
2 3005 3006 
3 2997 3730 3732 
3 2949 2998 3004 
2 2998 3003 
2 2950 3001 
2 3000 3001 
3 2999 3728 3731 
2 2999 3731 
1 2999 
3 2975 2980 3000 
2 2980 3000 
3 3013 3014 3015 
4 3635 972 3012 3016 
1 3012 
2 972 3012 
2 3013 3018 
0
1 3016 
2 1001 1006 
2 992 3038 
3 992 3039 3040 
3 992 3041 3043 
3 1001 3025 3026 
3 3549 2940 3027 
2 3023 3026 
3 3023 3025 3034 
1 3024 
0
2 3031 3032 
1 3033 
3 3029 3035 3036 
1 3029 
3 3030 3052 3053 
3 3026 3081 3326 
3 3031 3295 3369 
1 3031 
2 3044 3045 
1 3020 
3 2528 3021 3046 
1 3021 
3 3022 3097 3102 
0
3 3022 3057 3062 
4 3037 3054 3057 3058 
1 3037 
2 3039 3050 
3 2851 3156 3161 
1 2851 
3 2528 2538 2539 
2 3046 3067 
0
3 3033 3053 3090 
3 3033 3052 3295 
2 3044 3056 
0
3 3054 3060 3062 
2 3043 3044 
4 3044 3059 3063 3064 
2 3058 3082 
2 2692 3056 
2 2690 3083 
4 2694 3043 3056 3084 
3 3058 3064 3075 
2 3058 3063 
2 3096 3103 
1 3096 
1 3050 
3 2940 2942 3069 
1 3068 
1 2942 
3 2942 3073 3080 
3 3073 3074 3075 
3 3071 3072 3076 
3 3072 3077 3078 
3 3063 3072 3079 
1 3073 
3 3074 3107 3110 
1 3074 
1 3075 
1 3071 
4 2941 3034 3088 3090 
1 3059 
1 3061 
3 3062 3125 3128 
1 2692 
1 1323 
0
2 3081 3090 
2 1323 2945 
4 3052 3081 3088 3296 
2 2538 3092 
3 3091 3094 3095 
1 2540 
3 3092 3135 3136 
1 3092 
4 3065 3066 3104 3105 
2 3041 3098 
3 3097 3100 3101 
0
1 3098 
1 3098 
1 3041 
2 3065 3106 
3 3096 3135 3140 
1 3096 
1 3103 
3 3077 3108 3109 
4 3107 3111 3112 3113 
3 3107 3112 3114 
1 3077 
3 2842 3108 3130 
4 2842 2844 3108 3109 
1 3108 
2 3109 3298 
2 3118 3119 
2 3120 3121 
2 3122 3123 
2 3115 3124 
1 3115 
3 3116 3121 3297 
4 3116 3120 3324 3325 
3 3117 3162 3520 
1 3117 
2 2196 3118 
3 2898 3084 3126 
1 3125 
1 2694 
1 3084 
1 2693 
3 2691 3111 3131 
3 2843 3130 3134 
1 2690 
1 2691 
2 3131 3154 
3 3094 3104 3137 
3 3094 3138 3139 
3 3135 3141 3142 
1 3136 
1 3136 
1 3104 
3 3137 3148 3327 
2 399 3137 
0
2 4438 2913 
1 2913 
2 3148 3149 
2 3150 3151 
3 3141 3146 3152 
1 3146 
3 2869 3147 3165 
1 3147 
1 3148 
0
1 3134 
3 2841 3172 3173 
3 2840 3047 3158 
1 2840 
3 3156 3159 3160 
3 3158 3162 3163 
1 3158 
1 3047 
3 3122 3159 3325 
3 2924 3159 3184 
3 917 2869 3166 
1 3150 
1 3164 
2 2916 3168 
2 3167 3170 
1 4303 
2 3168 3174 
1 2916 
2 3155 3178 
2 3155 3175 
2 3170 3189 
1 3173 
0
0
1 3172 
2 2612 2613 
1 2612 
1 2866 
1 915 
2 3185 3186 
1 3163 
3 3183 3188 3194 
1 3183 
0
2 3185 3193 
2 3174 3193 
1 919 
3 2668 2905 3192 
1 3191 
4 3188 3189 3195 3196 
1 3185 
3 3193 3301 3302 
3 3193 3233 3305 
3 2668 3322 3323 
1 2906 
2 2927 3203 
1 2683 
3 2683 3214 3241 
0
1 3199 
2 2928 3218 
0
1 2929 
3 3208 3209 3210 
2 3207 3211 
3 3207 3212 3213 
2 3207 3212 
1 3208 
3 3209 3210 3218 
3 3209 3219 3220 
4 2684 3201 3216 3217 
1 2685 
3 1033 3214 3237 
1 3214 
2 3204 3212 
2 3213 3228 
1 3213 
0
0
2 3226 3227 
2 3229 3230 
2 3231 3232 
3 3223 3233 3234 
1 3223 
2 4933 3219 
4 3224 3230 3236 3249 
4 3224 3229 3247 3248 
1 3225 
3 3225 3351 3352 
3 3196 3226 3309 
1 3226 
3 3250 3251 3252 
1 3229 
3 3216 3239 3240 
1 1033 
3 3237 3242 3243 
2 3237 3245 
3 3201 3312 3313 
2 1034 3239 
2 2887 3239 
0
1 3240 
1 2887 
3 3230 3280 3285 
2 3230 3310 
3 3229 3264 3265 
3 3235 3256 3257 
4 3235 3253 3254 3255 
1 3235 
1 3251 
1 3251 
3 3251 3258 3269 
3 3250 3258 3259 
1 3250 
4 3255 3256 3260 3261 
3 3256 3262 3263 
3 1074 1095 3258 
4 3258 3265 3290 3291 
3 3259 3264 3268 
1 3259 
3 3249 3262 3266 
3 3249 3261 3267 
1 3264 
2 3265 3320 
1 3262 
2 3255 3311 
3 3272 3273 3274 
2 3275 3276 
1 3270 
2 3270 3277 
1 3270 
3 3271 3276 3312 
4 3271 3275 3277 3316 
2 3273 3276 
3 3279 3280 3281 
1 3278 
3 3247 3278 3282 
3 3278 3283 3284 
4 3280 3286 3287 3288 
1 3281 
3 3281 3288 3770 
1 3247 
3 3282 3712 3720 
1 3282 
4 3282 3284 3717 3720 
1 1074 
1 3261 
3 3261 3318 3319 
3 1450 3354 3355 
3 1450 3359 3360 
0
3 3035 3053 3296 
3 3090 3295 3321 
3 490 3120 3325 
3 3114 3299 3300 
1 3298 
1 3298 
2 3195 3302 
2 3195 3301 
0
3 2921 2923 3531 
1 3196 
2 3342 3348 
2 3555 3560 
2 2923 3594 
1 3233 
1 3248 
1 3269 
3 3241 3275 4978 
1 3241 
1 2886 
1 2886 
1 3276 
1 2884 
1 3291 
1 3291 
1 3267 
1 3296 
1 3197 
1 3197 
1 3121 
4 2924 3121 3162 3297 
1 3034 
1 3141 
3 3329 3330 3331 
3 3328 3332 3333 
1 3328 
4 3328 3334 3335 3336 
3 3329 3337 3338 
3 3329 3339 3340 
1 3331 
1 3331 
3 3331 3600 3609 
3 3332 3780 3781 
1 3332 
1 3333 
1 3333 
3 3342 3343 3344 
3 3306 3341 3345 
3 3341 3346 3347 
1 3341 
3 3342 3349 3350 
3 3343 3670 3671 
1 3343 
3 3306 3352 3611 
3 3345 3585 3594 
3 3345 3596 3624 
1 3232 
3 3232 3348 3610 
1 1384 
3 3292 3361 3362 
1 3292 
2 1346 3361 
3 3359 3367 3368 
2 3371 3372 
3 3293 3357 3367 
1 3293 
3 3354 3356 3370 
1 3354 
3 1310 3461 3789 
1 1350 
1 1347 
1 1351 
3 3357 3359 3369 
1 3357 
3 3035 3367 3777 
1 3361 
3 1106 3358 3382 
1 3358 
3 1348 3374 3375 
1 3373 
4 3373 3377 3378 3379 
3 1348 3380 3381 
3 3375 3397 3398 
1 3375 
2 3375 3400 
1 3376 
1 3376 
1 3371 
1 1106 
3 3385 3386 3387 
3 3384 3388 3389 
1 3384 
4 3384 3390 3391 3392 
3 3385 3393 3394 
3 3385 3395 3396 
1 3387 
1 3387 
1 3387 
2 3388 4777 
1 3388 
1 3389 
1 3389 
2 3377 3401 
3 3377 3401 3402 
0
2 3379 3749 
3 1338 3397 3398 
1 3398 
1 3446 
2 3476 3482 
2 3406 3407 
3 3405 3408 3409 
3 3405 3410 3411 
3 3406 3412 3413 
3 3406 3414 3415 
4 3407 3416 3417 3418 
1 3407 
1 3408 
2 3408 3414 
2 3409 3413 
1 3409 
3 3410 3419 3420 
1 3410 
1 3410 
3 3416 3421 3422 
1 3416 
1 3419 
1 3419 
3 3424 3425 3426 
3 3423 3427 3428 
1 3423 
3 3423 3429 3430 
4 3424 3431 3432 3433 
3 3424 3434 3435 
1 3426 
1 3426 
1 3427 
1 3427 
1 3427 
1 3428 
1 3428 
3 3437 3438 3439 
1 3436 
1 3436 
4 798 800 1349 3436 
3 492 493 3441 
4 492 3440 3465 3466 
1 798 
0
1 3445 
3 3444 3446 3447 
4 3403 3445 3448 3449 
4 3445 3450 3451 3452 
3 3446 3470 3471 
1 3446 
3 3447 3487 3517 
3 3447 3750 3751 
1 3447 
3 3454 3455 3456 
4 3453 3457 3458 3459 
1 3453 
3 3453 3457 3460 
4 3454 3456 3461 3462 
1 3454 
3 3454 3463 3464 
3 801 3456 3484 
3 3363 3457 3462 
3 3457 3461 3788 
1 3459 
1 3459 
1 3441 
1 3441 
4 493 494 3468 3469 
3 3467 3500 3501 
1 3467 
1 3448 
3 3448 3472 3473 
3 3471 3476 3477 
3 3471 3485 3486 
0
3 3490 3518 3519 
4 3404 3472 3478 3479 
3 3472 3480 3481 
1 3476 
2 3476 3483 
2 3477 3486 
1 3477 
1 3404 
4 3479 3492 3752 3753 
1 3460 
3 2588 3473 3487 
3 3473 3480 3488 
3 3450 3485 3489 
3 3486 3515 3516 
1 3487 
3 2588 3475 3797 
0
2 3483 3495 
2 3498 3499 
2 3496 3497 
1 3492 
3 3494 3758 4050 
1 3494 
3 3493 3804 4044 
1 3493 
1 3468 
3 3468 3502 3503 
3 807 3501 3505 
3 3501 3506 3507 
2 494 3534 
3 3502 3511 3513 
1 3503 
1 3503 
3 3509 3510 3511 
1 3508 
1 3508 
3 3505 3508 3512 
2 4267 3511 
1 3505 
1 807 
1 3488 
1 3488 
1 3450 
2 2587 3475 
1 3475 
3 3122 3521 3522 
1 3520 
1 3520 
2 3524 3525 
2 2587 3523 
3 2568 2614 3523 
1 2568 
3 2614 3529 3530 
2 2615 3546 
3 3527 3538 3539 
2 3527 3541 
3 3304 3558 3790 
1 585 
1 2923 
2 816 3504 
2 480 505 
3 712 1466 3551 
1 712 
2 3529 3543 
1 3529 
0
1 3530 
0
1 3538 
2 1055 3549 
2 3547 3548 
1 3528 
3 3545 4192 4195 
1 3545 
2 3024 3544 
0
3 3536 3552 3553 
3 3551 3573 3574 
3 483 3551 3572 
4 1466 3562 3568 3571 
3 3307 3556 3557 
3 3555 3558 3559 
1 3555 
3 3531 3556 3561 
1 3556 
1 3307 
1 3558 
2 3554 3565 
2 3566 3568 
1 1456 
3 3562 3569 3570 
1 3563 
0
2 3554 3563 
1 3565 
1 3565 
1 3554 
3 3553 3581 3582 
3 482 3552 3575 
1 3552 
2 483 3573 
1 482 
3 481 3579 3580 
1 1055 
3 3577 3657 3669 
1 3577 
3 3572 3583 3584 
1 3572 
3 3581 3590 3591 
3 3581 3592 3593 
3 3349 3594 3596 
1 3657 
2 3631 3634 
2 3636 3681 
2 3637 3646 
1 3583 
1 3583 
4 3584 3637 3638 3639 
1 3584 
4 3308 3349 3585 3595 
1 3594 
3 3350 3585 3598 
0
1 3596 
3 3600 3601 3602 
3 3336 3599 3603 
3 3599 3604 3605 
3 3599 3606 3607 
3 2993 3600 3608 
3 3601 3778 3779 
1 3601 
1 3602 
1 3602 
1 3603 
2 384 3336 
3 3352 3791 3792 
1 3348 
3 3613 3614 3615 
3 3612 3616 3617 
3 3612 3621 3622 
4 3612 3618 3619 3620 
3 1057 3613 3623 
1 3613 
3 3615 4243 4246 
2 3615 3727 
1 3615 
2 3614 3626 
1 3614 
1 3616 
1 3350 
0
2 3621 3629 
2 3722 3723 
1 3636 
1 3626 
3 3631 3632 3633 
4 3587 3630 3634 3635 
1 3630 
1 3630 
2 3587 3631 
2 3013 3631 
3 3588 3628 3763 
4 3589 3592 3640 3641 
3 3592 3642 3643 
3 3592 3644 3645 
1 3637 
1 3637 
3 3638 3678 3682 
1 3638 
3 3639 3681 3691 
1 3639 
1 3589 
0
2 3651 3652 
2 3653 3654 
2 3653 3670 
3 3648 3660 3773 
1 3648 
3 3649 3650 3676 
1 3649 
4 3656 3657 3658 3659 
4 3655 3660 3661 3662 
3 3579 3586 3655 
4 73 3655 3665 3666 
3 3655 3663 3664 
3 3651 3656 3667 
2 3656 3668 
1 3656 
4 3659 3700 3701 3702 
3 3659 3703 3704 
3 3658 3677 3678 
1 3658 
1 3660 
4 3661 3702 3737 3742 
1 3579 
3 3346 3650 3672 
2 3346 3674 
3 3670 3675 3676 
0
1 3671 
3 3672 3693 3698 
3 3653 3672 3698 
4 3665 3678 3679 3680 
4 3642 3665 3677 3681 
1 3677 
1 3677 
4 3588 3644 3678 3683 
1 3642 
3 3681 3684 3687 
2 3683 3685 
2 3684 3686 
1 3685 
4 3683 3688 3689 3690 
1 3687 
1 3687 
1 3687 
1 3644 
2 3693 3694 
3 3675 3692 3695 
3 3692 3696 3697 
3 3693 3698 3699 
3 3694 3712 3713 
3 288 3694 3715 
4 3675 3676 3695 3764 
1 3695 
3 3663 3705 3706 
1 3663 
3 3663 3668 3711 
3 3664 3742 3772 
1 3664 
3 3700 3707 3708 
3 3700 3709 3710 
1 3705 
1 3705 
2 3706 3711 
1 3706 
2 3702 3709 
3 3286 3696 3719 
4 3696 3716 3717 3718 
2 3735 3736 
1 3697 
1 3713 
3 3288 3713 3769 
1 3713 
1 3712 
3 3286 3288 3721 
1 3720 
1 3627 
4 3627 3724 3725 3726 
2 3723 4787 
2 3723 3768 
1 3723 
3 3619 4278 4360 
3 3007 3729 3730 
1 3728 
3 3002 3728 3732 
4 3007 3008 3733 3734 
2 3002 3730 
1 3731 
1 3731 
3 3714 3737 3738 
1 3714 
3 3668 3735 3739 
3 3735 3740 3741 
1 3737 
1 3738 
1 3738 
3 3668 3703 3771 
3 1305 1337 3744 
2 3743 3746 
2 1305 3746 
3 2020 3744 3745 
1 1325 
1 2956 
1 3400 
2 3451 3751 
2 3451 3750 
3 3483 3806 3807 
3 3483 3808 3809 
3 2586 3755 3756 
3 3754 3758 3759 
1 3754 
0
3 3496 3755 4052 
1 3755 
1 810 
1 810 
2 2593 4174 
4 3636 3766 3767 3768 
2 3698 3765 
1 3764 
1 3763 
4 3763 3774 3775 3776 
3 3725 3763 3774 
1 3717 
1 3284 
1 3742 
1 3703 
1 3651 
2 3767 3768 
1 3767 
1 3767 
1 3369 
1 3604 
1 3604 
5 3337 3782 3783 3784 3785 
4 2158 3337 3786 3787 
3 2142 3780 3785 
1 3780 
1 3780 
2 3780 3782 
1 3781 
1 3781 
1 3462 
1 3363 
1 3531 
1 3610 
1 3610 
1 508 
1 508 
1 815 
1 815 
1 3490 
3 3799 3800 3801 
1 3798 
2 3798 3803 
3 3798 3804 3805 
0
1 3800 
3 3498 3801 4045 
1 3801 
3 3752 3917 3975 
3 3752 3976 3977 
3 3753 3961 3964 
2 3753 4026 
4 2633 1946 3812 3813 
0
1 3810 
3 3810 3820 3836 
0
2 2095 3825 
1 2026 
3 1999 2026 3818 
1 3817 
2 3829 3830 
3 3813 3835 3836 
3 767 1579 3922 
1 2060 
2 3923 3924 
0
3 2462 3815 4435 
1 1999 
2 3840 3841 
2 2029 3840 
4 2061 3819 3833 3834 
3 3819 3831 3832 
3 3830 3868 3869 
3 3830 3838 3867 
1 3829 
3 3829 3838 3839 
3 3820 3868 3894 
4 3813 3820 3852 4328 
0
2 3832 3834 
2 3834 4008 
5 2612 3827 3828 3842 3843 
3 3827 3844 3845 
3 3840 3915 3918 
1 3840 
3 3841 3863 4131 
1 3841 
2 3848 3849 
0
3 3846 3853 3854 
2 3846 3855 
3 3852 3857 3858 
2 3857 3859 
3 3836 3850 3860 
1 3848 
3 3848 3855 3866 
3 3849 3854 3870 
0
4 3850 3851 3859 3949 
3 3850 4326 4327 
3 3851 3857 3945 
1 3852 
1 3862 
3 3861 3863 3864 
3 3844 3862 3865 
1 3862 
2 4814 3863 
3 3854 3873 3874 
1 3832 
3 3831 3835 3893 
1 3831 
4 3855 3897 3898 3899 
1 3909 
3 3899 3909 3946 
1 3866 
1 3866 
3 3876 3877 3878 
3 3875 3879 3880 
3 3875 3881 3882 
2 3875 3884 
3 3876 3882 3885 
1 3876 
1 3877 
4 3877 3879 3889 3890 
0
1 3878 
3 3879 3889 4320 
1 4343 
1 4342 
0
4 3882 3885 4323 4345 
1 3882 
2 3961 3963 
2 4017 4096 
3 3868 3895 3896 
1 3835 
3 3893 3968 4005 
1 3893 
3 3870 3898 3912 
4 3870 3897 3913 3914 
3 3870 3872 3909 
3 3901 3902 3903 
2 3900 3905 
3 3900 3907 3908 
2 3900 3906 
0
1 3901 
3 3903 3911 4019 
2 3902 4004 
2 3902 4019 
3 3871 3872 3899 
2 3947 3948 
2 3906 3948 
1 3897 
3 3898 3927 3928 
3 3898 3929 3931 
3 3842 3916 3917 
1 3915 
3 3806 3915 3919 
1 3842 
1 3917 
0
2 3925 3926 
1 3821 
2 3823 4437 
2 3823 4451 
3 3921 3998 4001 
1 3921 
2 3913 3932 
2 3913 3933 
3 3914 3931 3950 
0
3 3914 3929 3951 
2 3927 3934 
1 3928 
2 3932 3952 
3 3936 3937 3938 
3 3935 3938 3939 
3 3935 3942 3943 
4 3935 3936 3940 3941 
1 3936 
1 3938 
3 3938 3981 4476 
3 3937 3953 3954 
1 3937 
0
2 3859 3949 
1 3872 
2 3910 3990 
2 3910 3911 
3 3857 3945 4317 
1 3929 
2 3931 3958 
3 3934 3968 3969 
3 3942 3956 3957 
2 3942 3955 
3 3954 3970 3974 
3 3953 3970 3971 
1 3953 
2 3951 3959 
2 3958 3960 
1 3959 
3 3808 3891 3962 
3 3961 3965 3966 
1 3891 
2 3808 3967 
3 3962 4010 4011 
3 3962 4020 4021 
1 3964 
3 3895 3952 4004 
1 3952 
3 3955 3956 3973 
2 3956 3972 
3 3971 3979 3982 
1 3970 
1 3955 
1 3806 
2 3807 3978 
1 3807 
1 3976 
3 3972 3980 3981 
3 3979 3983 3984 
4 298 3941 3979 3985 
1 3972 
3 3980 3986 3987 
1 3980 
2 3981 4023 
1 3983 
1 3983 
1 3989 
3 3988 3990 3991 
3 3947 3989 3993 
2 3989 3992 
2 3991 4013 
2 3990 4018 
2 3995 3996 
2 3994 3997 
3 3994 3998 3999 
1 3995 
3 3925 3996 4000 
1 3996 
3 3998 4002 4003 
1 3925 
1 4000 
2 4000 4075 
3 3907 3968 4006 
1 3895 
3 4004 4008 4009 
0
2 3839 4006 
3 4006 4048 4049 
1 3965 
1 3965 
2 4018 4019 
2 3992 4015 
1 4017 
4 4013 4017 4022 4023 
0
4 3892 4014 4015 4025 
2 3993 4012 
3 3906 3908 4012 
3 3966 4031 4032 
1 3966 
1 4015 
3 3985 4015 4024 
1 4023 
4 4017 4128 4129 4132 
3 3809 4027 4028 
2 4026 4029 
2 4026 4030 
1 4027 
1 4028 
2 4020 4036 
3 4020 4033 4034 
3 4032 4038 4040 
1 4032 
0
1 4031 
0
2 4033 4040 
2 4041 4042 
3 4033 4038 4043 
3 4039 4057 4063 
1 4039 
1 4040 
3 3498 4046 4047 
1 3804 
3 4044 4051 4056 
1 4044 
2 4009 4116 
1 4009 
3 3496 4051 4052 
4 4046 4050 4054 4055 
3 3758 4050 4061 
0
3 4051 4057 4058 
3 4051 4059 4060 
1 4046 
3 4041 4054 4062 
3 4054 4068 4069 
2 4055 4066 
1 4055 
1 4052 
3 4057 4064 4065 
2 4536 4041 
3 4062 4066 4067 
1 4062 
2 4059 4064 
1 4064 
3 4058 4069 4101 
4 4058 4068 4106 4107 
3 4071 4072 4073 
3 4070 4074 4075 
3 4070 4076 4077 
3 4070 4078 4079 
4 4071 4076 4081 4082 
3 4003 4071 4080 
4 4072 4074 4083 4084 
1 4072 
2 4073 4352 
1 4073 
1 4075 
1 4074 
1 4074 
3 4076 4347 4348 
3 4076 4122 4349 
4 4086 4087 4088 4089 
3 4085 4087 4090 
3 4085 4086 4092 
3 4085 4093 4094 
3 4085 4090 4095 
3 4086 4089 4098 
0
1 4087 
3 4088 4409 4410 
3 4088 4140 4411 
1 4089 
1 3892 
1 2826 
2 4090 4106 
1 4110 
0 
3 4068 4102 4103 
2 4101 4105 
1 4101 
0
1 4102 
3 4069 4098 4353 
1 4069 
1 4215 
1 4110 
3 4099 4109 4113 
0
1 4117 
4 4530 4110 4125 4126 
2 4145 4146 
1 94 
1 4048 
2 4112 4124 
3 4119 4120 4121 
2 4118 4122 
2 4118 4123 
3 4118 4123 4124 
2 4084 4119 
2 4120 4121 
4 4117 4121 4162 4346 
3 4113 4128 4129 
1 4113 
0
3 4025 4125 4129 
4 4025 4125 4128 4135 
0
2 2020 3844 
3 4025 4133 4134 
1 4132 
1 4132 
1 4129 
3 4137 4138 4139 
3 4136 4140 4141 
1 4136 
3 4136 4142 4143 
3 4094 4137 4144 
1 4137 
2 4139 4153 
1 4139 
1 4140 
2 4114 4152 
2 4114 4148 
0
3 4146 4158 4159 
3 979 4206 4268 
2 4154 4155 
2 4206 4267 
1 4145 
3 4142 4156 4157 
3 4150 4202 4205 
1 4150 
1 4153 
1 4153 
3 4148 4162 4163 
1 4148 
2 4190 4201 
3 4238 4259 4268 
3 4124 4158 4355 
1 4158 
3 4165 4166 4167 
3 4164 4168 4169 
3 4164 4170 4171 
2 4164 4173 
2 4165 4177 
3 4165 4174 4175 
1 4166 
1 4166 
0
1 4167 
2 3762 4169 
2 4745 4169 
0
4 4168 4194 4221 4228 
3 4179 4180 4181 
3 4178 4182 4183 
3 4178 4184 4185 
3 4178 4186 4187 
1 4179 
1 4179 
3 4180 4188 4189 
3 4180 4190 4191 
3 4181 4544 4548 
1 4181 
1 4184 
1 4184 
3 4160 4185 4191 
4 4185 4190 4199 4200 
3 3547 4193 4194 
3 4192 4197 4198 
3 4177 4192 4196 
2 1517 3547 
1 4194 
3 4193 4226 4232 
3 4193 4235 4236 
2 4191 4200 
3 4191 4199 4211 
1 4160 
3 4154 4203 4204 
1 4202 
4 2233 4202 4206 4207 
3 4154 4208 4209 
4 4149 4151 4204 4263 
3 4204 4264 4269 
1 4205 
1 4205 
0
1 4200 
2 4213 4214 
2 4212 4216 
2 4212 4217 
2 4108 4218 
3 4213 4219 4220 
2 4214 4242 
3 2233 4215 4354 
3 4216 4251 4402 
3 4216 4230 4231 
3 4177 4226 4227 
3 2525 4224 4225 
1 2525 
1 4222 
1 4222 
3 4197 4221 4229 
1 4221 
1 4177 
1 4226 
3 4220 4251 4368 
1 4220 
3 4197 4233 4234 
3 4232 4243 4245 
1 4232 
1 4198 
1 4198 
2 4255 4256 
2 4161 4259 
2 4260 4262 
1 4241 
2 4240 4242 
2 4217 4241 
3 3618 4233 4244 
3 4243 4247 4248 
1 4233 
1 3618 
1 4244 
2 4244 4280 
3 2230 4251 4252 
2 2230 4254 
3 4219 4230 4249 
1 4249 
0
1 4250 
1 4237 
3 4237 4257 4258 
1 4256 
3 4256 4419 4420 
4 4161 4238 4358 4359 
3 4239 4644 4650 
0
3 4239 4579 4582 
3 4206 4264 4265 
3 4207 4263 4265 
3 4263 4264 4266 
3 4265 4282 4283 
2 3512 4151 
3 4149 4161 4356 
3 4207 4270 4271 
2 2234 4269 
1 4269 
2 4273 4274 
3 4272 4275 4276 
2 4272 4277 
3 4273 4278 4279 
1 4273 
3 4274 4280 4281 
4 3727 4275 4300 4307 
1 4275 
3 4248 4277 4284 
1 4277 
2 4266 4285 
3 4266 4287 4288 
1 4280 
2 4282 4286 
1 4285 
1 4283 
3 4283 4289 4290 
1 4288 
4 4288 4416 4417 4418 
3 4292 4293 4294 
1 4291 
1 4291 
3 4291 4295 4296 
1 4294 
3 4294 4297 4298 
1 4296 
2 4451 4296 
3 4300 4301 4302 
3 4278 4299 4303 
2 4299 4304 
3 4299 4305 4306 
2 3169 4300 
1 4301 
3 4302 4309 4312 
1 4302 
1 4278 
3 4365 4366 4367 
3 4305 4310 4311 
2 4309 4313 
3 4309 4314 4315 
1 4305 
2 4310 4316 
1 4311 
3 4311 4369 4401 
1 4313 
4 3949 4318 4319 4320 
3 4317 4321 4322 
1 4317 
3 3885 4317 4323 
3 4318 4324 4325 
1 4318 
2 3889 4320 
2 1917 4321 
1 4321 
1 3858 
1 3858 
1 3836 
3 4330 4331 4332 
3 4329 4333 4334 
1 4329 
4 4329 4335 4336 4337 
5 4330 4338 4339 4340 4341 
1 4330 
1 4332 
2 1393 4332 
1 4332 
1 4333 
1 4333 
1 4333 
1 4333 
2 3887 4343 
3 3886 4342 4344 
2 2101 4343 
1 3889 
1 4124 
3 4083 4350 4351 
1 4083 
4 4084 4488 4493 4494 
3 4347 4489 4495 
1 4347 
1 4078 
1 4106 
1 4218 
1 4162 
1 4268 
2 2234 4363 
5 1137 4259 4376 4377 4378 
4 4259 4379 4380 4381 
3 3727 4401 4787 
1 4362 
4 2235 4361 4363 4364 
3 2235 4357 4362 
1 4362 
4 4308 4371 4372 4373 
3 4308 4369 4370 
3 4308 4374 4375 
1 4230 
3 4315 4366 4401 
1 4366 
2 4365 4372 
2 4365 4371 
1 4365 
1 4367 
1 4367 
1 4358 
1 4358 
1 4358 
1 4359 
1 4359 
1 4359 
1 4383 
3 4382 4384 4385 
3 4383 4389 4390 
4 4383 4386 4387 4388 
1 4385 
1 4385 
1 4385 
1 4384 
1 4384 
3 4392 4393 4394 
3 4391 4395 4396 
1 4391 
3 4391 4397 4398 
3 4392 4396 4399 
3 4392 4395 4400 
3 4394 4403 4404 
3 4394 4407 4408 
1 4395 
1 4396 
3 4315 4360 4369 
1 4219 
1 4397 
3 4397 4405 4406 
2 4404 4686 
3 4404 4535 4688 
1 4398 
2 2189 4398 
3 4093 4412 4413 
3 4093 4414 4415 
1 4094 
2 4409 4414 
1 4409 
2 4410 4412 
1 4410 
2 4290 4418 
1 4290 
2 4290 4416 
3 4258 4671 4672 
1 4258 
0
1 2467 
2 4425 4426 
1 4427 
3 4423 4430 4432 
2 4423 4429 
4 2461 4424 4736 4737 
0
3 4426 4481 4734 
2 4425 4444 
0
1 4425 
2 4434 4438 
1 4433 
1 3825 
0
3 3923 4443 4450 
3 3144 4433 4737 
1 2462 
0
2 4444 4445 
0 
2 4437 4446 
2 4430 4441 
2 4441 4447 
3 4443 4448 4449 
2 4445 4479 
1 4446 
3 4446 4452 4453 
1 4437 
2 4298 3924 
3 4449 4456 4457 
3 4449 4454 4455 
1 4453 
3 4453 4460 4461 
3 4452 4458 4459 
1 4452 
1 4456 
1 4456 
2 4455 4472 
2 4455 4479 
2 4463 4464 
3 4462 4464 4465 
4 4462 4463 4466 4467 
2 4463 4468 
3 4464 4499 4500 
2 4464 4486 
4 4465 4496 4497 4498 
2 4470 4471 
3 4469 4471 4472 
3 4469 4470 4473 
4 4460 4470 4474 4475 
1 4471 
3 4472 4481 4482 
2 4472 4480 
1 3941 
0
2 4483 4484 
2 4447 4461 
4 4475 4484 4488 4491 
2 4429 4474 
2 4474 4497 
1 4478 
3 4478 4480 4485 
1 4484 
3 4467 4487 4488 
1 4486 
4 4349 4480 4486 4489 
3 4350 4488 4492 
0
1 4480 
1 4489 
4 4349 4525 4544 4545 
2 4349 4524 
1 4350 
4 354 4468 4513 4742 
2 4468 4482 
3 4468 4742 4763 
1 4466 
2 4466 4501 
2 4500 4513 
2 4520 4521 
3 4504 4505 4506 
3 4503 4507 4508 
3 1882 4503 4509 
3 4503 4510 4511 
1 4504 
1 4504 
1 4505 
3 4506 4514 4515 
1 4506 
2 357 4552 
2 4496 4501 
3 4510 4516 4517 
3 4510 4518 4519 
1 4514 
1 4514 
3 4515 4527 4528 
4 4515 4529 4530 4531 
1 4502 
3 4502 4522 4523 
1 4521 
3 4521 4525 4526 
1 4494 
3 4493 4523 4546 
1 4523 
1 4518 
3 356 4518 4532 
1 4519 
3 4113 903 4519 
1 4519 
1 4528 
2 4534 4535 
3 4533 4536 4537 
3 4406 4533 4538 
4 4063 4534 4541 4542 
3 4534 4539 4540 
2 4535 4541 
3 4537 4540 4564 
2 4537 4539 
2 4536 4538 
1 4536 
1 356 
3 4186 4493 4545 
3 4493 4544 4547 
1 4525 
3 4545 4549 4550 
1 4186 
3 4547 4579 4581 
1 4547 
3 357 4553 4554 
1 4512 
4 4551 4555 4556 4557 
3 4551 4556 4558 
1 4553 
3 4553 4554 4559 
2 4553 4561 
1 4554 
3 4556 4568 4569 
0
1 4557 
4 565 4563 4565 4566 
2 4562 4565 
1 4539 
2 4562 4563 
1 4562 
1 568 
4 4559 4587 4589 4590 
1 4559 
2 4571 4572 
3 4570 4575 4576 
3 4570 4573 4574 
3 4572 4577 4578 
1 4572 
2 4571 4576 
2 4571 4575 
3 4573 4579 4580 
1 4573 
3 4262 4549 4577 
1 4577 
1 4549 
1 4262 
3 4584 4585 4586 
1 4583 
1 4583 
3 4583 4587 4588 
3 4568 4586 4591 
1 4586 
3 4568 4592 4593 
1 4568 
1 4587 
1 4589 
3 4589 4596 4597 
1 4625 
2 4620 4622 
3 4593 4598 4599 
1 4593 
3 4596 4600 4601 
2 4596 4602 
1 4598 
1 4598 
2 4599 4603 
2 4602 4620 
0
3 4606 4607 4608 
2 4605 4609 
3 4605 4610 4611 
3 4605 4612 4613 
2 4606 4614 
2 4607 4615 
1 4607 
2 4608 4614 
3 4608 4616 4617 
2 4609 4612 
4 4610 4632 4636 4637 
1 4613 
3 4613 4623 4624 
0
1 4620 
3 4595 4603 4619 
0
4 4595 4646 4712 4713 
1 4617 
3 4617 4634 4635 
2 4594 4626 
3 4625 4627 4628 
4 4626 4644 4645 4646 
1 4626 
3 4630 4631 4632 
1 4629 
1 4629 
3 4615 4629 4633 
3 4632 4638 4639 
3 4624 4638 4667 
1 4624 
2 4615 4640 
4 4615 4641 4642 4643 
3 4633 4634 4670 
2 4633 4674 
3 4636 4748 4749 
1 4637 
2 4637 4743 
2 4637 4792 
3 4260 4627 4647 
1 4627 
4 4622 4627 4648 4649 
1 4644 
3 4646 4672 4709 
1 4646 
3 4260 4678 4679 
2 4653 4654 
0
1 4651 
3 4651 4658 4659 
2 4660 4661 
3 4664 4665 4666 
2 4662 4663 
1 4654 
2 4654 4661 
3 4655 4720 4721 
4 4655 4659 4722 4723 
2 4657 4665 
1 4657 
3 4656 4720 4776 
2 4656 4662 
2 2722 4656 
3 4634 4668 4669 
2 4667 4676 
3 4667 4674 4675 
1 4638 
1 4419 
3 4419 4648 4673 
3 4672 4709 4710 
3 4639 4669 4682 
2 4669 4680 
1 4668 
0
3 4650 4683 4684 
1 4650 
3 4675 4718 4719 
2 4712 4716 
2 4674 4685 
1 4678 
1 4678 
2 4682 4719 
2 4405 4687 
3 556 4686 4688 
2 4406 4687 
3 4690 4691 4692 
1 4689 
3 4689 4695 4696 
3 4689 4693 4694 
1 4692 
1 4692 
1 4691 
1 4691 
3 4698 4699 4700 
3 4697 4701 4702 
1 4697 
3 4697 4703 4704 
3 4698 4705 4706 
3 4698 4707 4708 
1 4700 
1 4700 
1 4701 
1 4701 
1 4702 
1 4702 
3 4648 4673 4711 
3 4673 4724 4725 
3 4709 4726 4727 
3 4622 4681 4714 
1 4622 
4 4712 4715 4716 4717 
2 4714 4750 
4 4681 4714 4751 4752 
3 4714 4753 4754 
3 4680 4728 4729 
4 4680 4685 4728 4730 
3 4660 4664 4723 
2 4660 4776 
1 4661 
4 4661 4720 4777 4778 
1 4710 
4 4710 4788 4789 4790 
1 4711 
1 4711 
4 4718 4719 4729 4730 
4 4718 4728 4731 4732 
2 4719 4728 
2 4729 4751 
2 4729 4751 
1 4735 
2 4429 4735 
3 2431 4733 4734 
3 2461 4427 4738 
3 4427 4438 4738 
2 4736 4737 
4 354 4755 4756 4757 
1 355 
1 355 
4 4496 4498 4761 4762 
3 4642 4746 4747 
2 353 4745 
3 4175 353 4744 
1 4743 
1 4743 
2 4640 4791 
4 4640 4792 4793 4794 
1 4715 
4 4716 4731 4732 4758 
3 4716 4759 4760 
1 4717 
1 4717 
1 4739 
1 4739 
1 4739 
2 4751 4759 
3 4752 4758 4760 
2 4752 4759 
1 4742 
1 4742 
1 4498 
3 4765 4766 4767 
3 4764 4768 4769 
3 4764 4770 4771 
3 4764 4772 4773 
3 4765 4774 4775 
1 4765 
1 4766 
1 4766 
1 4767 
1 4767 
1 4768 
1 4768 
2 4664 4721 
3 3393 4723 4778 
2 4723 4777 
3 4780 4781 4782 
3 4779 4783 4784 
3 4779 4785 4786 
1 4779 
3 4780 4785 4787 
1 4780 
2 4781 4783 
1 4781 
3 3724 4360 4783 
1 4725 
1 4725 
1 4725 
2 4748 4795 
2 4643 4749 
1 4749 
1 4749 
1 4791 
1 2831 
3 2831 4798 4799 
1 4797 
3 4797 4804 4805 
1 2832 
3 2830 2875 4819 
1 2123 
3 4830 4833 4838 
3 2875 4799 4806 
2 2875 4799 
2 4804 4807 
1 4806 
3 4809 4810 4811 
3 4808 4812 4813 
1 4808 
3 4808 4814 4815 
3 4809 4816 4817 
2 4809 4818 
2 3865 4811 
1 4811 
1 4812 
1 4812 
1 4813 
3 4801 4820 4821 
3 2814 4819 4842 
2 4819 4981 
2 4823 4824 
2 4822 4824 
2 4822 4823 
0
2 4923 4925 
2 4925 4926 
1 4927 
1 4830 
3 4803 4829 4833 
0
1 4836 
4 4803 4830 4835 4837 
2 2175 4845 
1 4833 
2 4832 4853 
1 4833 
3 4803 4839 4841 
3 4838 4840 4841 
2 4839 4842 
3 4838 4839 4843 
3 4820 4840 4843 
3 4841 4842 4844 
2 4843 4863 
2 4834 4847 
4 2175 4857 4858 4859 
2 4845 4871 
0
2 2176 4850 
2 4849 4851 
3 2176 4850 4853 
2 2156 4856 
3 2165 4836 4851 
3 2155 2165 4855 
2 2155 4854 
2 4852 4916 
2 4846 4887 
3 4846 4891 4892 
1 4846 
0
2 4865 4866 
0
1 4844 
0
3 4861 4869 4884 
2 4861 4868 
2 4877 4884 
1 4866 
2 4865 4885 
1 4908 
2 4847 4887 
3 4873 4874 4875 
3 4872 4876 4877 
3 4872 4878 4879 
3 4872 4880 4881 
4 4873 4877 4882 4883 
3 4867 4873 4876 
3 4874 4879 4884 
2 4874 4878 
3 4875 4907 4936 
1 4875 
3 2876 4876 4982 
1 4876 
3 4865 4867 4878 
3 4869 4907 4908 
0
3 4857 4871 4889 
0
2 4887 4910 
1 4898 
1 4858 
3 4858 4896 4993 
2 2173 4894 
2 2177 4893 
0
1 4892 
0
2 4890 4902 
2 4902 4903 
2 2174 4904 
0
3 4898 4899 4919 
3 4899 4911 4912 
3 4900 4905 4913 
1 4904 
0 
3 4880 4885 4936 
2 4870 4885 
0
3 4889 4934 4935 
3 4903 4913 4914 
2 4903 4915 
3 4904 4911 4916 
3 4911 4917 4918 
3 4912 4949 4950 
2 4856 4913 
2 4914 4952 
1 4914 
3 4902 4920 4921 
2 4919 4923 
2 4919 4924 
0
2 4826 4920 
2 4921 4926 
2 4826 4827 
3 4827 4924 4928 
2 4828 4928 
3 4926 4927 4929 
4 4928 4930 4931 4932 
2 4929 4933 
1 4929 
3 4929 4939 4941 
4 3228 4930 4939 4940 
2 4910 4942 
2 4910 4943 
2 4880 4907 
0
2 4944 4945 
3 4932 4933 4946 
1 4933 
1 4932 
1 4934 
2 4935 4947 
2 4938 4987 
2 4938 4957 
2 4939 4947 
4 4943 4946 4954 4956 
0
1 4915 
2 4915 4952 
0
2 4917 4950 
3 4958 4959 4960 
2 4947 4957 
1 4968 
1 4947 
3 4945 4954 4963 
3 4953 4961 4962 
3 4953 4963 4964 
4 4953 4965 4966 4967 
3 4958 4968 4969 
3 4958 4969 4970 
2 4957 4959 
1 4959 
1 4960 
1 4960 
1 4960 
2 4955 4961 
3 4961 4962 4989 
3 4962 4994 4998 
1 606 
3 2877 2883 4973 
4 2877 4972 4974 4975 
2 4973 4977 
1 4973 
2 2882 2883 
3 4974 4978 4979 
2 3312 4977 
1 4977 
1 2135 
1 4821 
2 4882 4983 
2 4982 4984 
2 4983 4985 
2 4984 4986 
2 4985 4987 
2 4944 4986 
3 4990 4991 4992 
4 4969 4990 4994 4995 
3 4988 4989 4996 
2 4988 4992 
2 4988 4991 
1 4892 
4 4970 4989 4997 4998 
3 4989 4997 4999 
1 4990 
2 4994 4995 
2 4970 4994 
1 4995 
